UNITS MIL,10000;
EDIT proj;
ADD P1 :W0.000000  -9.8425,27.5591 -9.8425,-59.0551 68.8977,-59.0551 68.8977,59.0551 0.0000,59.0551 0.0000,27.5591;
ADD P1 :W0.000000  -9.8425,-59.0551 -9.8425,-177.1653 68.8977,-177.1653 68.8977,-59.0551;
ADD P1 :W0.000000  68.8977,-59.0551 108.2678,-59.0551 108.2678,59.0551 68.8977,59.0551;
ADD P1 :W0.000000  108.2678,-49.2126 935.0395,-49.2126 935.0395,49.2126 108.2678,49.2126;
ADD P1 :W0.000000  994.0946,-33.4646 1190.9450,-33.4646 1190.9450,33.4646 994.0946,33.4646;
ADD P1 :W0.000000  0.0000,767.7165 0.0000,59.0551 59.0552,59.0551 59.0552,767.7165;
ADD P1 :W0.000000  88.5827,797.2440 88.5828,797.2440 88.5828,856.2992 88.5827,856.2992 80.8622,855.9621 73.2005,854.9534 65.6558,853.2808 58.2856,850.9570 51.1460,847.9997 44.2913,844.4314 37.7738,840.2792 31.6428,835.5748 25.9453,830.3539 20.7244,824.6564 16.0200,818.5254 11.8678,812.0079 8.2995,805.1532 5.3422,798.0136 3.0184,790.6434 1.3458,783.0987 0.3371,775.4370 0.0000,767.7165 0.0000,767.7164 59.0551,767.7164 59.0551,767.7165 59.1675,770.2900 59.5037,772.8439 60.0612,775.3588 60.8358,777.8155 61.8216,780.1954 63.0110,782.4803 64.3951,784.6528 65.9632,786.6965 67.7035,788.5957 69.6027,790.3360 71.6464,791.9041 73.8189,793.2882 76.1038,794.4776 78.4837,795.4634 80.9404,796.2380 83.4553,796.7955 86.0092,797.1317 88.5827,797.2441;
ADD P1 :W0.000000  561.0236,856.2992 88.5827,856.2992 88.5827,797.2440 561.0236,797.2440;
ADD P1 :W0.000000  608.2677,767.7165 608.2677,885.8267 561.0236,885.8267 561.0236,767.7165;
ADD P1 :W0.000000  687.0079,885.8267 608.2677,885.8267 608.2677,767.7165 687.0079,767.7165;
ADD P1 :W0.000000  734.2520,767.7165 734.2520,885.8267 687.0079,885.8267 687.0079,767.7165;
ADD P1 :W0.000000  852.3622,885.8267 734.2520,885.8267 734.2520,767.7165 852.3622,767.7165;
ADD P1 :W0.000000  -324.8031,-27.5591 -9.8425,-27.5591 -9.8425,27.5591 -324.8031,27.5591;
ADD P1 :W0.000000  -659.4488,-196.8504 -580.7086,-196.8504 -580.7086,196.8504 -659.4488,196.8504;
ADD P1 :W0.000000  -718.5039,-33.4646 -718.5039,78.7402 -777.5590,78.7402 -777.5590,-78.7402 -748.0315,-78.7402 -748.0315,-33.4646;
ADD P1 :W0.000000  -718.5039,78.7402 -718.5039,669.2914 -777.5591,669.2914 -777.5591,78.7402;
ADD P1 :W0.000000  -777.5591,669.2914 -777.5591,669.2913 -718.5039,669.2913 -718.5039,669.2914 -718.8410,677.0119 -719.8497,684.6736 -721.5223,692.2183 -723.8461,699.5885 -726.8034,706.7281 -730.3717,713.5828 -734.5239,720.1003 -739.2283,726.2313 -744.4492,731.9288 -750.1467,737.1497 -756.2777,741.8541 -762.7952,746.0063 -769.6499,749.5746 -776.7895,752.5319 -784.1597,754.8557 -791.7044,756.5283 -799.3661,757.5370 -807.0866,757.8741 -807.0867,757.8741 -807.0867,698.8190 -807.0866,698.8190 -804.5131,698.7066 -801.9592,698.3704 -799.4443,697.8129 -796.9876,697.0383 -794.6077,696.0525 -792.3228,694.8631 -790.1503,693.4790 -788.1066,691.9109 -786.2074,690.1706 -784.4671,688.2714 -782.8990,686.2277 -781.5149,684.0552 -780.3255,681.7703 -779.3397,679.3904 -778.5651,676.9337 -778.0076,674.4188 -777.6714,671.8649 -777.5590,669.2914;
ADD P1 :W0.000000  -807.0866,757.8741 -1003.9370,757.8741 -1003.9370,698.8189 -807.0866,698.8189;
ADD P1 :W0.000000  -1110.2362,767.7166 -1110.2362,688.9764 -1062.9921,688.9764 -1062.9921,767.7166;
ADD P1 :W0.000000  -1110.2362,767.7166 -1188.9764,767.7166 -1188.9764,688.9764 -1110.2362,688.9764;
ADD P1 :W0.000000  -1236.2205,767.7166 -1236.2205,688.9764 -1188.9764,688.9764 -1188.9764,767.7166;
ADD P1 :W0.000000  -1236.2205,767.7166 -1314.9607,767.7166 -1314.9607,688.9764 -1236.2205,688.9764;
ADD P1 :W0.000000  -895.6692,-78.7402 -777.5590,-78.7402 -777.5590,78.7402 -895.6692,78.7402;
ADD P1 :W0.000000  -974.4094,78.7402 -974.4094,-78.7402 -895.6692,-78.7402 -895.6692,78.7402;
ADD P1 :W0.000000  -1486.2204,-78.7402 -974.4094,-78.7402 -974.4094,78.7402 -1486.2204,78.7402;
ADD P1 :W0.000000  -1742.1259,-33.4646 -1545.2755,-33.4646 -1545.2755,33.4646 -1742.1259,33.4646;
ADD P1 :W0.000000  -974.4094,-78.7402 -974.4094,-314.9607 -895.6692,-314.9607 -895.6692,-78.7402;
ADD P1 :W0.000000  561.6300,951.1500 763.2572,951.1500 763.2572,1073.8300 561.6300,1073.8300;
  BEGIN_ASSOC
    ADD N1 :F1.000000 :R0 :T12345 'net=P22' 0.00, 0.00;
  END_ASSOC
ADD P1 :W0.000000  -1250.0000,500.0000 -1048.3728,500.0000 -1048.3728,622.6800 -1250.0000,622.6800;
  BEGIN_ASSOC
    ADD N1 :F1.000000 :R0 :T12345 'net=P17' 0.00, 0.00;
  END_ASSOC
ADD P5 :W0.000000  685.9198,980.6175 685.8448,982.3345 685.6205,984.0384 685.2485,985.7162 684.7317,987.3553 684.0741,988.9431 683.2805,990.4675 682.3571,991.9170 681.3109,993.2804 680.1498,994.5475 678.8827,995.7086 677.5193,996.7548 676.0698,997.6782 674.5454,998.4718 672.9576,999.1294 671.3185,999.6462 669.6407,1000.0182 667.9368,1000.2425 666.2198,1000.3175 664.5028,1000.2425 662.7989,1000.0182 661.1211,999.6462 659.4820,999.1294 657.8942,998.4718 656.3698,997.6782 654.9203,996.7548 653.5569,995.7086 652.2898,994.5475 651.1287,993.2804 650.0825,991.9170 649.1591,990.4675 648.3655,988.9431 647.7079,987.3553 647.1911,985.7162 646.8191,984.0384 646.5948,982.3345 646.5198,980.6175 646.5948,978.9005 646.8191,977.1966 647.1911,975.5188 647.7079,973.8797 648.3655,972.2919 649.1591,970.7675 650.0825,969.3180 651.1287,967.9546 652.2898,966.6875 653.5569,965.5264 654.9203,964.4802 656.3698,963.5568 657.8942,962.7632 659.4820,962.1056 661.1211,961.5888 662.7989,961.2168 664.5028,960.9925 666.2198,960.9175 667.9368,960.9925 669.6407,961.2168 671.3185,961.5888 672.9576,962.1056 674.5454,962.7632 676.0698,963.5568 677.5193,964.4802 678.8827,965.5264 680.1498,966.6875 681.3109,967.9546 682.3571,969.3180 683.2805,970.7675 684.0741,972.2919 684.7317,973.8797 685.2485,975.5188 685.6205,977.1966 685.8448,978.9005 685.9198,980.6175;
  BEGIN_ASSOC
    ADD N5 :F1.000000 :R0 :T12345 'net=P22' 0.00, 0.00;
  END_ASSOC
ADD P5 :W0.000000  621.8422,1043.4675 621.7672,1045.1845 621.5429,1046.8884 621.1709,1048.5662 620.6541,1050.2053 619.9965,1051.7931 619.2029,1053.3175 618.2795,1054.7670 617.2333,1056.1304 616.0722,1057.3975 614.8051,1058.5586 613.4417,1059.6048 611.9922,1060.5282 610.4678,1061.3218 608.8800,1061.9794 607.2409,1062.4962 605.5631,1062.8682 603.8592,1063.0925 602.1422,1063.1675 600.4252,1063.0925 598.7213,1062.8682 597.0435,1062.4962 595.4044,1061.9794 593.8166,1061.3218 592.2922,1060.5282 590.8427,1059.6048 589.4793,1058.5586 588.2122,1057.3975 587.0511,1056.1304 586.0049,1054.7670 585.0815,1053.3175 584.2879,1051.7931 583.6303,1050.2053 583.1135,1048.5662 582.7415,1046.8884 582.5172,1045.1845 582.4422,1043.4675 582.5172,1041.7505 582.7415,1040.0466 583.1135,1038.3688 583.6303,1036.7297 584.2879,1035.1419 585.0815,1033.6175 586.0049,1032.1680 587.0511,1030.8046 588.2122,1029.5375 589.4793,1028.3764 590.8427,1027.3302 592.2922,1026.4068 593.8166,1025.6132 595.4044,1024.9556 597.0435,1024.4388 598.7213,1024.0668 600.4252,1023.8425 602.1422,1023.7675 603.8592,1023.8425 605.5631,1024.0668 607.2409,1024.4388 608.8800,1024.9556 610.4678,1025.6132 611.9922,1026.4068 613.4417,1027.3302 614.8051,1028.3764 616.0722,1029.5375 617.2333,1030.8046 618.2795,1032.1680 619.2029,1033.6175 619.9965,1035.1419 620.6541,1036.7297 621.1709,1038.3688 621.5429,1040.0466 621.7672,1041.7505 621.8422,1043.4675;
  BEGIN_ASSOC
    ADD N5 :F1.000000 :R0 :T12345 'net=P22' 0.00, 0.00;
  END_ASSOC
ADD P5 :W0.000000  742.0998,981.3775 742.0248,983.0945 741.8005,984.7984 741.4285,986.4762 740.9117,988.1153 740.2541,989.7031 739.4605,991.2275 738.5371,992.6770 737.4909,994.0404 736.3298,995.3075 735.0627,996.4686 733.6993,997.5148 732.2498,998.4382 730.7254,999.2318 729.1376,999.8894 727.4985,1000.4062 725.8207,1000.7782 724.1168,1001.0025 722.3998,1001.0775 720.6828,1001.0025 718.9789,1000.7782 717.3011,1000.4062 715.6620,999.8894 714.0742,999.2318 712.5498,998.4382 711.1003,997.5148 709.7369,996.4686 708.4698,995.3075 707.3087,994.0404 706.2625,992.6770 705.3391,991.2275 704.5455,989.7031 703.8879,988.1153 703.3711,986.4762 702.9991,984.7984 702.7748,983.0945 702.6998,981.3775 702.7748,979.6605 702.9991,977.9566 703.3711,976.2788 703.8879,974.6397 704.5455,973.0519 705.3391,971.5275 706.2625,970.0780 707.3087,968.7146 708.4698,967.4475 709.7369,966.2864 711.1003,965.2402 712.5498,964.3168 714.0742,963.5232 715.6620,962.8656 717.3011,962.3488 718.9789,961.9768 720.6828,961.7525 722.3998,961.6775 724.1168,961.7525 725.8207,961.9768 727.4985,962.3488 729.1376,962.8656 730.7254,963.5232 732.2498,964.3168 733.6993,965.2402 735.0627,966.2864 736.3298,967.4475 737.4909,968.7146 738.5371,970.0780 739.4605,971.5275 740.2541,973.0519 740.9117,974.6397 741.4285,976.2788 741.8005,977.9566 742.0248,979.6605 742.0998,981.3775;
  BEGIN_ASSOC
    ADD N5 :F1.000000 :R0 :T12345 'net=P22' 0.00, 0.00;
  END_ASSOC
ADD P5 :W0.000000  741.7122,1044.6175 741.6372,1046.3345 741.4129,1048.0384 741.0409,1049.7162 740.5241,1051.3553 739.8665,1052.9431 739.0729,1054.4675 738.1495,1055.9170 737.1033,1057.2804 735.9422,1058.5475 734.6751,1059.7086 733.3117,1060.7548 731.8622,1061.6782 730.3378,1062.4718 728.7500,1063.1294 727.1109,1063.6462 725.4331,1064.0182 723.7292,1064.2425 722.0122,1064.3175 720.2952,1064.2425 718.5913,1064.0182 716.9135,1063.6462 715.2744,1063.1294 713.6866,1062.4718 712.1622,1061.6782 710.7127,1060.7548 709.3493,1059.7086 708.0822,1058.5475 706.9211,1057.2804 705.8749,1055.9170 704.9515,1054.4675 704.1579,1052.9431 703.5003,1051.3553 702.9835,1049.7162 702.6115,1048.0384 702.3872,1046.3345 702.3122,1044.6175 702.3872,1042.9005 702.6115,1041.1966 702.9835,1039.5188 703.5003,1037.8797 704.1579,1036.2919 704.9515,1034.7675 705.8749,1033.3180 706.9211,1031.9546 708.0822,1030.6875 709.3493,1029.5264 710.7127,1028.4802 712.1622,1027.5568 713.6866,1026.7632 715.2744,1026.1056 716.9135,1025.5888 718.5913,1025.2168 720.2952,1024.9925 722.0122,1024.9175 723.7292,1024.9925 725.4331,1025.2168 727.1109,1025.5888 728.7500,1026.1056 730.3378,1026.7632 731.8622,1027.5568 733.3117,1028.4802 734.6751,1029.5264 735.9422,1030.6875 737.1033,1031.9546 738.1495,1033.3180 739.0729,1034.7675 739.8665,1036.2919 740.5241,1037.8797 741.0409,1039.5188 741.4129,1041.1966 741.6372,1042.9005 741.7122,1044.6175;
  BEGIN_ASSOC
    ADD N5 :F1.000000 :R0 :T12345 'net=P22' 0.00, 0.00;
  END_ASSOC
ADD P5 :W0.000000  622.2298,980.2275 622.1548,981.9445 621.9305,983.6484 621.5585,985.3262 621.0417,986.9653 620.3841,988.5531 619.5905,990.0775 618.6671,991.5270 617.6209,992.8904 616.4598,994.1575 615.1927,995.3186 613.8293,996.3648 612.3798,997.2882 610.8554,998.0818 609.2676,998.7394 607.6285,999.2562 605.9507,999.6282 604.2468,999.8525 602.5298,999.9275 600.8128,999.8525 599.1089,999.6282 597.4311,999.2562 595.7920,998.7394 594.2042,998.0818 592.6798,997.2882 591.2303,996.3648 589.8669,995.3186 588.5998,994.1575 587.4387,992.8904 586.3925,991.5270 585.4691,990.0775 584.6755,988.5531 584.0179,986.9653 583.5011,985.3262 583.1291,983.6484 582.9048,981.9445 582.8298,980.2275 582.9048,978.5105 583.1291,976.8066 583.5011,975.1288 584.0179,973.4897 584.6755,971.9019 585.4691,970.3775 586.3925,968.9280 587.4387,967.5646 588.5998,966.2975 589.8669,965.1364 591.2303,964.0902 592.6798,963.1668 594.2042,962.3732 595.7920,961.7156 597.4311,961.1988 599.1089,960.8268 600.8128,960.6025 602.5298,960.5275 604.2468,960.6025 605.9507,960.8268 607.6285,961.1988 609.2676,961.7156 610.8554,962.3732 612.3798,963.1668 613.8293,964.0902 615.1927,965.1364 616.4598,966.2975 617.6209,967.5646 618.6671,968.9280 619.5905,970.3775 620.3841,971.9019 621.0417,973.4897 621.5585,975.1288 621.9305,976.8066 622.1548,978.5105 622.2298,980.2275;
  BEGIN_ASSOC
    ADD N5 :F1.000000 :R0 :T12345 'net=P22' 0.00, 0.00;
  END_ASSOC
ADD P5 :W0.000000  685.5322,1043.8575 685.4572,1045.5745 685.2329,1047.2784 684.8609,1048.9562 684.3441,1050.5953 683.6865,1052.1831 682.8929,1053.7075 681.9695,1055.1570 680.9233,1056.5204 679.7622,1057.7875 678.4951,1058.9486 677.1317,1059.9948 675.6822,1060.9182 674.1578,1061.7118 672.5700,1062.3694 670.9309,1062.8862 669.2531,1063.2582 667.5492,1063.4825 665.8322,1063.5575 664.1152,1063.4825 662.4113,1063.2582 660.7335,1062.8862 659.0944,1062.3694 657.5066,1061.7118 655.9822,1060.9182 654.5327,1059.9948 653.1693,1058.9486 651.9022,1057.7875 650.7411,1056.5204 649.6949,1055.1570 648.7715,1053.7075 647.9779,1052.1831 647.3203,1050.5953 646.8035,1048.9562 646.4315,1047.2784 646.2072,1045.5745 646.1322,1043.8575 646.2072,1042.1405 646.4315,1040.4366 646.8035,1038.7588 647.3203,1037.1197 647.9779,1035.5319 648.7715,1034.0075 649.6949,1032.5580 650.7411,1031.1946 651.9022,1029.9275 653.1693,1028.7664 654.5327,1027.7202 655.9822,1026.7968 657.5066,1026.0032 659.0944,1025.3456 660.7335,1024.8288 662.4113,1024.4568 664.1152,1024.2325 665.8322,1024.1575 667.5492,1024.2325 669.2531,1024.4568 670.9309,1024.8288 672.5700,1025.3456 674.1578,1026.0032 675.6822,1026.7968 677.1317,1027.7202 678.4951,1028.7664 679.7622,1029.9275 680.9233,1031.1946 681.9695,1032.5580 682.8929,1034.0075 683.6865,1035.5319 684.3441,1037.1197 684.8609,1038.7588 685.2329,1040.4366 685.4572,1042.1405 685.5322,1043.8575;
  BEGIN_ASSOC
    ADD N5 :F1.000000 :R0 :T12345 'net=P22' 0.00, 0.00;
  END_ASSOC
ADD P5 :W0.000000  -1069.9178,593.4675 -1069.9928,595.1845 -1070.2171,596.8884 -1070.5891,598.5662 -1071.1059,600.2053 -1071.7635,601.7931 -1072.5571,603.3175 -1073.4805,604.7670 -1074.5267,606.1304 -1075.6878,607.3975 -1076.9549,608.5586 -1078.3183,609.6048 -1079.7678,610.5282 -1081.2922,611.3218 -1082.8800,611.9794 -1084.5191,612.4962 -1086.1969,612.8682 -1087.9008,613.0925 -1089.6178,613.1675 -1091.3348,613.0925 -1093.0387,612.8682 -1094.7165,612.4962 -1096.3556,611.9794 -1097.9434,611.3218 -1099.4678,610.5282 -1100.9173,609.6048 -1102.2807,608.5586 -1103.5478,607.3975 -1104.7089,606.1304 -1105.7551,604.7670 -1106.6785,603.3175 -1107.4721,601.7931 -1108.1297,600.2053 -1108.6465,598.5662 -1109.0185,596.8884 -1109.2428,595.1845 -1109.3178,593.4675 -1109.2428,591.7505 -1109.0185,590.0466 -1108.6465,588.3688 -1108.1297,586.7297 -1107.4721,585.1419 -1106.6785,583.6175 -1105.7551,582.1680 -1104.7089,580.8046 -1103.5478,579.5375 -1102.2807,578.3764 -1100.9173,577.3302 -1099.4678,576.4068 -1097.9434,575.6132 -1096.3556,574.9556 -1094.7165,574.4388 -1093.0387,574.0668 -1091.3348,573.8425 -1089.6178,573.7675 -1087.9008,573.8425 -1086.1969,574.0668 -1084.5191,574.4388 -1082.8800,574.9556 -1081.2922,575.6132 -1079.7678,576.4068 -1078.3183,577.3302 -1076.9549,578.3764 -1075.6878,579.5375 -1074.5267,580.8046 -1073.4805,582.1680 -1072.5571,583.6175 -1071.7635,585.1419 -1071.1059,586.7297 -1070.5891,588.3688 -1070.2171,590.0466 -1069.9928,591.7505 -1069.9178,593.4675;
  BEGIN_ASSOC
    ADD N5 :F1.000000 :R0 :T12345 'net=P17' 0.00, 0.00;
  END_ASSOC
ADD P5 :W0.000000  -1069.5302,530.2275 -1069.6052,531.9445 -1069.8295,533.6484 -1070.2015,535.3262 -1070.7183,536.9653 -1071.3759,538.5531 -1072.1695,540.0775 -1073.0929,541.5270 -1074.1391,542.8904 -1075.3002,544.1575 -1076.5673,545.3186 -1077.9307,546.3648 -1079.3802,547.2882 -1080.9046,548.0818 -1082.4924,548.7394 -1084.1315,549.2562 -1085.8093,549.6282 -1087.5132,549.8525 -1089.2302,549.9275 -1090.9472,549.8525 -1092.6511,549.6282 -1094.3289,549.2562 -1095.9680,548.7394 -1097.5558,548.0818 -1099.0802,547.2882 -1100.5297,546.3648 -1101.8931,545.3186 -1103.1602,544.1575 -1104.3213,542.8904 -1105.3675,541.5270 -1106.2909,540.0775 -1107.0845,538.5531 -1107.7421,536.9653 -1108.2589,535.3262 -1108.6309,533.6484 -1108.8552,531.9445 -1108.9302,530.2275 -1108.8552,528.5105 -1108.6309,526.8066 -1108.2589,525.1288 -1107.7421,523.4897 -1107.0845,521.9019 -1106.2909,520.3775 -1105.3675,518.9280 -1104.3213,517.5646 -1103.1602,516.2975 -1101.8931,515.1364 -1100.5297,514.0902 -1099.0802,513.1668 -1097.5558,512.3732 -1095.9680,511.7156 -1094.3289,511.1988 -1092.6511,510.8268 -1090.9472,510.6025 -1089.2302,510.5275 -1087.5132,510.6025 -1085.8093,510.8268 -1084.1315,511.1988 -1082.4924,511.7156 -1080.9046,512.3732 -1079.3802,513.1668 -1077.9307,514.0902 -1076.5673,515.1364 -1075.3002,516.2975 -1074.1391,517.5646 -1073.0929,518.9280 -1072.1695,520.3775 -1071.3759,521.9019 -1070.7183,523.4897 -1070.2015,525.1288 -1069.8295,526.8066 -1069.6052,528.5105 -1069.5302,530.2275;
  BEGIN_ASSOC
    ADD N5 :F1.000000 :R0 :T12345 'net=P17' 0.00, 0.00;
  END_ASSOC
ADD P5 :W0.000000  -1189.7878,592.3175 -1189.8628,594.0345 -1190.0871,595.7384 -1190.4591,597.4162 -1190.9759,599.0553 -1191.6335,600.6431 -1192.4271,602.1675 -1193.3505,603.6170 -1194.3967,604.9804 -1195.5578,606.2475 -1196.8249,607.4086 -1198.1883,608.4548 -1199.6378,609.3782 -1201.1622,610.1718 -1202.7500,610.8294 -1204.3891,611.3462 -1206.0669,611.7182 -1207.7708,611.9425 -1209.4878,612.0175 -1211.2048,611.9425 -1212.9087,611.7182 -1214.5865,611.3462 -1216.2256,610.8294 -1217.8134,610.1718 -1219.3378,609.3782 -1220.7873,608.4548 -1222.1507,607.4086 -1223.4178,606.2475 -1224.5789,604.9804 -1225.6251,603.6170 -1226.5485,602.1675 -1227.3421,600.6431 -1227.9997,599.0553 -1228.5165,597.4162 -1228.8885,595.7384 -1229.1128,594.0345 -1229.1878,592.3175 -1229.1128,590.6005 -1228.8885,588.8966 -1228.5165,587.2188 -1227.9997,585.5797 -1227.3421,583.9919 -1226.5485,582.4675 -1225.6251,581.0180 -1224.5789,579.6546 -1223.4178,578.3875 -1222.1507,577.2264 -1220.7873,576.1802 -1219.3378,575.2568 -1217.8134,574.4632 -1216.2256,573.8056 -1214.5865,573.2888 -1212.9087,572.9168 -1211.2048,572.6925 -1209.4878,572.6175 -1207.7708,572.6925 -1206.0669,572.9168 -1204.3891,573.2888 -1202.7500,573.8056 -1201.1622,574.4632 -1199.6378,575.2568 -1198.1883,576.1802 -1196.8249,577.2264 -1195.5578,578.3875 -1194.3967,579.6546 -1193.3505,581.0180 -1192.4271,582.4675 -1191.6335,583.9919 -1190.9759,585.5797 -1190.4591,587.2188 -1190.0871,588.8966 -1189.8628,590.6005 -1189.7878,592.3175;
  BEGIN_ASSOC
    ADD N5 :F1.000000 :R0 :T12345 'net=P17' 0.00, 0.00;
  END_ASSOC
ADD P5 :W0.000000  -1125.7102,529.4675 -1125.7852,531.1845 -1126.0095,532.8884 -1126.3815,534.5662 -1126.8983,536.2053 -1127.5559,537.7931 -1128.3495,539.3175 -1129.2729,540.7670 -1130.3191,542.1304 -1131.4802,543.3975 -1132.7473,544.5586 -1134.1107,545.6048 -1135.5602,546.5282 -1137.0846,547.3218 -1138.6724,547.9794 -1140.3115,548.4962 -1141.9893,548.8682 -1143.6932,549.0925 -1145.4102,549.1675 -1147.1272,549.0925 -1148.8311,548.8682 -1150.5089,548.4962 -1152.1480,547.9794 -1153.7358,547.3218 -1155.2602,546.5282 -1156.7097,545.6048 -1158.0731,544.5586 -1159.3402,543.3975 -1160.5013,542.1304 -1161.5475,540.7670 -1162.4709,539.3175 -1163.2645,537.7931 -1163.9221,536.2053 -1164.4389,534.5662 -1164.8109,532.8884 -1165.0352,531.1845 -1165.1102,529.4675 -1165.0352,527.7505 -1164.8109,526.0466 -1164.4389,524.3688 -1163.9221,522.7297 -1163.2645,521.1419 -1162.4709,519.6175 -1161.5475,518.1680 -1160.5013,516.8046 -1159.3402,515.5375 -1158.0731,514.3764 -1156.7097,513.3302 -1155.2602,512.4068 -1153.7358,511.6132 -1152.1480,510.9556 -1150.5089,510.4388 -1148.8311,510.0668 -1147.1272,509.8425 -1145.4102,509.7675 -1143.6932,509.8425 -1141.9893,510.0668 -1140.3115,510.4388 -1138.6724,510.9556 -1137.0846,511.6132 -1135.5602,512.4068 -1134.1107,513.3302 -1132.7473,514.3764 -1131.4802,515.5375 -1130.3191,516.8046 -1129.2729,518.1680 -1128.3495,519.6175 -1127.5559,521.1419 -1126.8983,522.7297 -1126.3815,524.3688 -1126.0095,526.0466 -1125.7852,527.7505 -1125.7102,529.4675;
  BEGIN_ASSOC
    ADD N5 :F1.000000 :R0 :T12345 'net=P17' 0.00, 0.00;
  END_ASSOC
ADD P5 :W0.000000  -1189.4002,529.0775 -1189.4752,530.7945 -1189.6995,532.4984 -1190.0715,534.1762 -1190.5883,535.8153 -1191.2459,537.4031 -1192.0395,538.9275 -1192.9629,540.3770 -1194.0091,541.7404 -1195.1702,543.0075 -1196.4373,544.1686 -1197.8007,545.2148 -1199.2502,546.1382 -1200.7746,546.9318 -1202.3624,547.5894 -1204.0015,548.1062 -1205.6793,548.4782 -1207.3832,548.7025 -1209.1002,548.7775 -1210.8172,548.7025 -1212.5211,548.4782 -1214.1989,548.1062 -1215.8380,547.5894 -1217.4258,546.9318 -1218.9502,546.1382 -1220.3997,545.2148 -1221.7631,544.1686 -1223.0302,543.0075 -1224.1913,541.7404 -1225.2375,540.3770 -1226.1609,538.9275 -1226.9545,537.4031 -1227.6121,535.8153 -1228.1289,534.1762 -1228.5009,532.4984 -1228.7252,530.7945 -1228.8002,529.0775 -1228.7252,527.3605 -1228.5009,525.6566 -1228.1289,523.9788 -1227.6121,522.3397 -1226.9545,520.7519 -1226.1609,519.2275 -1225.2375,517.7780 -1224.1913,516.4146 -1223.0302,515.1475 -1221.7631,513.9864 -1220.3997,512.9402 -1218.9502,512.0168 -1217.4258,511.2232 -1215.8380,510.5656 -1214.1989,510.0488 -1212.5211,509.6768 -1210.8172,509.4525 -1209.1002,509.3775 -1207.3832,509.4525 -1205.6793,509.6768 -1204.0015,510.0488 -1202.3624,510.5656 -1200.7746,511.2232 -1199.2502,512.0168 -1197.8007,512.9402 -1196.4373,513.9864 -1195.1702,515.1475 -1194.0091,516.4146 -1192.9629,517.7780 -1192.0395,519.2275 -1191.2459,520.7519 -1190.5883,522.3397 -1190.0715,523.9788 -1189.6995,525.6566 -1189.4752,527.3605 -1189.4002,529.0775;
  BEGIN_ASSOC
    ADD N5 :F1.000000 :R0 :T12345 'net=P17' 0.00, 0.00;
  END_ASSOC
ADD P5 :W0.000000  -1126.0978,592.7075 -1126.1728,594.4245 -1126.3971,596.1284 -1126.7691,597.8062 -1127.2859,599.4453 -1127.9435,601.0331 -1128.7371,602.5575 -1129.6605,604.0070 -1130.7067,605.3704 -1131.8678,606.6375 -1133.1349,607.7986 -1134.4983,608.8448 -1135.9478,609.7682 -1137.4722,610.5618 -1139.0600,611.2194 -1140.6991,611.7362 -1142.3769,612.1082 -1144.0808,612.3325 -1145.7978,612.4075 -1147.5148,612.3325 -1149.2187,612.1082 -1150.8965,611.7362 -1152.5356,611.2194 -1154.1234,610.5618 -1155.6478,609.7682 -1157.0973,608.8448 -1158.4607,607.7986 -1159.7278,606.6375 -1160.8889,605.3704 -1161.9351,604.0070 -1162.8585,602.5575 -1163.6521,601.0331 -1164.3097,599.4453 -1164.8265,597.8062 -1165.1985,596.1284 -1165.4228,594.4245 -1165.4978,592.7075 -1165.4228,590.9905 -1165.1985,589.2866 -1164.8265,587.6088 -1164.3097,585.9697 -1163.6521,584.3819 -1162.8585,582.8575 -1161.9351,581.4080 -1160.8889,580.0446 -1159.7278,578.7775 -1158.4607,577.6164 -1157.0973,576.5702 -1155.6478,575.6468 -1154.1234,574.8532 -1152.5356,574.1956 -1150.8965,573.6788 -1149.2187,573.3068 -1147.5148,573.0825 -1145.7978,573.0075 -1144.0808,573.0825 -1142.3769,573.3068 -1140.6991,573.6788 -1139.0600,574.1956 -1137.4722,574.8532 -1135.9478,575.6468 -1134.4983,576.5702 -1133.1349,577.6164 -1131.8678,578.7775 -1130.7067,580.0446 -1129.6605,581.4080 -1128.7371,582.8575 -1127.9435,584.3819 -1127.2859,585.9697 -1126.7691,587.6088 -1126.3971,589.2866 -1126.1728,590.9905 -1126.0978,592.7075;
  BEGIN_ASSOC
    ADD N5 :F1.000000 :R0 :T12345 'net=P17' 0.00, 0.00;
  END_ASSOC
SAVE;
