UNITS MIL,10000;
EDIT proj;
ADD P1 :W0.000000  -236.2204,-78.7402 -118.1102,-78.7402 -118.1102,78.7402 -236.2204,78.7402;
ADD P1 :W0.000000  -314.9606,59.0551 -314.9606,-78.7402 -236.2204,-78.7402 -236.2204,78.7402 -275.5905,78.7402 -275.5905,59.0551;
ADD P1 :W0.000000  -433.0708,-59.0551 -314.9606,-59.0551 -314.9606,59.0551 -433.0708,59.0551;
ADD P1 :W0.000000  -551.1810,59.0551 -551.1810,-59.0551 -433.0708,-59.0551 -433.0708,59.0551;
ADD P1 :W0.000000  -669.2912,-59.0551 -551.1810,-59.0551 -551.1810,59.0551 -669.2912,59.0551;
ADD P1 :W0.000000  -925.1967,-33.4646 -728.3463,-33.4646 -728.3463,33.4646 -925.1967,33.4646;
ADD P1 :W0.000000  -551.1810,-59.0551 -551.1810,-216.5354 -433.0708,-216.5354 -433.0708,-59.0551;
ADD P1 :W0.000000  -314.9606,-78.7402 -314.9606,-314.9607 -236.2204,-314.9607 -236.2204,-78.7402;
ADD P1 :W0.000000  -118.1102,-157.4803 -39.3700,-157.4803 -39.3700,157.4803 -118.1102,157.4803;
ADD P1 :W0.000000  0.0001,-157.4803 0.0001,157.4803 -39.3700,157.4803 -39.3700,-157.4803;
ADD P1 :W0.000000  385.8269,-27.5591 425.1970,-27.5591 425.1970,27.5591 385.8269,27.5591;
ADD P1 :W0.000000  425.1970,-19.6850 543.3072,-19.6850 543.3072,19.6850 425.1970,19.6850;
ADD P1 :W0.000000  602.3623,-19.6850 602.3623,19.6850 543.3072,19.6850 543.3072,-19.6850;
ADD P1 :W0.000000  602.3623,-19.6850 720.4725,-19.6850 720.4725,19.6850 602.3623,19.6850;
ADD P1 :W0.000000  720.4725,19.6850 720.4725,-29.5276 877.9528,-29.5276 877.9528,29.5276 799.2127,29.5276 799.2127,19.6850;
ADD P1 :W0.000000  720.4725,-29.5276 720.4725,-305.1182 877.9529,-305.1182 877.9529,-29.5276;
ADD P1 :W0.000000  877.9528,-29.5276 1035.4331,-29.5276 1035.4331,29.5276 877.9528,29.5276;
ADD P1 :W0.000000  1035.4331,29.5276 1035.4331,-59.0551 1173.2284,-59.0551 1173.2284,59.0551 1104.3307,59.0551 1104.3307,29.5276;
ADD P1 :W0.000000  1035.4331,-59.0551 1035.4331,-137.7953 1173.2283,-137.7953 1173.2283,-59.0551;
ADD P1 :W0.000000  1173.2284,-59.0551 1251.9686,-59.0551 1251.9686,59.0551 1173.2284,59.0551;
ADD P1 :W0.000000  1311.0237,-33.4646 1507.8741,-33.4646 1507.8741,33.4646 1311.0237,33.4646;
ADD P1 :W0.000000  543.3071,492.1259 543.3071,19.6850 602.3623,19.6850 602.3623,492.1259;
ADD P1 :W0.000000  631.8898,521.6534 631.8899,521.6534 631.8899,580.7086 631.8898,580.7086 624.1693,580.3715 616.5076,579.3628 608.9629,577.6902 601.5927,575.3664 594.4531,572.4091 587.5984,568.8408 581.0809,564.6886 574.9499,559.9842 569.2524,554.7633 564.0315,549.0658 559.3271,542.9348 555.1749,536.4173 551.6066,529.5626 548.6493,522.4230 546.3255,515.0528 544.6529,507.5081 543.6442,499.8464 543.3071,492.1259 543.3071,492.1258 602.3622,492.1258 602.3622,492.1259 602.4746,494.6994 602.8108,497.2533 603.3683,499.7682 604.1429,502.2249 605.1287,504.6048 606.3181,506.8897 607.7022,509.0622 609.2703,511.1059 611.0106,513.0051 612.9098,514.7454 614.9535,516.3135 617.1260,517.6976 619.4109,518.8870 621.7908,519.8728 624.2475,520.6474 626.7624,521.2049 629.3163,521.5411 631.8898,521.6535;
ADD P1 :W0.000000  946.8504,580.7086 631.8898,580.7086 631.8898,521.6534 946.8504,521.6534;
ADD P1 :W0.000000  976.3779,492.1259 976.3779,492.1258 1035.4331,492.1258 1035.4331,492.1259 1035.0960,499.8464 1034.0873,507.5081 1032.4147,515.0528 1030.0909,522.4230 1027.1336,529.5626 1023.5653,536.4173 1019.4131,542.9348 1014.7087,549.0658 1009.4878,554.7633 1003.7903,559.9842 997.6593,564.6886 991.1418,568.8408 984.2871,572.4091 977.1475,575.3664 969.7773,577.6902 962.2326,579.3628 954.5709,580.3715 946.8504,580.7086 946.8503,580.7086 946.8503,521.6535 946.8504,521.6535 949.4239,521.5411 951.9778,521.2049 954.4927,520.6474 956.9494,519.8728 959.3293,518.8870 961.6142,517.6976 963.7867,516.3135 965.8304,514.7454 967.7296,513.0051 969.4699,511.1059 971.0380,509.0622 972.4221,506.8897 973.6115,504.6048 974.5973,502.2249 975.3719,499.7682 975.9294,497.2533 976.2656,494.6994 976.3780,492.1259;
ADD P1 :W0.000000  1035.4331,413.3857 1035.4331,492.1259 976.3779,492.1259 976.3779,413.3857;
ADD P1 :W0.000000  1035.4331,413.3857 1035.4331,413.3858 976.3779,413.3858 976.3779,413.3857 976.7150,405.6652 977.7237,398.0035 979.3963,390.4588 981.7201,383.0886 984.6774,375.9490 988.2457,369.0943 992.3979,362.5768 997.1023,356.4458 1002.3232,350.7483 1008.0207,345.5274 1014.1517,340.8230 1020.6692,336.6708 1027.5239,333.1025 1034.6635,330.1452 1042.0337,327.8214 1049.5784,326.1488 1057.2401,325.1401 1064.9606,324.8030 1064.9607,324.8030 1064.9607,383.8581 1064.9606,383.8581 1062.3871,383.9705 1059.8332,384.3067 1057.3183,384.8642 1054.8616,385.6388 1052.4817,386.6246 1050.1968,387.8140 1048.0243,389.1981 1045.9806,390.7662 1044.0814,392.5065 1042.3411,394.4057 1040.7730,396.4494 1039.3889,398.6219 1038.1995,400.9068 1037.2137,403.2867 1036.4391,405.7434 1035.8816,408.2583 1035.5454,410.8122 1035.4330,413.3857;
ADD P1 :W0.000000  1104.3307,383.8582 1064.9606,383.8582 1064.9606,324.8030 1104.3307,324.8030;
ADD P1 :W0.000000  1151.5748,295.2755 1151.5748,413.3857 1104.3307,413.3857 1104.3307,324.8030 1127.9528,324.8030 1127.9528,295.2755;
ADD P1 :W0.000000  1230.3150,413.3857 1151.5748,413.3857 1151.5748,295.2755 1230.3150,295.2755;
ADD P1 :W0.000000  1277.5591,295.2755 1277.5591,413.3857 1230.3150,413.3857 1230.3150,295.2755;
ADD P1 :W0.000000  1395.6693,413.3857 1277.5591,413.3857 1277.5591,295.2755 1395.6693,295.2755;
ADD P1 :W0.000000  0.0001,157.4803 0.0001,314.9606 -39.3699,314.9606 -39.3699,157.4803;
ADD P1 :W0.000000  -39.3699,314.9606 -39.3699,314.9605 0.0001,314.9605 0.0001,314.9606 -0.4493,325.2546 -1.7943,335.4702 -4.0244,345.5298 -7.1228,355.3567 -11.0659,364.8761 -15.8237,374.0157 -21.3599,382.7058 -27.6324,390.8804 -34.5936,398.4771 -42.1903,405.4383 -50.3649,411.7108 -59.0550,417.2470 -68.1946,422.0048 -77.7140,425.9479 -87.5409,429.0463 -97.6005,431.2764 -107.8161,432.6214 -118.1101,433.0708 -118.1102,433.0708 -118.1102,393.7008 -118.1101,393.7008 -111.2474,393.4012 -104.4370,392.5046 -97.7306,391.0178 -91.1794,388.9522 -84.8331,386.3235 -78.7400,383.1516 -72.9466,379.4608 -67.4969,375.2791 -62.4324,370.6383 -57.7916,365.5738 -53.6099,360.1241 -49.9191,354.3307 -46.7472,348.2376 -44.1185,341.8913 -42.0529,335.3401 -40.5661,328.6337 -39.6695,321.8233;
ADD P1 :W0.000000  -118.1101,433.0708 -314.9605,433.0708 -314.9605,393.7008 -118.1101,393.7008;
ADD P1 :W0.000000  -433.0707,452.7559 -433.0707,374.0157 -385.8266,374.0157 -385.8266,452.7559;
ADD P1 :W0.000000  -433.0707,452.7559 -511.8109,452.7559 -511.8109,374.0157 -433.0707,374.0157;
ADD P1 :W0.000000  -559.0550,452.7559 -559.0550,374.0157 -511.8109,374.0157 -511.8109,452.7559;
ADD P1 :W0.000000  -559.0550,452.7559 -637.7952,452.7559 -637.7952,374.0157 -559.0550,374.0157;
ADD P1 :W0.000000  70.8662,-157.4803 149.6064,-157.4803 149.6064,157.4803 70.8662,157.4803;
ADD P1 :W0.000000  1081.3000,467.2700 1282.9272,467.2700 1282.9272,589.9500 1081.3000,589.9500;
  BEGIN_ASSOC
    ADD N1 :F1.000000 :R0 :T12345 'net=N__56' 0.00, 0.00;
  END_ASSOC
ADD P1 :W0.000000  -577.0500,190.1200 -375.4228,190.1200 -375.4228,312.8000 -577.0500,312.8000;
  BEGIN_ASSOC
    ADD N1 :F1.000000 :R0 :T12345 'net=N__20' 0.00, 0.00;
  END_ASSOC
ADD P5 :W0.000000  1261.7698,497.4975 1261.6948,499.2145 1261.4705,500.9184 1261.0985,502.5962 1260.5817,504.2353 1259.9241,505.8231 1259.1305,507.3475 1258.2071,508.7970 1257.1609,510.1604 1255.9998,511.4275 1254.7327,512.5886 1253.3693,513.6348 1251.9198,514.5582 1250.3954,515.3518 1248.8076,516.0094 1247.1685,516.5262 1245.4907,516.8982 1243.7868,517.1225 1242.0698,517.1975 1240.3528,517.1225 1238.6489,516.8982 1236.9711,516.5262 1235.3320,516.0094 1233.7442,515.3518 1232.2198,514.5582 1230.7703,513.6348 1229.4069,512.5886 1228.1398,511.4275 1226.9787,510.1604 1225.9325,508.7970 1225.0091,507.3475 1224.2155,505.8231 1223.5579,504.2353 1223.0411,502.5962 1222.6691,500.9184 1222.4448,499.2145 1222.3698,497.4975 1222.4448,495.7805 1222.6691,494.0766 1223.0411,492.3988 1223.5579,490.7597 1224.2155,489.1719 1225.0091,487.6475 1225.9325,486.1980 1226.9787,484.8346 1228.1398,483.5675 1229.4069,482.4064 1230.7703,481.3602 1232.2198,480.4368 1233.7442,479.6432 1235.3320,478.9856 1236.9711,478.4688 1238.6489,478.0968 1240.3528,477.8725 1242.0698,477.7975 1243.7868,477.8725 1245.4907,478.0968 1247.1685,478.4688 1248.8076,478.9856 1250.3954,479.6432 1251.9198,480.4368 1253.3693,481.3602 1254.7327,482.4064 1255.9998,483.5675 1257.1609,484.8346 1258.2071,486.1980 1259.1305,487.6475 1259.9241,489.1719 1260.5817,490.7597 1261.0985,492.3988 1261.4705,494.0766 1261.6948,495.7805 1261.7698,497.4975;
  BEGIN_ASSOC
    ADD N5 :F1.000000 :R0 :T12345 'net=N__56' 0.00, 0.00;
  END_ASSOC
ADD P5 :W0.000000  1261.3822,560.7375 1261.3072,562.4545 1261.0829,564.1584 1260.7109,565.8362 1260.1941,567.4753 1259.5365,569.0631 1258.7429,570.5875 1257.8195,572.0370 1256.7733,573.4004 1255.6122,574.6675 1254.3451,575.8286 1252.9817,576.8748 1251.5322,577.7982 1250.0078,578.5918 1248.4200,579.2494 1246.7809,579.7662 1245.1031,580.1382 1243.3992,580.3625 1241.6822,580.4375 1239.9652,580.3625 1238.2613,580.1382 1236.5835,579.7662 1234.9444,579.2494 1233.3566,578.5918 1231.8322,577.7982 1230.3827,576.8748 1229.0193,575.8286 1227.7522,574.6675 1226.5911,573.4004 1225.5449,572.0370 1224.6215,570.5875 1223.8279,569.0631 1223.1703,567.4753 1222.6535,565.8362 1222.2815,564.1584 1222.0572,562.4545 1221.9822,560.7375 1222.0572,559.0205 1222.2815,557.3166 1222.6535,555.6388 1223.1703,553.9997 1223.8279,552.4119 1224.6215,550.8875 1225.5449,549.4380 1226.5911,548.0746 1227.7522,546.8075 1229.0193,545.6464 1230.3827,544.6002 1231.8322,543.6768 1233.3566,542.8832 1234.9444,542.2256 1236.5835,541.7088 1238.2613,541.3368 1239.9652,541.1125 1241.6822,541.0375 1243.3992,541.1125 1245.1031,541.3368 1246.7809,541.7088 1248.4200,542.2256 1250.0078,542.8832 1251.5322,543.6768 1252.9817,544.6002 1254.3451,545.6464 1255.6122,546.8075 1256.7733,548.0746 1257.8195,549.4380 1258.7429,550.8875 1259.5365,552.4119 1260.1941,553.9997 1260.7109,555.6388 1261.0829,557.3166 1261.3072,559.0205 1261.3822,560.7375;
  BEGIN_ASSOC
    ADD N5 :F1.000000 :R0 :T12345 'net=N__56' 0.00, 0.00;
  END_ASSOC
ADD P5 :W0.000000  1141.5122,559.5875 1141.4372,561.3045 1141.2129,563.0084 1140.8409,564.6862 1140.3241,566.3253 1139.6665,567.9131 1138.8729,569.4375 1137.9495,570.8870 1136.9033,572.2504 1135.7422,573.5175 1134.4751,574.6786 1133.1117,575.7248 1131.6622,576.6482 1130.1378,577.4418 1128.5500,578.0994 1126.9109,578.6162 1125.2331,578.9882 1123.5292,579.2125 1121.8122,579.2875 1120.0952,579.2125 1118.3913,578.9882 1116.7135,578.6162 1115.0744,578.0994 1113.4866,577.4418 1111.9622,576.6482 1110.5127,575.7248 1109.1493,574.6786 1107.8822,573.5175 1106.7211,572.2504 1105.6749,570.8870 1104.7515,569.4375 1103.9579,567.9131 1103.3003,566.3253 1102.7835,564.6862 1102.4115,563.0084 1102.1872,561.3045 1102.1122,559.5875 1102.1872,557.8705 1102.4115,556.1666 1102.7835,554.4888 1103.3003,552.8497 1103.9579,551.2619 1104.7515,549.7375 1105.6749,548.2880 1106.7211,546.9246 1107.8822,545.6575 1109.1493,544.4964 1110.5127,543.4502 1111.9622,542.5268 1113.4866,541.7332 1115.0744,541.0756 1116.7135,540.5588 1118.3913,540.1868 1120.0952,539.9625 1121.8122,539.8875 1123.5292,539.9625 1125.2331,540.1868 1126.9109,540.5588 1128.5500,541.0756 1130.1378,541.7332 1131.6622,542.5268 1133.1117,543.4502 1134.4751,544.4964 1135.7422,545.6575 1136.9033,546.9246 1137.9495,548.2880 1138.8729,549.7375 1139.6665,551.2619 1140.3241,552.8497 1140.8409,554.4888 1141.2129,556.1666 1141.4372,557.8705 1141.5122,559.5875;
  BEGIN_ASSOC
    ADD N5 :F1.000000 :R0 :T12345 'net=N__56' 0.00, 0.00;
  END_ASSOC
ADD P5 :W0.000000  1205.5898,496.7375 1205.5148,498.4545 1205.2905,500.1584 1204.9185,501.8362 1204.4017,503.4753 1203.7441,505.0631 1202.9505,506.5875 1202.0271,508.0370 1200.9809,509.4004 1199.8198,510.6675 1198.5527,511.8286 1197.1893,512.8748 1195.7398,513.7982 1194.2154,514.5918 1192.6276,515.2494 1190.9885,515.7662 1189.3107,516.1382 1187.6068,516.3625 1185.8898,516.4375 1184.1728,516.3625 1182.4689,516.1382 1180.7911,515.7662 1179.1520,515.2494 1177.5642,514.5918 1176.0398,513.7982 1174.5903,512.8748 1173.2269,511.8286 1171.9598,510.6675 1170.7987,509.4004 1169.7525,508.0370 1168.8291,506.5875 1168.0355,505.0631 1167.3779,503.4753 1166.8611,501.8362 1166.4891,500.1584 1166.2648,498.4545 1166.1898,496.7375 1166.2648,495.0205 1166.4891,493.3166 1166.8611,491.6388 1167.3779,489.9997 1168.0355,488.4119 1168.8291,486.8875 1169.7525,485.4380 1170.7987,484.0746 1171.9598,482.8075 1173.2269,481.6464 1174.5903,480.6002 1176.0398,479.6768 1177.5642,478.8832 1179.1520,478.2256 1180.7911,477.7088 1182.4689,477.3368 1184.1728,477.1125 1185.8898,477.0375 1187.6068,477.1125 1189.3107,477.3368 1190.9885,477.7088 1192.6276,478.2256 1194.2154,478.8832 1195.7398,479.6768 1197.1893,480.6002 1198.5527,481.6464 1199.8198,482.8075 1200.9809,484.0746 1202.0271,485.4380 1202.9505,486.8875 1203.7441,488.4119 1204.4017,489.9997 1204.9185,491.6388 1205.2905,493.3166 1205.5148,495.0205 1205.5898,496.7375;
  BEGIN_ASSOC
    ADD N5 :F1.000000 :R0 :T12345 'net=N__56' 0.00, 0.00;
  END_ASSOC
ADD P5 :W0.000000  1141.8998,496.3475 1141.8248,498.0645 1141.6005,499.7684 1141.2285,501.4462 1140.7117,503.0853 1140.0541,504.6731 1139.2605,506.1975 1138.3371,507.6470 1137.2909,509.0104 1136.1298,510.2775 1134.8627,511.4386 1133.4993,512.4848 1132.0498,513.4082 1130.5254,514.2018 1128.9376,514.8594 1127.2985,515.3762 1125.6207,515.7482 1123.9168,515.9725 1122.1998,516.0475 1120.4828,515.9725 1118.7789,515.7482 1117.1011,515.3762 1115.4620,514.8594 1113.8742,514.2018 1112.3498,513.4082 1110.9003,512.4848 1109.5369,511.4386 1108.2698,510.2775 1107.1087,509.0104 1106.0625,507.6470 1105.1391,506.1975 1104.3455,504.6731 1103.6879,503.0853 1103.1711,501.4462 1102.7991,499.7684 1102.5748,498.0645 1102.4998,496.3475 1102.5748,494.6305 1102.7991,492.9266 1103.1711,491.2488 1103.6879,489.6097 1104.3455,488.0219 1105.1391,486.4975 1106.0625,485.0480 1107.1087,483.6846 1108.2698,482.4175 1109.5369,481.2564 1110.9003,480.2102 1112.3498,479.2868 1113.8742,478.4932 1115.4620,477.8356 1117.1011,477.3188 1118.7789,476.9468 1120.4828,476.7225 1122.1998,476.6475 1123.9168,476.7225 1125.6207,476.9468 1127.2985,477.3188 1128.9376,477.8356 1130.5254,478.4932 1132.0498,479.2868 1133.4993,480.2102 1134.8627,481.2564 1136.1298,482.4175 1137.2909,483.6846 1138.3371,485.0480 1139.2605,486.4975 1140.0541,488.0219 1140.7117,489.6097 1141.2285,491.2488 1141.6005,492.9266 1141.8248,494.6305 1141.8998,496.3475;
  BEGIN_ASSOC
    ADD N5 :F1.000000 :R0 :T12345 'net=N__56' 0.00, 0.00;
  END_ASSOC
ADD P5 :W0.000000  1205.2022,559.9775 1205.1272,561.6945 1204.9029,563.3984 1204.5309,565.0762 1204.0141,566.7153 1203.3565,568.3031 1202.5629,569.8275 1201.6395,571.2770 1200.5933,572.6404 1199.4322,573.9075 1198.1651,575.0686 1196.8017,576.1148 1195.3522,577.0382 1193.8278,577.8318 1192.2400,578.4894 1190.6009,579.0062 1188.9231,579.3782 1187.2192,579.6025 1185.5022,579.6775 1183.7852,579.6025 1182.0813,579.3782 1180.4035,579.0062 1178.7644,578.4894 1177.1766,577.8318 1175.6522,577.0382 1174.2027,576.1148 1172.8393,575.0686 1171.5722,573.9075 1170.4111,572.6404 1169.3649,571.2770 1168.4415,569.8275 1167.6479,568.3031 1166.9903,566.7153 1166.4735,565.0762 1166.1015,563.3984 1165.8772,561.6945 1165.8022,559.9775 1165.8772,558.2605 1166.1015,556.5566 1166.4735,554.8788 1166.9903,553.2397 1167.6479,551.6519 1168.4415,550.1275 1169.3649,548.6780 1170.4111,547.3146 1171.5722,546.0475 1172.8393,544.8864 1174.2027,543.8402 1175.6522,542.9168 1177.1766,542.1232 1178.7644,541.4656 1180.4035,540.9488 1182.0813,540.5768 1183.7852,540.3525 1185.5022,540.2775 1187.2192,540.3525 1188.9231,540.5768 1190.6009,540.9488 1192.2400,541.4656 1193.8278,542.1232 1195.3522,542.9168 1196.8017,543.8402 1198.1651,544.8864 1199.4322,546.0475 1200.5933,547.3146 1201.6395,548.6780 1202.5629,550.1275 1203.3565,551.6519 1204.0141,553.2397 1204.5309,554.8788 1204.9029,556.5566 1205.1272,558.2605 1205.2022,559.9775;
  BEGIN_ASSOC
    ADD N5 :F1.000000 :R0 :T12345 'net=N__56' 0.00, 0.00;
  END_ASSOC
ADD P5 :W0.000000  -396.5802,220.3475 -396.6552,222.0645 -396.8795,223.7684 -397.2515,225.4462 -397.7683,227.0853 -398.4259,228.6731 -399.2195,230.1975 -400.1429,231.6470 -401.1891,233.0104 -402.3502,234.2775 -403.6173,235.4386 -404.9807,236.4848 -406.4302,237.4082 -407.9546,238.2018 -409.5424,238.8594 -411.1815,239.3762 -412.8593,239.7482 -414.5632,239.9725 -416.2802,240.0475 -417.9972,239.9725 -419.7011,239.7482 -421.3789,239.3762 -423.0180,238.8594 -424.6058,238.2018 -426.1302,237.4082 -427.5797,236.4848 -428.9431,235.4386 -430.2102,234.2775 -431.3713,233.0104 -432.4175,231.6470 -433.3409,230.1975 -434.1345,228.6731 -434.7921,227.0853 -435.3089,225.4462 -435.6809,223.7684 -435.9052,222.0645 -435.9802,220.3475 -435.9052,218.6305 -435.6809,216.9266 -435.3089,215.2488 -434.7921,213.6097 -434.1345,212.0219 -433.3409,210.4975 -432.4175,209.0480 -431.3713,207.6846 -430.2102,206.4175 -428.9431,205.2564 -427.5797,204.2102 -426.1302,203.2868 -424.6058,202.4932 -423.0180,201.8356 -421.3789,201.3188 -419.7011,200.9468 -417.9972,200.7225 -416.2802,200.6475 -414.5632,200.7225 -412.8593,200.9468 -411.1815,201.3188 -409.5424,201.8356 -407.9546,202.4932 -406.4302,203.2868 -404.9807,204.2102 -403.6173,205.2564 -402.3502,206.4175 -401.1891,207.6846 -400.1429,209.0480 -399.2195,210.4975 -398.4259,212.0219 -397.7683,213.6097 -397.2515,215.2488 -396.8795,216.9266 -396.6552,218.6305 -396.5802,220.3475;
  BEGIN_ASSOC
    ADD N5 :F1.000000 :R0 :T12345 'net=N__20' 0.00, 0.00;
  END_ASSOC
ADD P5 :W0.000000  -396.9678,283.5875 -397.0428,285.3045 -397.2671,287.0084 -397.6391,288.6862 -398.1559,290.3253 -398.8135,291.9131 -399.6071,293.4375 -400.5305,294.8870 -401.5767,296.2504 -402.7378,297.5175 -404.0049,298.6786 -405.3683,299.7248 -406.8178,300.6482 -408.3422,301.4418 -409.9300,302.0994 -411.5691,302.6162 -413.2469,302.9882 -414.9508,303.2125 -416.6678,303.2875 -418.3848,303.2125 -420.0887,302.9882 -421.7665,302.6162 -423.4056,302.0994 -424.9934,301.4418 -426.5178,300.6482 -427.9673,299.7248 -429.3307,298.6786 -430.5978,297.5175 -431.7589,296.2504 -432.8051,294.8870 -433.7285,293.4375 -434.5221,291.9131 -435.1797,290.3253 -435.6965,288.6862 -436.0685,287.0084 -436.2928,285.3045 -436.3678,283.5875 -436.2928,281.8705 -436.0685,280.1666 -435.6965,278.4888 -435.1797,276.8497 -434.5221,275.2619 -433.7285,273.7375 -432.8051,272.2880 -431.7589,270.9246 -430.5978,269.6575 -429.3307,268.4964 -427.9673,267.4502 -426.5178,266.5268 -424.9934,265.7332 -423.4056,265.0756 -421.7665,264.5588 -420.0887,264.1868 -418.3848,263.9625 -416.6678,263.8875 -414.9508,263.9625 -413.2469,264.1868 -411.5691,264.5588 -409.9300,265.0756 -408.3422,265.7332 -406.8178,266.5268 -405.3683,267.4502 -404.0049,268.4964 -402.7378,269.6575 -401.5767,270.9246 -400.5305,272.2880 -399.6071,273.7375 -398.8135,275.2619 -398.1559,276.8497 -397.6391,278.4888 -397.2671,280.1666 -397.0428,281.8705 -396.9678,283.5875;
  BEGIN_ASSOC
    ADD N5 :F1.000000 :R0 :T12345 'net=N__20' 0.00, 0.00;
  END_ASSOC
ADD P5 :W0.000000  -516.8378,282.4375 -516.9128,284.1545 -517.1371,285.8584 -517.5091,287.5362 -518.0259,289.1753 -518.6835,290.7631 -519.4771,292.2875 -520.4005,293.7370 -521.4467,295.1004 -522.6078,296.3675 -523.8749,297.5286 -525.2383,298.5748 -526.6878,299.4982 -528.2122,300.2918 -529.8000,300.9494 -531.4391,301.4662 -533.1169,301.8382 -534.8208,302.0625 -536.5378,302.1375 -538.2548,302.0625 -539.9587,301.8382 -541.6365,301.4662 -543.2756,300.9494 -544.8634,300.2918 -546.3878,299.4982 -547.8373,298.5748 -549.2007,297.5286 -550.4678,296.3675 -551.6289,295.1004 -552.6751,293.7370 -553.5985,292.2875 -554.3921,290.7631 -555.0497,289.1753 -555.5665,287.5362 -555.9385,285.8584 -556.1628,284.1545 -556.2378,282.4375 -556.1628,280.7205 -555.9385,279.0166 -555.5665,277.3388 -555.0497,275.6997 -554.3921,274.1119 -553.5985,272.5875 -552.6751,271.1380 -551.6289,269.7746 -550.4678,268.5075 -549.2007,267.3464 -547.8373,266.3002 -546.3878,265.3768 -544.8634,264.5832 -543.2756,263.9256 -541.6365,263.4088 -539.9587,263.0368 -538.2548,262.8125 -536.5378,262.7375 -534.8208,262.8125 -533.1169,263.0368 -531.4391,263.4088 -529.8000,263.9256 -528.2122,264.5832 -526.6878,265.3768 -525.2383,266.3002 -523.8749,267.3464 -522.6078,268.5075 -521.4467,269.7746 -520.4005,271.1380 -519.4771,272.5875 -518.6835,274.1119 -518.0259,275.6997 -517.5091,277.3388 -517.1371,279.0166 -516.9128,280.7205 -516.8378,282.4375;
  BEGIN_ASSOC
    ADD N5 :F1.000000 :R0 :T12345 'net=N__20' 0.00, 0.00;
  END_ASSOC
ADD P5 :W0.000000  -452.7602,219.5875 -452.8352,221.3045 -453.0595,223.0084 -453.4315,224.6862 -453.9483,226.3253 -454.6059,227.9131 -455.3995,229.4375 -456.3229,230.8870 -457.3691,232.2504 -458.5302,233.5175 -459.7973,234.6786 -461.1607,235.7248 -462.6102,236.6482 -464.1346,237.4418 -465.7224,238.0994 -467.3615,238.6162 -469.0393,238.9882 -470.7432,239.2125 -472.4602,239.2875 -474.1772,239.2125 -475.8811,238.9882 -477.5589,238.6162 -479.1980,238.0994 -480.7858,237.4418 -482.3102,236.6482 -483.7597,235.7248 -485.1231,234.6786 -486.3902,233.5175 -487.5513,232.2504 -488.5975,230.8870 -489.5209,229.4375 -490.3145,227.9131 -490.9721,226.3253 -491.4889,224.6862 -491.8609,223.0084 -492.0852,221.3045 -492.1602,219.5875 -492.0852,217.8705 -491.8609,216.1666 -491.4889,214.4888 -490.9721,212.8497 -490.3145,211.2619 -489.5209,209.7375 -488.5975,208.2880 -487.5513,206.9246 -486.3902,205.6575 -485.1231,204.4964 -483.7597,203.4502 -482.3102,202.5268 -480.7858,201.7332 -479.1980,201.0756 -477.5589,200.5588 -475.8811,200.1868 -474.1772,199.9625 -472.4602,199.8875 -470.7432,199.9625 -469.0393,200.1868 -467.3615,200.5588 -465.7224,201.0756 -464.1346,201.7332 -462.6102,202.5268 -461.1607,203.4502 -459.7973,204.4964 -458.5302,205.6575 -457.3691,206.9246 -456.3229,208.2880 -455.3995,209.7375 -454.6059,211.2619 -453.9483,212.8497 -453.4315,214.4888 -453.0595,216.1666 -452.8352,217.8705 -452.7602,219.5875;
  BEGIN_ASSOC
    ADD N5 :F1.000000 :R0 :T12345 'net=N__20' 0.00, 0.00;
  END_ASSOC
ADD P5 :W0.000000  -516.4502,219.1975 -516.5252,220.9145 -516.7495,222.6184 -517.1215,224.2962 -517.6383,225.9353 -518.2959,227.5231 -519.0895,229.0475 -520.0129,230.4970 -521.0591,231.8604 -522.2202,233.1275 -523.4873,234.2886 -524.8507,235.3348 -526.3002,236.2582 -527.8246,237.0518 -529.4124,237.7094 -531.0515,238.2262 -532.7293,238.5982 -534.4332,238.8225 -536.1502,238.8975 -537.8672,238.8225 -539.5711,238.5982 -541.2489,238.2262 -542.8880,237.7094 -544.4758,237.0518 -546.0002,236.2582 -547.4497,235.3348 -548.8131,234.2886 -550.0802,233.1275 -551.2413,231.8604 -552.2875,230.4970 -553.2109,229.0475 -554.0045,227.5231 -554.6621,225.9353 -555.1789,224.2962 -555.5509,222.6184 -555.7752,220.9145 -555.8502,219.1975 -555.7752,217.4805 -555.5509,215.7766 -555.1789,214.0988 -554.6621,212.4597 -554.0045,210.8719 -553.2109,209.3475 -552.2875,207.8980 -551.2413,206.5346 -550.0802,205.2675 -548.8131,204.1064 -547.4497,203.0602 -546.0002,202.1368 -544.4758,201.3432 -542.8880,200.6856 -541.2489,200.1688 -539.5711,199.7968 -537.8672,199.5725 -536.1502,199.4975 -534.4332,199.5725 -532.7293,199.7968 -531.0515,200.1688 -529.4124,200.6856 -527.8246,201.3432 -526.3002,202.1368 -524.8507,203.0602 -523.4873,204.1064 -522.2202,205.2675 -521.0591,206.5346 -520.0129,207.8980 -519.0895,209.3475 -518.2959,210.8719 -517.6383,212.4597 -517.1215,214.0988 -516.7495,215.7766 -516.5252,217.4805 -516.4502,219.1975;
  BEGIN_ASSOC
    ADD N5 :F1.000000 :R0 :T12345 'net=N__20' 0.00, 0.00;
  END_ASSOC
ADD P5 :W0.000000  -453.1478,282.8275 -453.2228,284.5445 -453.4471,286.2484 -453.8191,287.9262 -454.3359,289.5653 -454.9935,291.1531 -455.7871,292.6775 -456.7105,294.1270 -457.7567,295.4904 -458.9178,296.7575 -460.1849,297.9186 -461.5483,298.9648 -462.9978,299.8882 -464.5222,300.6818 -466.1100,301.3394 -467.7491,301.8562 -469.4269,302.2282 -471.1308,302.4525 -472.8478,302.5275 -474.5648,302.4525 -476.2687,302.2282 -477.9465,301.8562 -479.5856,301.3394 -481.1734,300.6818 -482.6978,299.8882 -484.1473,298.9648 -485.5107,297.9186 -486.7778,296.7575 -487.9389,295.4904 -488.9851,294.1270 -489.9085,292.6775 -490.7021,291.1531 -491.3597,289.5653 -491.8765,287.9262 -492.2485,286.2484 -492.4728,284.5445 -492.5478,282.8275 -492.4728,281.1105 -492.2485,279.4066 -491.8765,277.7288 -491.3597,276.0897 -490.7021,274.5019 -489.9085,272.9775 -488.9851,271.5280 -487.9389,270.1646 -486.7778,268.8975 -485.5107,267.7364 -484.1473,266.6902 -482.6978,265.7668 -481.1734,264.9732 -479.5856,264.3156 -477.9465,263.7988 -476.2687,263.4268 -474.5648,263.2025 -472.8478,263.1275 -471.1308,263.2025 -469.4269,263.4268 -467.7491,263.7988 -466.1100,264.3156 -464.5222,264.9732 -462.9978,265.7668 -461.5483,266.6902 -460.1849,267.7364 -458.9178,268.8975 -457.7567,270.1646 -456.7105,271.5280 -455.7871,272.9775 -454.9935,274.5019 -454.3359,276.0897 -453.8191,277.7288 -453.4471,279.4066 -453.2228,281.1105 -453.1478,282.8275;
  BEGIN_ASSOC
    ADD N5 :F1.000000 :R0 :T12345 'net=N__20' 0.00, 0.00;
  END_ASSOC
SAVE;
