UNITS MIL,10000;
EDIT proj;
ADD P1 :W0.000000  0.0000,-19.6850 118.1102,-19.6850 118.1102,19.6850 0.0000,19.6850;
ADD P1 :W0.000000  177.1653,-19.6850 177.1653,19.6850 118.1102,19.6850 118.1102,-19.6850;
ADD P1 :W0.000000  177.1653,-19.6850 295.2755,-19.6850 295.2755,19.6850 177.1653,19.6850;
ADD P1 :W0.000000  295.2755,19.6850 295.2755,-29.5276 452.7558,-29.5276 452.7558,29.5276 374.0157,29.5276 374.0157,19.6850;
ADD P1 :W0.000000  295.2755,-29.5276 295.2755,-305.1182 452.7559,-305.1182 452.7559,-29.5276;
ADD P1 :W0.000000  452.7558,-29.5276 610.2361,-29.5276 610.2361,29.5276 452.7558,29.5276;
ADD P1 :W0.000000  610.2361,29.5276 610.2361,-59.0551 748.0314,-59.0551 748.0314,59.0551 679.1337,59.0551 679.1337,29.5276;
ADD P1 :W0.000000  610.2361,-59.0551 610.2361,-137.7953 748.0313,-137.7953 748.0313,-59.0551;
ADD P1 :W0.000000  748.0314,-59.0551 826.7716,-59.0551 826.7716,59.0551 748.0314,59.0551;
ADD P1 :W0.000000  885.8267,-33.4646 1082.6771,-33.4646 1082.6771,33.4646 885.8267,33.4646;
ADD P1 :W0.000000  118.1101,492.1259 118.1101,19.6850 177.1653,19.6850 177.1653,492.1259;
ADD P1 :W0.000000  206.6928,521.6534 206.6929,521.6534 206.6929,580.7086 206.6928,580.7086 198.9723,580.3715 191.3106,579.3628 183.7659,577.6902 176.3957,575.3664 169.2561,572.4091 162.4014,568.8408 155.8839,564.6886 149.7529,559.9842 144.0554,554.7633 138.8345,549.0658 134.1301,542.9348 129.9779,536.4173 126.4096,529.5626 123.4523,522.4230 121.1285,515.0528 119.4559,507.5081 118.4472,499.8464 118.1101,492.1259 118.1101,492.1258 177.1652,492.1258 177.1652,492.1259 177.2776,494.6994 177.6138,497.2533 178.1713,499.7682 178.9459,502.2249 179.9317,504.6048 181.1211,506.8897 182.5052,509.0622 184.0733,511.1059 185.8136,513.0051 187.7128,514.7454 189.7565,516.3135 191.9290,517.6976 194.2139,518.8870 196.5938,519.8728 199.0505,520.6474 201.5654,521.2049 204.1193,521.5411 206.6928,521.6535;
ADD P1 :W0.000000  521.6534,580.7086 206.6928,580.7086 206.6928,521.6534 521.6534,521.6534;
ADD P1 :W0.000000  551.1809,492.1259 551.1809,492.1258 610.2361,492.1258 610.2361,492.1259 609.8990,499.8464 608.8903,507.5081 607.2177,515.0528 604.8939,522.4230 601.9366,529.5626 598.3683,536.4173 594.2161,542.9348 589.5117,549.0658 584.2908,554.7633 578.5933,559.9842 572.4623,564.6886 565.9448,568.8408 559.0901,572.4091 551.9505,575.3664 544.5803,577.6902 537.0356,579.3628 529.3739,580.3715 521.6534,580.7086 521.6533,580.7086 521.6533,521.6535 521.6534,521.6535 524.2269,521.5411 526.7808,521.2049 529.2957,520.6474 531.7524,519.8728 534.1323,518.8870 536.4172,517.6976 538.5897,516.3135 540.6334,514.7454 542.5326,513.0051 544.2729,511.1059 545.8410,509.0622 547.2251,506.8897 548.4145,504.6048 549.4003,502.2249 550.1749,499.7682 550.7324,497.2533 551.0686,494.6994 551.1810,492.1259;
ADD P1 :W0.000000  610.2361,413.3857 610.2361,492.1259 551.1809,492.1259 551.1809,413.3857;
ADD P1 :W0.000000  610.2361,413.3857 610.2361,413.3858 551.1809,413.3858 551.1809,413.3857 551.5180,405.6652 552.5267,398.0035 554.1993,390.4588 556.5231,383.0886 559.4804,375.9490 563.0487,369.0943 567.2009,362.5768 571.9053,356.4458 577.1262,350.7483 582.8237,345.5274 588.9547,340.8230 595.4722,336.6708 602.3269,333.1025 609.4665,330.1452 616.8367,327.8214 624.3814,326.1488 632.0431,325.1401 639.7636,324.8030 639.7637,324.8030 639.7637,383.8581 639.7636,383.8581 637.1901,383.9705 634.6362,384.3067 632.1213,384.8642 629.6646,385.6388 627.2847,386.6246 624.9998,387.8140 622.8273,389.1981 620.7836,390.7662 618.8844,392.5065 617.1441,394.4057 615.5760,396.4494 614.1919,398.6219 613.0025,400.9068 612.0167,403.2867 611.2421,405.7434 610.6846,408.2583 610.3484,410.8122 610.2360,413.3857;
ADD P1 :W0.000000  679.1337,383.8582 639.7636,383.8582 639.7636,324.8030 679.1337,324.8030;
ADD P1 :W0.000000  726.3778,295.2755 726.3778,413.3857 679.1337,413.3857 679.1337,324.8030 702.7558,324.8030 702.7558,295.2755;
ADD P1 :W0.000000  805.1180,413.3857 726.3778,413.3857 726.3778,295.2755 805.1180,295.2755;
ADD P1 :W0.000000  852.3621,295.2755 852.3621,413.3857 805.1180,413.3857 805.1180,295.2755;
ADD P1 :W0.000000  970.4723,413.3857 852.3621,413.3857 852.3621,295.2755 970.4723,295.2755;
ADD P1 :W0.000000  -39.3701,-27.5591 0.0000,-27.5591 0.0000,27.5591 -39.3701,27.5591;
ADD P1 :W0.000000  656.9300,463.1500 873.7600,463.1500 873.7600,612.6900 656.9300,612.6900;
  BEGIN_ASSOC
    ADD N1 :F1.000000 :R0 :T12345 'net=N__4' 0.00, 0.00;
  END_ASSOC
ADD P5 :W0.000000  837.9300,574.0600 837.8352,576.2319 837.5514,578.3873 837.0809,580.5098 836.4271,582.5831 835.5952,584.5916 834.5914,586.5200 833.4233,588.3535 832.0998,590.0783 830.6311,591.6811 829.0283,593.1498 827.3035,594.4733 825.4700,595.6414 823.5416,596.6452 821.5331,597.4771 819.4598,598.1309 817.3373,598.6014 815.1819,598.8852 813.0100,598.9800 810.8381,598.8852 808.6827,598.6014 806.5602,598.1309 804.4869,597.4771 802.4784,596.6452 800.5500,595.6414 798.7165,594.4733 796.9917,593.1498 795.3889,591.6811 793.9202,590.0783 792.5967,588.3535 791.4286,586.5200 790.4248,584.5916 789.5929,582.5831 788.9391,580.5098 788.4686,578.3873 788.1848,576.2319 788.0900,574.0600 788.1848,571.8881 788.4686,569.7327 788.9391,567.6102 789.5929,565.5369 790.4248,563.5284 791.4286,561.6000 792.5967,559.7665 793.9202,558.0417 795.3889,556.4389 796.9917,554.9702 798.7165,553.6467 800.5500,552.4786 802.4784,551.4748 804.4869,550.6429 806.5602,549.9891 808.6827,549.5186 810.8381,549.2348 813.0100,549.1400 815.1819,549.2348 817.3373,549.5186 819.4598,549.9891 821.5331,550.6429 823.5416,551.4748 825.4700,552.4786 827.3035,553.6467 829.0283,554.9702 830.6311,556.4389 832.0998,558.0417 833.4233,559.7665 834.5914,561.6000 835.5952,563.5284 836.4271,565.5369 837.0809,567.6102 837.5514,569.7327 837.8352,571.8881 837.9300,574.0600;
  BEGIN_ASSOC
    ADD N5 :F1.000000 :R0 :T12345 'net=N__4' 0.00, 0.00;
  END_ASSOC
ADD P5 :W0.000000  733.2500,576.8600 733.1552,579.0319 732.8714,581.1873 732.4009,583.3098 731.7471,585.3831 730.9152,587.3916 729.9114,589.3200 728.7433,591.1535 727.4198,592.8783 725.9511,594.4811 724.3483,595.9498 722.6235,597.2733 720.7900,598.4414 718.8616,599.4452 716.8531,600.2771 714.7798,600.9309 712.6573,601.4014 710.5019,601.6852 708.3300,601.7800 706.1581,601.6852 704.0027,601.4014 701.8802,600.9309 699.8069,600.2771 697.7984,599.4452 695.8700,598.4414 694.0365,597.2733 692.3117,595.9498 690.7089,594.4811 689.2402,592.8783 687.9167,591.1535 686.7486,589.3200 685.7448,587.3916 684.9129,585.3831 684.2591,583.3098 683.7886,581.1873 683.5048,579.0319 683.4100,576.8600 683.5048,574.6881 683.7886,572.5327 684.2591,570.4102 684.9129,568.3369 685.7448,566.3284 686.7486,564.4000 687.9167,562.5665 689.2402,560.8417 690.7089,559.2389 692.3117,557.7702 694.0365,556.4467 695.8700,555.2786 697.7984,554.2748 699.8069,553.4429 701.8802,552.7891 704.0027,552.3186 706.1581,552.0348 708.3300,551.9400 710.5019,552.0348 712.6573,552.3186 714.7798,552.7891 716.8531,553.4429 718.8616,554.2748 720.7900,555.2786 722.6235,556.4467 724.3483,557.7702 725.9511,559.2389 727.4198,560.8417 728.7433,562.5665 729.9114,564.4000 730.9152,566.3284 731.7471,568.3369 732.4009,570.4102 732.8714,572.5327 733.1552,574.6881 733.2500,576.8600;
  BEGIN_ASSOC
    ADD N5 :F1.000000 :R0 :T12345 'net=N__4' 0.00, 0.00;
  END_ASSOC
ADD P5 :W0.000000  731.6900,509.8700 731.5952,512.0419 731.3114,514.1973 730.8409,516.3198 730.1871,518.3931 729.3552,520.4016 728.3514,522.3300 727.1833,524.1635 725.8598,525.8883 724.3911,527.4911 722.7883,528.9598 721.0635,530.2833 719.2300,531.4514 717.3016,532.4552 715.2931,533.2871 713.2198,533.9409 711.0973,534.4114 708.9419,534.6952 706.7700,534.7900 704.5981,534.6952 702.4427,534.4114 700.3202,533.9409 698.2469,533.2871 696.2384,532.4552 694.3100,531.4514 692.4765,530.2833 690.7517,528.9598 689.1489,527.4911 687.6802,525.8883 686.3567,524.1635 685.1886,522.3300 684.1848,520.4016 683.3529,518.3931 682.6991,516.3198 682.2286,514.1973 681.9448,512.0419 681.8500,509.8700 681.9448,507.6981 682.2286,505.5427 682.6991,503.4202 683.3529,501.3469 684.1848,499.3384 685.1886,497.4100 686.3567,495.5765 687.6802,493.8517 689.1489,492.2489 690.7517,490.7802 692.4765,489.4567 694.3100,488.2886 696.2384,487.2848 698.2469,486.4529 700.3202,485.7991 702.4427,485.3286 704.5981,485.0448 706.7700,484.9500 708.9419,485.0448 711.0973,485.3286 713.2198,485.7991 715.2931,486.4529 717.3016,487.2848 719.2300,488.2886 721.0635,489.4567 722.7883,490.7802 724.3911,492.2489 725.8598,493.8517 727.1833,495.5765 728.3514,497.4100 729.3552,499.3384 730.1871,501.3469 730.8409,503.4202 731.3114,505.5427 731.5952,507.6981 731.6900,509.8700;
  BEGIN_ASSOC
    ADD N5 :F1.000000 :R0 :T12345 'net=N__4' 0.00, 0.00;
  END_ASSOC
ADD P5 :W0.000000  835.7400,509.9000 835.6452,512.0719 835.3614,514.2273 834.8909,516.3498 834.2371,518.4231 833.4052,520.4316 832.4014,522.3600 831.2333,524.1935 829.9098,525.9183 828.4411,527.5211 826.8383,528.9898 825.1135,530.3133 823.2800,531.4814 821.3516,532.4852 819.3431,533.3171 817.2698,533.9709 815.1473,534.4414 812.9919,534.7252 810.8200,534.8200 808.6481,534.7252 806.4927,534.4414 804.3702,533.9709 802.2969,533.3171 800.2884,532.4852 798.3600,531.4814 796.5265,530.3133 794.8017,528.9898 793.1989,527.5211 791.7302,525.9183 790.4067,524.1935 789.2386,522.3600 788.2348,520.4316 787.4029,518.4231 786.7491,516.3498 786.2786,514.2273 785.9948,512.0719 785.9000,509.9000 785.9948,507.7281 786.2786,505.5727 786.7491,503.4502 787.4029,501.3769 788.2348,499.3684 789.2386,497.4400 790.4067,495.6065 791.7302,493.8817 793.1989,492.2789 794.8017,490.8102 796.5265,489.4867 798.3600,488.3186 800.2884,487.3148 802.2969,486.4829 804.3702,485.8291 806.4927,485.3586 808.6481,485.0748 810.8200,484.9800 812.9919,485.0748 815.1473,485.3586 817.2698,485.8291 819.3431,486.4829 821.3516,487.3148 823.2800,488.3186 825.1135,489.4867 826.8383,490.8102 828.4411,492.2789 829.9098,493.8817 831.2333,495.6065 832.4014,497.4400 833.4052,499.3684 834.2371,501.3769 834.8909,503.4502 835.3614,505.5727 835.6452,507.7281 835.7400,509.9000;
  BEGIN_ASSOC
    ADD N5 :F1.000000 :R0 :T12345 'net=N__4' 0.00, 0.00;
  END_ASSOC
SAVE;
