UNITS MIL,10000;
EDIT proj;
ADD P1 :W0.000000  0.0000,19.6850 0.0000,-29.5276 157.4803,-29.5276 157.4803,29.5276 78.7402,29.5276 78.7402,19.6850;
ADD P1 :W0.000000  -118.1102,-19.6850 0.0000,-19.6850 0.0000,19.6850 -118.1102,19.6850;
ADD P1 :W0.000000  -118.1102,-19.6850 -118.1102,19.6850 -177.1653,19.6850 -177.1653,-19.6850;
ADD P1 :W0.000000  -177.1654,492.1259 -177.1654,19.6850 -118.1102,19.6850 -118.1102,492.1259;
ADD P1 :W0.000000  -88.5827,521.6534 -88.5826,521.6534 -88.5826,580.7086 -88.5827,580.7086 -96.3032,580.3715 -103.9649,579.3628 -111.5096,577.6902 -118.8798,575.3664 -126.0194,572.4091 -132.8741,568.8408 -139.3916,564.6886 -145.5226,559.9842 -151.2201,554.7633 -156.4410,549.0658 -161.1454,542.9348 -165.2976,536.4173 -168.8659,529.5626 -171.8232,522.4230 -174.1470,515.0528 -175.8196,507.5081 -176.8283,499.8464 -177.1654,492.1259 -177.1654,492.1258 -118.1103,492.1258 -118.1103,492.1259 -117.9979,494.6994 -117.6617,497.2533 -117.1042,499.7682 -116.3296,502.2249 -115.3438,504.6048 -114.1544,506.8897 -112.7703,509.0622 -111.2022,511.1059 -109.4619,513.0051 -107.5627,514.7454 -105.5190,516.3135 -103.3465,517.6976 -101.0616,518.8870 -98.6817,519.8728 -96.2250,520.6474 -93.7101,521.2049 -91.1562,521.5411 -88.5827,521.6535;
ADD P1 :W0.000000  226.3779,580.7086 -88.5827,580.7086 -88.5827,521.6534 226.3779,521.6534;
ADD P1 :W0.000000  255.9054,492.1259 255.9054,492.1258 314.9606,492.1258 314.9606,492.1259 314.6235,499.8464 313.6148,507.5081 311.9422,515.0528 309.6184,522.4230 306.6611,529.5626 303.0928,536.4173 298.9406,542.9348 294.2362,549.0658 289.0153,554.7633 283.3178,559.9842 277.1868,564.6886 270.6693,568.8408 263.8146,572.4091 256.6750,575.3664 249.3048,577.6902 241.7601,579.3628 234.0984,580.3715 226.3779,580.7086 226.3778,580.7086 226.3778,521.6535 226.3779,521.6535 228.9514,521.5411 231.5053,521.2049 234.0202,520.6474 236.4769,519.8728 238.8568,518.8870 241.1417,517.6976 243.3142,516.3135 245.3579,514.7454 247.2571,513.0051 248.9974,511.1059 250.5655,509.0622 251.9496,506.8897 253.1390,504.6048 254.1248,502.2249 254.8994,499.7682 255.4569,497.2533 255.7931,494.6994 255.9055,492.1259;
ADD P1 :W0.000000  314.9606,413.3857 314.9606,492.1259 255.9054,492.1259 255.9054,413.3857;
ADD P1 :W0.000000  314.9606,413.3857 314.9606,413.3858 255.9054,413.3858 255.9054,413.3857 256.2425,405.6652 257.2512,398.0035 258.9238,390.4588 261.2476,383.0886 264.2049,375.9490 267.7732,369.0943 271.9254,362.5768 276.6298,356.4458 281.8507,350.7483 287.5482,345.5274 293.6792,340.8230 300.1967,336.6708 307.0514,333.1025 314.1910,330.1452 321.5612,327.8214 329.1059,326.1488 336.7676,325.1401 344.4881,324.8030 344.4882,324.8030 344.4882,383.8581 344.4881,383.8581 341.9146,383.9705 339.3607,384.3067 336.8458,384.8642 334.3891,385.6388 332.0092,386.6246 329.7243,387.8140 327.5518,389.1981 325.5081,390.7662 323.6089,392.5065 321.8686,394.4057 320.3005,396.4494 318.9164,398.6219 317.7270,400.9068 316.7412,403.2867 315.9666,405.7434 315.4091,408.2583 315.0729,410.8122 314.9605,413.3857;
ADD P1 :W0.000000  383.8582,383.8582 344.4881,383.8582 344.4881,324.8030 383.8582,324.8030;
ADD P1 :W0.000000  431.1023,295.2755 431.1023,413.3857 383.8582,413.3857 383.8582,324.8030 407.4803,324.8030 407.4803,295.2755;
ADD P1 :W0.000000  509.8425,413.3857 431.1023,413.3857 431.1023,295.2755 509.8425,295.2755;
ADD P1 :W0.000000  557.0866,295.2755 557.0866,413.3857 509.8425,413.3857 509.8425,295.2755;
ADD P1 :W0.000000  675.1968,413.3857 557.0866,413.3857 557.0866,295.2755 675.1968,295.2755;
ADD P1 :W0.000000  -295.2755,-19.6850 -177.1653,-19.6850 -177.1653,19.6850 -295.2755,19.6850;
ADD P1 :W0.000000  -334.6456,-27.5591 -295.2755,-27.5591 -295.2755,27.5591 -334.6456,27.5591;
ADD P1 :W0.000000  0.0000,-29.5276 0.0000,-305.1182 157.4804,-305.1182 157.4804,-29.5276;
ADD P1 :W0.000000  157.4803,-29.5276 314.9606,-29.5276 314.9606,29.5276 157.4803,29.5276;
ADD P1 :W0.000000  314.9606,29.5276 314.9606,-59.0551 452.7559,-59.0551 452.7559,59.0551 383.8582,59.0551 383.8582,29.5276;
ADD P1 :W0.000000  314.9606,-59.0551 314.9606,-137.7953 452.7558,-137.7953 452.7558,-59.0551;
ADD P1 :W0.000000  452.7559,-59.0551 531.4961,-59.0551 531.4961,59.0551 452.7559,59.0551;
ADD P1 :W0.000000  590.5512,-33.4646 787.4016,-33.4646 787.4016,33.4646 590.5512,33.4646;
ADD P1 :W0.000000  358.1400,459.7000 610.1900,459.7000 610.1900,584.5100 358.1400,584.5100;
  BEGIN_ASSOC
    ADD N1 :F1.000000 :R0 :T12345 'net=N__30' 0.00, 0.00;
  END_ASSOC
ADD P5 :W0.000000  571.7446,494.7557 571.6755,496.3393 571.4686,497.9109 571.1255,499.4584 570.6488,500.9702 570.0422,502.4347 569.3103,503.8407 568.4586,505.1776 567.4936,506.4352 566.4227,507.6038 565.2541,508.6747 563.9965,509.6397 562.6596,510.4914 561.2536,511.2233 559.7891,511.8299 558.2773,512.3066 556.7298,512.6497 555.1582,512.8566 553.5746,512.9257 551.9910,512.8566 550.4194,512.6497 548.8719,512.3066 547.3601,511.8299 545.8956,511.2233 544.4896,510.4914 543.1527,509.6397 541.8951,508.6747 540.7265,507.6038 539.6556,506.4352 538.6906,505.1776 537.8389,503.8407 537.1070,502.4347 536.5004,500.9702 536.0237,499.4584 535.6806,497.9109 535.4737,496.3393 535.4046,494.7557 535.4737,493.1721 535.6806,491.6005 536.0237,490.0530 536.5004,488.5412 537.1070,487.0767 537.8389,485.6707 538.6906,484.3338 539.6556,483.0762 540.7265,481.9076 541.8951,480.8367 543.1527,479.8717 544.4896,479.0200 545.8956,478.2881 547.3601,477.6815 548.8719,477.2048 550.4194,476.8617 551.9910,476.6548 553.5746,476.5857 555.1582,476.6548 556.7298,476.8617 558.2773,477.2048 559.7891,477.6815 561.2536,478.2881 562.6596,479.0200 563.9965,479.8717 565.2541,480.8367 566.4227,481.9076 567.4936,483.0762 568.4586,484.3338 569.3103,485.6707 570.0422,487.0767 570.6488,488.5412 571.1255,490.0530 571.4686,491.6005 571.6755,493.1721 571.7446,494.7557;
  BEGIN_ASSOC
    ADD N5 :F1.000000 :R0 :T12345 'net=N__30' 0.00, 0.00;
  END_ASSOC
ADD P5 :W0.000000  495.0500,493.6200 494.9809,495.2036 494.7740,496.7752 494.4309,498.3227 493.9542,499.8345 493.3476,501.2990 492.6157,502.7050 491.7640,504.0419 490.7990,505.2995 489.7281,506.4681 488.5595,507.5390 487.3019,508.5040 485.9650,509.3557 484.5590,510.0876 483.0945,510.6942 481.5827,511.1709 480.0352,511.5140 478.4636,511.7209 476.8800,511.7900 475.2964,511.7209 473.7248,511.5140 472.1773,511.1709 470.6655,510.6942 469.2010,510.0876 467.7950,509.3557 466.4581,508.5040 465.2005,507.5390 464.0319,506.4681 462.9610,505.2995 461.9960,504.0419 461.1443,502.7050 460.4124,501.2990 459.8058,499.8345 459.3291,498.3227 458.9860,496.7752 458.7791,495.2036 458.7100,493.6200 458.7791,492.0364 458.9860,490.4648 459.3291,488.9173 459.8058,487.4055 460.4124,485.9410 461.1443,484.5350 461.9960,483.1981 462.9610,481.9405 464.0319,480.7719 465.2005,479.7010 466.4581,478.7360 467.7950,477.8843 469.2010,477.1524 470.6655,476.5458 472.1773,476.0691 473.7248,475.7260 475.2964,475.5191 476.8800,475.4500 478.4636,475.5191 480.0352,475.7260 481.5827,476.0691 483.0945,476.5458 484.5590,477.1524 485.9650,477.8843 487.3019,478.7360 488.5595,479.7010 489.7281,480.7719 490.7990,481.9405 491.7640,483.1981 492.6157,484.5350 493.3476,485.9410 493.9542,487.4055 494.4309,488.9173 494.7740,490.4648 494.9809,492.0364 495.0500,493.6200;
  BEGIN_ASSOC
    ADD N5 :F1.000000 :R0 :T12345 'net=N__30' 0.00, 0.00;
  END_ASSOC
ADD P5 :W0.000000  570.1900,549.3600 570.1209,550.9436 569.9140,552.5152 569.5709,554.0627 569.0942,555.5745 568.4876,557.0390 567.7557,558.4450 566.9040,559.7819 565.9390,561.0395 564.8681,562.2081 563.6995,563.2790 562.4419,564.2440 561.1050,565.0957 559.6990,565.8276 558.2345,566.4342 556.7227,566.9109 555.1752,567.2540 553.6036,567.4609 552.0200,567.5300 550.4364,567.4609 548.8648,567.2540 547.3173,566.9109 545.8055,566.4342 544.3410,565.8276 542.9350,565.0957 541.5981,564.2440 540.3405,563.2790 539.1719,562.2081 538.1010,561.0395 537.1360,559.7819 536.2843,558.4450 535.5524,557.0390 534.9458,555.5745 534.4691,554.0627 534.1260,552.5152 533.9191,550.9436 533.8500,549.3600 533.9191,547.7764 534.1260,546.2048 534.4691,544.6573 534.9458,543.1455 535.5524,541.6810 536.2843,540.2750 537.1360,538.9381 538.1010,537.6805 539.1719,536.5119 540.3405,535.4410 541.5981,534.4760 542.9350,533.6243 544.3410,532.8924 545.8055,532.2858 547.3173,531.8091 548.8648,531.4660 550.4364,531.2591 552.0200,531.1900 553.6036,531.2591 555.1752,531.4660 556.7227,531.8091 558.2345,532.2858 559.6990,532.8924 561.1050,533.6243 562.4419,534.4760 563.6995,535.4410 564.8681,536.5119 565.9390,537.6805 566.9040,538.9381 567.7557,540.2750 568.4876,541.6810 569.0942,543.1455 569.5709,544.6573 569.9140,546.2048 570.1209,547.7764 570.1900,549.3600;
  BEGIN_ASSOC
    ADD N5 :F1.000000 :R0 :T12345 'net=N__30' 0.00, 0.00;
  END_ASSOC
ADD P5 :W0.000000  412.6600,499.6800 412.5909,501.2636 412.3840,502.8352 412.0409,504.3827 411.5642,505.8945 410.9576,507.3590 410.2257,508.7650 409.3740,510.1019 408.4090,511.3595 407.3381,512.5281 406.1695,513.5990 404.9119,514.5640 403.5750,515.4157 402.1690,516.1476 400.7045,516.7542 399.1927,517.2309 397.6452,517.5740 396.0736,517.7809 394.4900,517.8500 392.9064,517.7809 391.3348,517.5740 389.7873,517.2309 388.2755,516.7542 386.8110,516.1476 385.4050,515.4157 384.0681,514.5640 382.8105,513.5990 381.6419,512.5281 380.5710,511.3595 379.6060,510.1019 378.7543,508.7650 378.0224,507.3590 377.4158,505.8945 376.9391,504.3827 376.5960,502.8352 376.3891,501.2636 376.3200,499.6800 376.3891,498.0964 376.5960,496.5248 376.9391,494.9773 377.4158,493.4655 378.0224,492.0010 378.7543,490.5950 379.6060,489.2581 380.5710,488.0005 381.6419,486.8319 382.8105,485.7610 384.0681,484.7960 385.4050,483.9443 386.8110,483.2124 388.2755,482.6058 389.7873,482.1291 391.3348,481.7860 392.9064,481.5791 394.4900,481.5100 396.0736,481.5791 397.6452,481.7860 399.1927,482.1291 400.7045,482.6058 402.1690,483.2124 403.5750,483.9443 404.9119,484.7960 406.1695,485.7610 407.3381,486.8319 408.4090,488.0005 409.3740,489.2581 410.2257,490.5950 410.9576,492.0010 411.5642,493.4655 412.0409,494.9773 412.3840,496.5248 412.5909,498.0964 412.6600,499.6800;
  BEGIN_ASSOC
    ADD N5 :F1.000000 :R0 :T12345 'net=N__30' 0.00, 0.00;
  END_ASSOC
ADD P5 :W0.000000  492.6300,548.1500 492.5609,549.7336 492.3540,551.3052 492.0109,552.8527 491.5342,554.3645 490.9276,555.8290 490.1957,557.2350 489.3440,558.5719 488.3790,559.8295 487.3081,560.9981 486.1395,562.0690 484.8819,563.0340 483.5450,563.8857 482.1390,564.6176 480.6745,565.2242 479.1627,565.7009 477.6152,566.0440 476.0436,566.2509 474.4600,566.3200 472.8764,566.2509 471.3048,566.0440 469.7573,565.7009 468.2455,565.2242 466.7810,564.6176 465.3750,563.8857 464.0381,563.0340 462.7805,562.0690 461.6119,560.9981 460.5410,559.8295 459.5760,558.5719 458.7243,557.2350 457.9924,555.8290 457.3858,554.3645 456.9091,552.8527 456.5660,551.3052 456.3591,549.7336 456.2900,548.1500 456.3591,546.5664 456.5660,544.9948 456.9091,543.4473 457.3858,541.9355 457.9924,540.4710 458.7243,539.0650 459.5760,537.7281 460.5410,536.4705 461.6119,535.3019 462.7805,534.2310 464.0381,533.2660 465.3750,532.4143 466.7810,531.6824 468.2455,531.0758 469.7573,530.5991 471.3048,530.2560 472.8764,530.0491 474.4600,529.9800 476.0436,530.0491 477.6152,530.2560 479.1627,530.5991 480.6745,531.0758 482.1390,531.6824 483.5450,532.4143 484.8819,533.2660 486.1395,534.2310 487.3081,535.3019 488.3790,536.4705 489.3440,537.7281 490.1957,539.0650 490.9276,540.4710 491.5342,541.9355 492.0109,543.4473 492.3540,544.9948 492.5609,546.5664 492.6300,548.1500;
  BEGIN_ASSOC
    ADD N5 :F1.000000 :R0 :T12345 'net=N__30' 0.00, 0.00;
  END_ASSOC
ADD P5 :W0.000000  415.0800,549.3700 415.0109,550.9536 414.8040,552.5252 414.4609,554.0727 413.9842,555.5845 413.3776,557.0490 412.6457,558.4550 411.7940,559.7919 410.8290,561.0495 409.7581,562.2181 408.5895,563.2890 407.3319,564.2540 405.9950,565.1057 404.5890,565.8376 403.1245,566.4442 401.6127,566.9209 400.0652,567.2640 398.4936,567.4709 396.9100,567.5400 395.3264,567.4709 393.7548,567.2640 392.2073,566.9209 390.6955,566.4442 389.2310,565.8376 387.8250,565.1057 386.4881,564.2540 385.2305,563.2890 384.0619,562.2181 382.9910,561.0495 382.0260,559.7919 381.1743,558.4550 380.4424,557.0490 379.8358,555.5845 379.3591,554.0727 379.0160,552.5252 378.8091,550.9536 378.7400,549.3700 378.8091,547.7864 379.0160,546.2148 379.3591,544.6673 379.8358,543.1555 380.4424,541.6910 381.1743,540.2850 382.0260,538.9481 382.9910,537.6905 384.0619,536.5219 385.2305,535.4510 386.4881,534.4860 387.8250,533.6343 389.2310,532.9024 390.6955,532.2958 392.2073,531.8191 393.7548,531.4760 395.3264,531.2691 396.9100,531.2000 398.4936,531.2691 400.0652,531.4760 401.6127,531.8191 403.1245,532.2958 404.5890,532.9024 405.9950,533.6343 407.3319,534.4860 408.5895,535.4510 409.7581,536.5219 410.8290,537.6905 411.7940,538.9481 412.6457,540.2850 413.3776,541.6910 413.9842,543.1555 414.4609,544.6673 414.8040,546.2148 415.0109,547.7864 415.0800,549.3700;
  BEGIN_ASSOC
    ADD N5 :F1.000000 :R0 :T12345 'net=N__30' 0.00, 0.00;
  END_ASSOC
SAVE;
