BEGIN DSCRDATA
% INDEX	K01	L01	M01	K02	L02	M02	K03	L03	M03	K04	L04	M04	K05	L05	M05	K06	L06	M06	K07	L07	M07	K08	L08	M08	K09	L09	M09	K10	L10	M10	K11	L11	M11	K12	L12	M12	K13	L13	M13	K14	L14	M14	K15	L15	M15	K16	L16	M16	K17	L17	M17	K18	L18	M18
0	1.03452403341348E-09	1.0E+10	1.0E+10	1E-30	1.67030998760502E-10	1.0E+10	1E-30	1.0E+10	0.278358456109465	3.66907541595533E-08	1.0E+10	21.8675755612247	5.70394444617511E-08	1.0E+10	1.99065572169587	3.13455061538642E-08	1.0E+10	0.370677441289421	2.11815592157973E-08	1.0E+10	0.108306112852129	2.00221929002412E-11	2.03639990474181E-10	4.40113695693196	1.73823085809746E-12	1.89341843728741E-10	18.6977753629943	1.0E+10	1E-30	1.0E-10	1.0E+10	1E-30	1.0E-10	1.0E+10	1E-30	1.0E-10	1.0E+10	1E-30	1.0E-10	1.0E+10	1E-30	1.0E-10	1.0E+10	1E-30	1.0E-10	1.0E+10	1E-30	1.0E-10	1.0E+10	1E-30	1.0E-10	1.0E+10	1E-30	1.0E-10
1	1.03452403341348E-09	1.0E+10	1.0E+10	1E-30	1.67030998760502E-10	1.0E+10	1E-30	1.0E+10	0.278358456109465	3.66907541595533E-08	1.0E+10	21.8675755612247	5.70394444617511E-08	1.0E+10	1.99065572169587	3.13455061538642E-08	1.0E+10	0.370677441289421	2.11815592157973E-08	1.0E+10	0.108306112852129	2.00221929002412E-11	2.03639990474181E-10	4.40113695693196	1.73823085809746E-12	1.89341843728741E-10	18.6977753629943	1.0E+10	1E-30	1.0E-10	1.0E+10	1E-30	1.0E-10	1.0E+10	1E-30	1.0E-10	1.0E+10	1E-30	1.0E-10	1.0E+10	1E-30	1.0E-10	1.0E+10	1E-30	1.0E-10	1.0E+10	1E-30	1.0E-10	1.0E+10	1E-30	1.0E-10	1.0E+10	1E-30	1.0E-10
2	1.15197386612772E-09	1.0E+10	1.0E+10	1E-30	2.37735647653697E-10	1.0E+10	1E-30	1.0E+10	0.272786905148431	4.3479496216095E-08	1.0E+10	73.3727089738899	6.40445923323778E-08	1.0E+10	8.13594383510829	5.83071752084654E-08	1.0E+10	1.11884912634131	2.13360513569812E-08	1.0E+10	0.274811495308586	1.76692500401811E-11	2.03869316120702E-10	4.25154844563573	1.60321658640157E-12	1.81983257926512E-10	22.0809068561881	1.0E+10	1E-30	1.0E-10	1.0E+10	1E-30	1.0E-10	1.0E+10	1E-30	1.0E-10	1.0E+10	1E-30	1.0E-10	1.0E+10	1E-30	1.0E-10	1.0E+10	1E-30	1.0E-10	1.0E+10	1E-30	1.0E-10	1.0E+10	1E-30	1.0E-10	1.0E+10	1E-30	1.0E-10
3	1.15197386612772E-09	1.0E+10	1.0E+10	1E-30	2.37735647653697E-10	1.0E+10	1E-30	1.0E+10	0.272786905148431	4.3479496216095E-08	1.0E+10	73.3727089738899	6.40445923323778E-08	1.0E+10	8.13594383510829	5.83071752084654E-08	1.0E+10	1.11884912634131	2.13360513569812E-08	1.0E+10	0.274811495308586	1.76692500401811E-11	2.03869316120702E-10	4.25154844563573	1.60321658640157E-12	1.81983257926512E-10	22.0809068561881	1.0E+10	1E-30	1.0E-10	1.0E+10	1E-30	1.0E-10	1.0E+10	1E-30	1.0E-10	1.0E+10	1E-30	1.0E-10	1.0E+10	1E-30	1.0E-10	1.0E+10	1E-30	1.0E-10	1.0E+10	1E-30	1.0E-10	1.0E+10	1E-30	1.0E-10	1.0E+10	1E-30	1.0E-10
4	1.46672916347734E-09	1.0E+10	1.0E+10	1E-30	1.91798506872707E-10	1.0E+10	1E-30	1.0E+10	0.174277025132344	5.55532054366084E-08	1.0E+10	18.1822720471369	9.15933538693747E-08	1.0E+10	1.14774278259071	5.28459481631649E-08	1.0E+10	0.264338090901696	1.46387776372904E-08	1.0E+10	0.117403904562528	1.10660924860897E-11	2.54906208735865E-10	5.48195195115078	2.45406766819663E-12	1.49429650189264E-10	15.735969619223	1.0E+10	1E-30	1.0E-10	1.0E+10	1E-30	1.0E-10	1.0E+10	1E-30	1.0E-10	1.0E+10	1E-30	1.0E-10	1.0E+10	1E-30	1.0E-10	1.0E+10	1E-30	1.0E-10	1.0E+10	1E-30	1.0E-10	1.0E+10	1E-30	1.0E-10	1.0E+10	1E-30	1.0E-10
5	1.46672916347734E-09	1.0E+10	1.0E+10	1E-30	1.91798506872707E-10	1.0E+10	1E-30	1.0E+10	0.174277025132344	5.55532054366084E-08	1.0E+10	18.1822720471369	9.15933538693747E-08	1.0E+10	1.14774278259071	5.28459481631649E-08	1.0E+10	0.264338090901696	1.46387776372904E-08	1.0E+10	0.117403904562528	1.10660924860897E-11	2.54906208735865E-10	5.48195195115078	2.45406766819663E-12	1.49429650189264E-10	15.735969619223	1.0E+10	1E-30	1.0E-10	1.0E+10	1E-30	1.0E-10	1.0E+10	1E-30	1.0E-10	1.0E+10	1E-30	1.0E-10	1.0E+10	1E-30	1.0E-10	1.0E+10	1E-30	1.0E-10	1.0E+10	1E-30	1.0E-10	1.0E+10	1E-30	1.0E-10	1.0E+10	1E-30	1.0E-10
6	1.80183942400531E-09	1.0E+10	1.0E+10	1E-30	1.58327172349695E-10	1.0E+10	1E-30	1.0E+10	0.152454845242766	5.37170795269342E-08	1.0E+10	37.5184494200947	1.06779996318782E-07	1.0E+10	1.89095651588373	7.38737085279436E-08	1.0E+10	0.368707135087317	2.39050634935107E-08	1.0E+10	0.116595433643131	9.71471751338255E-10	4.42242937376261E-11	0.253227393573763	1.71019354878887E-11	1.60069575582645E-10	3.93451724397803	2.15254973388065E-12	1.8171705054012E-10	17.8255638514811	1.0E+10	1E-30	1.0E-10	1.0E+10	1E-30	1.0E-10	1.0E+10	1E-30	1.0E-10	1.0E+10	1E-30	1.0E-10	1.0E+10	1E-30	1.0E-10	1.0E+10	1E-30	1.0E-10	1.0E+10	1E-30	1.0E-10	1.0E+10	1E-30	1.0E-10
7	1.80183942400531E-09	1.0E+10	1.0E+10	1E-30	1.58327172349695E-10	1.0E+10	1E-30	1.0E+10	0.152454845242766	5.37170795269342E-08	1.0E+10	37.5184494200947	1.06779996318782E-07	1.0E+10	1.89095651588373	7.38737085279436E-08	1.0E+10	0.368707135087317	2.39050634935107E-08	1.0E+10	0.116595433643131	9.71471751338255E-10	4.42242937376261E-11	0.253227393573763	1.71019354878887E-11	1.60069575582645E-10	3.93451724397803	2.15254973388065E-12	1.8171705054012E-10	17.8255638514811	1.0E+10	1E-30	1.0E-10	1.0E+10	1E-30	1.0E-10	1.0E+10	1E-30	1.0E-10	1.0E+10	1E-30	1.0E-10	1.0E+10	1E-30	1.0E-10	1.0E+10	1E-30	1.0E-10	1.0E+10	1E-30	1.0E-10	1.0E+10	1E-30	1.0E-10
8	2.18269876530506E-09	1.0E+10	1.0E+10	1E-30	1.6447711051801E-10	1.0E+10	1E-30	1.0E+10	0.134785822956073	7.1576425312311E-08	1.0E+10	26.277695114797	1.68238929157452E-07	1.0E+10	1.39888507590959	1.0237046468855E-07	1.0E+10	0.324992474179821	3.6004235554267E-08	1.0E+10	9.70079480665996E-02	1.78872616982732E-08	9.53628071659489E-12	6.41533664103945E-02	2.19217976482074E-09	2.83279350456113E-11	0.197227759331012	1.52731864670652E-11	1.63464858655869E-10	3.50189049993734	2.65107309874242E-12	1.38325296791462E-10	16.89958284365	1.0E+10	1E-30	1.0E-10	1.0E+10	1E-30	1.0E-10	1.0E+10	1E-30	1.0E-10	1.0E+10	1E-30	1.0E-10	1.0E+10	1E-30	1.0E-10	1.0E+10	1E-30	1.0E-10	1.0E+10	1E-30	1.0E-10
9	2.18269876530506E-09	1.0E+10	1.0E+10	1E-30	1.6447711051801E-10	1.0E+10	1E-30	1.0E+10	0.134785822956073	7.1576425312311E-08	1.0E+10	26.277695114797	1.68238929157452E-07	1.0E+10	1.39888507590959	1.0237046468855E-07	1.0E+10	0.324992474179821	3.6004235554267E-08	1.0E+10	9.70079480665996E-02	1.78872616982732E-08	9.53628071659489E-12	6.41533664103945E-02	2.19217976482074E-09	2.83279350456113E-11	0.197227759331012	1.52731864670652E-11	1.63464858655869E-10	3.50189049993734	2.65107309874242E-12	1.38325296791462E-10	16.89958284365	1.0E+10	1E-30	1.0E-10	1.0E+10	1E-30	1.0E-10	1.0E+10	1E-30	1.0E-10	1.0E+10	1E-30	1.0E-10	1.0E+10	1E-30	1.0E-10	1.0E+10	1E-30	1.0E-10	1.0E+10	1E-30	1.0E-10
10	2.6882106617972E-09	1.0E+10	1.0E+10	1E-30	1.76309985430473E-10	1.0E+10	1E-30	1.0E+10	0.108081904420412	1.54690178751322E-07	1.0E+10	6.99672062455835	1.86849970149653E-07	1.0E+10	0.925646677818157	1.22034403419639E-07	1.0E+10	0.198924905838491	4.23138246885793E-08	1.0E+10	6.74045418539137E-02	1E-30	1.52180440217972E-10	1.6241011348619	1.73751428514413E-08	1.40015656042507E-11	0.082914311018896	3.23637678201519E-09	2.99777033979434E-11	0.173220674214099	1.46302371316471E-10	1.6910734694351E-11	0.658044807735176	4.20551769539074E-12	9.85223115072189E-11	13.9353298268478	1.0E+10	1E-30	1.0E-10	1.0E+10	1E-30	1.0E-10	1.0E+10	1E-30	1.0E-10	1.0E+10	1E-30	1.0E-10	1.0E+10	1E-30	1.0E-10	1.0E+10	1E-30	1.0E-10
11	2.6882106617972E-09	1.0E+10	1.0E+10	1E-30	1.76309985430473E-10	1.0E+10	1E-30	1.0E+10	0.108081904420412	1.54690178751322E-07	1.0E+10	6.99672062455835	1.86849970149653E-07	1.0E+10	0.925646677818157	1.22034403419639E-07	1.0E+10	0.198924905838491	4.23138246885793E-08	1.0E+10	6.74045418539137E-02	1E-30	1.52180440217972E-10	1.6241011348619	1.73751428514413E-08	1.40015656042507E-11	0.082914311018896	3.23637678201519E-09	2.99777033979434E-11	0.173220674214099	1.46302371316471E-10	1.6910734694351E-11	0.658044807735176	4.20551769539074E-12	9.85223115072189E-11	13.9353298268478	1.0E+10	1E-30	1.0E-10	1.0E+10	1E-30	1.0E-10	1.0E+10	1E-30	1.0E-10	1.0E+10	1E-30	1.0E-10	1.0E+10	1E-30	1.0E-10	1.0E+10	1E-30	1.0E-10
12	3.34668194406473E-09	1.0E+10	1.0E+10	1E-30	1.72553030690078E-10	1.0E+10	1E-30	1.0E+10	0.105438042695683	1.30614985683238E-07	1.0E+10	17.3126786231058	2.48497262490933E-07	1.0E+10	1.04676654681602	1.68004768601632E-07	1.0E+10	0.218700529617015	6.24196901918249E-08	1.0E+10	0.069159179907488	1.67367781047615E-08	1.54172520357848E-11	6.57096925619131E-02	3.74648908907683E-09	2.62703954576398E-11	0.173223448654058	1.09557753115282E-11	2.01688063744476E-10	3.65253285274099	3.41532816345748E-12	1.10642407683413E-10	14.1457339998965	1.0E+10	1E-30	1.0E-10	1.0E+10	1E-30	1.0E-10	1.0E+10	1E-30	1.0E-10	1.0E+10	1E-30	1.0E-10	1.0E+10	1E-30	1.0E-10	1.0E+10	1E-30	1.0E-10	1.0E+10	1E-30	1.0E-10
13	3.34668194406473E-09	1.0E+10	1.0E+10	1E-30	1.72553030690078E-10	1.0E+10	1E-30	1.0E+10	0.105438042695683	1.30614985683238E-07	1.0E+10	17.3126786231058	2.48497262490933E-07	1.0E+10	1.04676654681602	1.68004768601632E-07	1.0E+10	0.218700529617015	6.24196901918249E-08	1.0E+10	0.069159179907488	1.67367781047615E-08	1.54172520357848E-11	6.57096925619131E-02	3.74648908907683E-09	2.62703954576398E-11	0.173223448654058	1.09557753115282E-11	2.01688063744476E-10	3.65253285274099	3.41532816345748E-12	1.10642407683413E-10	14.1457339998965	1.0E+10	1E-30	1.0E-10	1.0E+10	1E-30	1.0E-10	1.0E+10	1E-30	1.0E-10	1.0E+10	1E-30	1.0E-10	1.0E+10	1E-30	1.0E-10	1.0E+10	1E-30	1.0E-10	1.0E+10	1E-30	1.0E-10
14	3.72945601481637E-09	1.0E+10	1.0E+10	1E-30	1.62494524060319E-10	1.0E+10	1E-30	1.0E+10	0.098545303261894	1.76980956093713E-07	1.0E+10	13.6908602521923	2.9893536759596E-07	1.0E+10	1.07051841716928	2.11630033292882E-07	1.0E+10	0.234203911081416	1.19008313371997E-07	1.0E+10	6.16019050894162E-02	1E-30	2.29939362385772E-10	3.1729615827126	1.76017712996141E-08	1.77217659413502E-11	7.06016640577365E-02	5.18345011793563E-09	2.45255248477229E-11	0.157145897167717	4.16741647703191E-12	8.41270203913102E-11	13.9798343206262	1.0E+10	1E-30	1.0E-10	1.0E+10	1E-30	1.0E-10	1.0E+10	1E-30	1.0E-10	1.0E+10	1E-30	1.0E-10	1.0E+10	1E-30	1.0E-10	1.0E+10	1E-30	1.0E-10	1.0E+10	1E-30	1.0E-10
15	3.72945601481637E-09	1.0E+10	1.0E+10	1E-30	1.62494524060319E-10	1.0E+10	1E-30	1.0E+10	0.098545303261894	1.76980956093713E-07	1.0E+10	13.6908602521923	2.9893536759596E-07	1.0E+10	1.07051841716928	2.11630033292882E-07	1.0E+10	0.234203911081416	1.19008313371997E-07	1.0E+10	6.16019050894162E-02	1E-30	2.29939362385772E-10	3.1729615827126	1.76017712996141E-08	1.77217659413502E-11	7.06016640577365E-02	5.18345011793563E-09	2.45255248477229E-11	0.157145897167717	4.16741647703191E-12	8.41270203913102E-11	13.9798343206262	1.0E+10	1E-30	1.0E-10	1.0E+10	1E-30	1.0E-10	1.0E+10	1E-30	1.0E-10	1.0E+10	1E-30	1.0E-10	1.0E+10	1E-30	1.0E-10	1.0E+10	1E-30	1.0E-10	1.0E+10	1E-30	1.0E-10
16	4.69062610070384E-09	1.0E+10	1.0E+10	1E-30	1.98350091592819E-10	1.0E+10	1E-30	1.0E+10	8.37496096108255E-02	1.50312866441285E-07	1.0E+10	24.9666985509234	3.64976140588068E-07	1.0E+10	0.918135900068329	2.76862715670807E-07	1.0E+10	0.191825778361095	1.29498421431442E-07	1.0E+10	6.20736051132391E-02	1E-30	9.76425434619106E-11	0.56727616069384	3.055591406122E-08	1.54168555290737E-11	6.23041775401052E-02	5.84521977427106E-09	3.326279168167E-11	0.133384021955066	5.56045433468033E-11	4.16114677751911E-11	1.11459678209313	4.02819307439728E-12	9.53263655103738E-11	11.1459678209313	1.0E+10	1E-30	1.0E-10	1.0E+10	1E-30	1.0E-10	1.0E+10	1E-30	1.0E-10	1.0E+10	1E-30	1.0E-10	1.0E+10	1E-30	1.0E-10	1.0E+10	1E-30	1.0E-10
17	4.69062610070384E-09	1.0E+10	1.0E+10	1E-30	1.98350091592819E-10	1.0E+10	1E-30	1.0E+10	8.37496096108255E-02	1.50312866441285E-07	1.0E+10	24.9666985509234	3.64976140588068E-07	1.0E+10	0.918135900068329	2.76862715670807E-07	1.0E+10	0.191825778361095	1.29498421431442E-07	1.0E+10	6.20736051132391E-02	1E-30	9.76425434619106E-11	0.56727616069384	3.055591406122E-08	1.54168555290737E-11	6.23041775401052E-02	5.84521977427106E-09	3.326279168167E-11	0.133384021955066	5.56045433468033E-11	4.16114677751911E-11	1.11459678209313	4.02819307439728E-12	9.53263655103738E-11	11.1459678209313	1.0E+10	1E-30	1.0E-10	1.0E+10	1E-30	1.0E-10	1.0E+10	1E-30	1.0E-10	1.0E+10	1E-30	1.0E-10	1.0E+10	1E-30	1.0E-10	1.0E+10	1E-30	1.0E-10
18	5.60691562011593E-09	1.0E+10	1.0E+10	1E-30	1.1894816363376E-10	1.0E+10	1E-30	1.0E+10	6.15945152071325E-02	1.89741489664468E-07	1.0E+10	12.7660183045204	3.60673448428204E-07	1.0E+10	0.560285818647424	5.35590448999927E-07	1.0E+10	6.67822883566233E-02	4.54105844535358E-07	1.0E+10	3.67789749349253E-02	1E-30	6.69292512745735E-11	0.16930258683664	1.81458381037808E-07	3.02533685575221E-12	2.86219442797515E-02	9.66910164851425E-09	2.24459811272385E-11	0.107490912406196	5.66899576026209E-12	1.76090622202692E-10	20.648866472042	1.86996850354021E-12	1.76077901011955E-10	25.4504146548184	1.0E+10	1E-30	1.0E-10	1.0E+10	1E-30	1.0E-10	1.0E+10	1E-30	1.0E-10	1.0E+10	1E-30	1.0E-10	1.0E+10	1E-30	1.0E-10	1.0E+10	1E-30	1.0E-10
19	5.60691562011593E-09	1.0E+10	1.0E+10	1E-30	1.1894816363376E-10	1.0E+10	1E-30	1.0E+10	6.15945152071325E-02	1.89741489664468E-07	1.0E+10	12.7660183045204	3.60673448428204E-07	1.0E+10	0.560285818647424	5.35590448999927E-07	1.0E+10	6.67822883566233E-02	4.54105844535358E-07	1.0E+10	3.67789749349253E-02	1E-30	6.69292512745735E-11	0.16930258683664	1.81458381037808E-07	3.02533685575221E-12	2.86219442797515E-02	9.66910164851425E-09	2.24459811272385E-11	0.107490912406196	5.66899576026209E-12	1.76090622202692E-10	20.648866472042	1.86996850354021E-12	1.76077901011955E-10	25.4504146548184	1.0E+10	1E-30	1.0E-10	1.0E+10	1E-30	1.0E-10	1.0E+10	1E-30	1.0E-10	1.0E+10	1E-30	1.0E-10	1.0E+10	1E-30	1.0E-10	1.0E+10	1E-30	1.0E-10
20	7.24180946227219E-09	1.0E+10	1.0E+10	1E-30	1.19598234596955E-10	1.0E+10	1E-30	1.0E+10	0.05303932730472	2.40793367957323E-07	1.0E+10	17.6260572411745	5.60152163059933E-07	1.0E+10	0.748480288548081	6.42703854340401E-07	1.0E+10	0.142719664889595	3.91559865672373E-07	1.0E+10	4.42979569832958E-02	1E-30	7.76334885503898E-11	0.177852244316131	6.93812366976046E-08	9.92339624236065E-12	4.81038789149272E-02	1.32073334307742E-08	2.17866526073984E-11	0.103187187805477	6.05161270393826E-12	1.41019835580072E-10	20.4819638562684	1.82850505444231E-12	1.8222769751907E-10	33.613246778984	1.0E+10	1E-30	1.0E-10	1.0E+10	1E-30	1.0E-10	1.0E+10	1E-30	1.0E-10	1.0E+10	1E-30	1.0E-10	1.0E+10	1E-30	1.0E-10	1.0E+10	1E-30	1.0E-10
21	7.24180946227219E-09	1.0E+10	1.0E+10	1E-30	1.19598234596955E-10	1.0E+10	1E-30	1.0E+10	0.05303932730472	2.40793367957323E-07	1.0E+10	17.6260572411745	5.60152163059933E-07	1.0E+10	0.748480288548081	6.42703854340401E-07	1.0E+10	0.142719664889595	3.91559865672373E-07	1.0E+10	4.42979569832958E-02	1E-30	7.76334885503898E-11	0.177852244316131	6.93812366976046E-08	9.92339624236065E-12	4.81038789149272E-02	1.32073334307742E-08	2.17866526073984E-11	0.103187187805477	6.05161270393826E-12	1.41019835580072E-10	20.4819638562684	1.82850505444231E-12	1.8222769751907E-10	33.613246778984	1.0E+10	1E-30	1.0E-10	1.0E+10	1E-30	1.0E-10	1.0E+10	1E-30	1.0E-10	1.0E+10	1E-30	1.0E-10	1.0E+10	1E-30	1.0E-10	1.0E+10	1E-30	1.0E-10
22	8.79260543629479E-09	1.0E+10	1.0E+10	1E-30	6.82642126637078E-11	1.0E+10	1E-30	1.0E+10	4.42234559650307E-02	4.31528657329382E-07	1.0E+10	4.86195001518308	6.04806776969601E-07	1.0E+10	0.258389545912115	2.15614634015781E-06	1.0E+10	0.231892614465528	4.77161005416145E-07	1.0E+10	5.05209582294662E-02	1E-30	8.19228782799657E-11	0.204376918514956	5.82618081329775E-08	1.67877945473047E-11	5.96501234632832E-02	1.35719944282196E-08	3.17582223072295E-11	0.11580784365771	6.66774967481642E-12	1.19378911459884E-10	18.3700904849735	1.3240002442402E-12	1.99381729085692E-10	49.843827583865	1.0E+10	1E-30	1.0E-10	1.0E+10	1E-30	1.0E-10	1.0E+10	1E-30	1.0E-10	1.0E+10	1E-30	1.0E-10	1.0E+10	1E-30	1.0E-10	1.0E+10	1E-30	1.0E-10
23	8.79260543629479E-09	1.0E+10	1.0E+10	1E-30	6.82642126637078E-11	1.0E+10	1E-30	1.0E+10	4.42234559650307E-02	4.31528657329382E-07	1.0E+10	4.86195001518308	6.04806776969601E-07	1.0E+10	0.258389545912115	2.15614634015781E-06	1.0E+10	0.231892614465528	4.77161005416145E-07	1.0E+10	5.05209582294662E-02	1E-30	8.19228782799657E-11	0.204376918514956	5.82618081329775E-08	1.67877945473047E-11	5.96501234632832E-02	1.35719944282196E-08	3.17582223072295E-11	0.11580784365771	6.66774967481642E-12	1.19378911459884E-10	18.3700904849735	1.3240002442402E-12	1.99381729085692E-10	49.843827583865	1.0E+10	1E-30	1.0E-10	1.0E+10	1E-30	1.0E-10	1.0E+10	1E-30	1.0E-10	1.0E+10	1E-30	1.0E-10	1.0E+10	1E-30	1.0E-10	1.0E+10	1E-30	1.0E-10
24	9.65879718200714E-09	1.0E+10	1.0E+10	1E-30	2.03516743602563E-10	1.0E+10	1E-30	1.0E+10	3.86206874952141E-02	4.06448488917075E-07	1.0E+10	12.455230270608	8.14322481839737E-07	1.0E+10	0.830750385611458	8.8638682102207E-07	1.0E+10	0.149268193013752	5.93472727620432E-07	1.0E+10	4.22901424590282E-02	1E-30	1.11364884323001E-10	0.229911616876312	7.0114664567356E-08	1.66983872995472E-11	6.51855832023528E-02	1.73502673519718E-08	3.0930518022503E-11	0.116409775346812	6.45043895477952E-12	9.43482923268389E-11	12.6860480804837	7.43391690237798E-12	5.32275351127807E-11	10.3649328323198	1.0E+10	1E-30	1.0E-10	1.0E+10	1E-30	1.0E-10	1.0E+10	1E-30	1.0E-10	1.0E+10	1E-30	1.0E-10	1.0E+10	1E-30	1.0E-10	1.0E+10	1E-30	1.0E-10
25	9.65879718200714E-09	1.0E+10	1.0E+10	1E-30	2.03516743602563E-10	1.0E+10	1E-30	1.0E+10	3.86206874952141E-02	4.06448488917075E-07	1.0E+10	12.455230270608	8.14322481839737E-07	1.0E+10	0.830750385611458	8.8638682102207E-07	1.0E+10	0.149268193013752	5.93472727620432E-07	1.0E+10	4.22901424590282E-02	1E-30	1.11364884323001E-10	0.229911616876312	7.0114664567356E-08	1.66983872995472E-11	6.51855832023528E-02	1.73502673519718E-08	3.0930518022503E-11	0.116409775346812	6.45043895477952E-12	9.43482923268389E-11	12.6860480804837	7.43391690237798E-12	5.32275351127807E-11	10.3649328323198	1.0E+10	1E-30	1.0E-10	1.0E+10	1E-30	1.0E-10	1.0E+10	1E-30	1.0E-10	1.0E+10	1E-30	1.0E-10	1.0E+10	1E-30	1.0E-10	1.0E+10	1E-30	1.0E-10
26	1.17939317785112E-08	1.0E+10	1.0E+10	1E-30	1.09347406607309E-10	1.0E+10	1E-30	1.0E+10	3.77485499937429E-02	5.07906883332212E-07	1.0E+10	5.70211580312279	7.18390218669709E-07	1.0E+10	0.34531718402377	6.33582318619673E-07	1.0E+10	4.71854954951323E-02	1E-30	8.44897274455763E-11	0.168395559458866	6.16877775387061E-08	2.07637010360521E-11	4.41069431774824E-02	2.4456287871195E-08	2.42762314908745E-11	0.100964002844559	6.9472684873245E-12	1.33044201477832E-10	18.8774324771782	1.58206001750685E-12	2.08563178560175E-10	38.5199751418981	1.0E+10	1E-30	1.0E-10	1.0E+10	1E-30	1.0E-10	1.0E+10	1E-30	1.0E-10	1.0E+10	1E-30	1.0E-10	1.0E+10	1E-30	1.0E-10	1.0E+10	1E-30	1.0E-10	1.0E+10	1E-30	1.0E-10
27	1.17939317785112E-08	1.0E+10	1.0E+10	1E-30	1.09347406607309E-10	1.0E+10	1E-30	1.0E+10	3.77485499937429E-02	5.07906883332212E-07	1.0E+10	5.70211580312279	7.18390218669709E-07	1.0E+10	0.34531718402377	6.33582318619673E-07	1.0E+10	4.71854954951323E-02	1E-30	8.44897274455763E-11	0.168395559458866	6.16877775387061E-08	2.07637010360521E-11	4.41069431774824E-02	2.4456287871195E-08	2.42762314908745E-11	0.100964002844559	6.9472684873245E-12	1.33044201477832E-10	18.8774324771782	1.58206001750685E-12	2.08563178560175E-10	38.5199751418981	1.0E+10	1E-30	1.0E-10	1.0E+10	1E-30	1.0E-10	1.0E+10	1E-30	1.0E-10	1.0E+10	1E-30	1.0E-10	1.0E+10	1E-30	1.0E-10	1.0E+10	1E-30	1.0E-10	1.0E+10	1E-30	1.0E-10
28	1.49751967326139E-08	1.0E+10	1.0E+10	1E-30	1.3300663882589E-10	1.0E+10	1E-30	1.0E+10	3.12700672276559E-02	7.48921641334838E-07	1.0E+10	3.3680904907928	1.1355846574279E-06	1.0E+10	0.262933469400193	7.73636725323204E-07	1.0E+10	5.33276495323402E-02	1E-30	9.2280864329668E-11	0.163589378012475	1.12290230199489E-07	1.62182697214316E-11	0.045021173149898	2.52091871143221E-08	3.1830572421691E-11	8.97646857792569E-02	7.10138081515648E-12	1.14700179847806E-10	19.5207221217849	2.19867721302393E-12	1.58261461190877E-10	25.7415163003231	1.0E+10	1E-30	1.0E-10	1.0E+10	1E-30	1.0E-10	1.0E+10	1E-30	1.0E-10	1.0E+10	1E-30	1.0E-10	1.0E+10	1E-30	1.0E-10	1.0E+10	1E-30	1.0E-10	1.0E+10	1E-30	1.0E-10
29	1.49751967326139E-08	1.0E+10	1.0E+10	1E-30	1.3300663882589E-10	1.0E+10	1E-30	1.0E+10	3.12700672276559E-02	7.48921641334838E-07	1.0E+10	3.3680904907928	1.1355846574279E-06	1.0E+10	0.262933469400193	7.73636725323204E-07	1.0E+10	5.33276495323402E-02	1E-30	9.2280864329668E-11	0.163589378012475	1.12290230199489E-07	1.62182697214316E-11	0.045021173149898	2.52091871143221E-08	3.1830572421691E-11	8.97646857792569E-02	7.10138081515648E-12	1.14700179847806E-10	19.5207221217849	2.19867721302393E-12	1.58261461190877E-10	25.7415163003231	1.0E+10	1E-30	1.0E-10	1.0E+10	1E-30	1.0E-10	1.0E+10	1E-30	1.0E-10	1.0E+10	1E-30	1.0E-10	1.0E+10	1E-30	1.0E-10	1.0E+10	1E-30	1.0E-10	1.0E+10	1E-30	1.0E-10
30	1.84769526070621E-08	1.0E+10	1.0E+10	1E-30	1.29674816581361E-10	1.0E+10	1E-30	1.0E+10	2.63139371823795E-02	8.63147602573638E-07	1.0E+10	2.92236907222784	1.10836168281524E-06	1.0E+10	0.206273115928428	1.18910737683822E-06	1.0E+10	2.42128024376807E-02	1E-30	1.10559086893709E-10	0.164936309681323	1.23444863690841E-07	1.97128243648741E-11	0.054869353042349	3.90120797408497E-08	2.88051213209359E-11	8.91561106343329E-02	8.32807192947535E-12	7.7344041205925E-11	15.5904432929181	2.19339513405565E-12	1.45128591616457E-10	29.9280661888776	1.0E+10	1E-30	1.0E-10	1.0E+10	1E-30	1.0E-10	1.0E+10	1E-30	1.0E-10	1.0E+10	1E-30	1.0E-10	1.0E+10	1E-30	1.0E-10	1.0E+10	1E-30	1.0E-10	1.0E+10	1E-30	1.0E-10
31	1.84769526070621E-08	1.0E+10	1.0E+10	1E-30	1.29674816581361E-10	1.0E+10	1E-30	1.0E+10	2.63139371823795E-02	8.63147602573638E-07	1.0E+10	2.92236907222784	1.10836168281524E-06	1.0E+10	0.206273115928428	1.18910737683822E-06	1.0E+10	2.42128024376807E-02	1E-30	1.10559086893709E-10	0.164936309681323	1.23444863690841E-07	1.97128243648741E-11	0.054869353042349	3.90120797408497E-08	2.88051213209359E-11	8.91561106343329E-02	8.32807192947535E-12	7.7344041205925E-11	15.5904432929181	2.19339513405565E-12	1.45128591616457E-10	29.9280661888776	1.0E+10	1E-30	1.0E-10	1.0E+10	1E-30	1.0E-10	1.0E+10	1E-30	1.0E-10	1.0E+10	1E-30	1.0E-10	1.0E+10	1E-30	1.0E-10	1.0E+10	1E-30	1.0E-10	1.0E+10	1E-30	1.0E-10
32	2.01399598257668E-08	1.0E+10	1.0E+10	1E-30	1.91057186850729E-10	1.0E+10	1E-30	1.0E+10	2.09214565731839E-02	1.13375493471709E-06	1.0E+10	4.26420508828604	1.65129597250949E-06	1.0E+10	0.389146705351586	1.43832994127977E-06	1.0E+10	6.27534567089272E-02	1.10122761050406E-06	1.0E+10	1.21450875974619E-02	1E-30	1.41047740563502E-10	0.20271211825089	1.42379027449816E-07	1.85257486997824E-11	6.10758280618612E-02	3.40211693667089E-08	3.95124676686644E-11	8.81485701440444E-02	7.38171712103597E-12	7.48007887059775E-11	8.20704915873143	1.20447042315791E-11	2.60950370196285E-11	5.89156351250908	1.0E+10	1E-30	1.0E-10	1.0E+10	1E-30	1.0E-10	1.0E+10	1E-30	1.0E-10	1.0E+10	1E-30	1.0E-10	1.0E+10	1E-30	1.0E-10	1.0E+10	1E-30	1.0E-10
33	2.01399598257668E-08	1.0E+10	1.0E+10	1E-30	1.91057186850729E-10	1.0E+10	1E-30	1.0E+10	2.09214565731839E-02	1.13375493471709E-06	1.0E+10	4.26420508828604	1.65129597250949E-06	1.0E+10	0.389146705351586	1.43832994127977E-06	1.0E+10	6.27534567089272E-02	1.10122761050406E-06	1.0E+10	1.21450875974619E-02	1E-30	1.41047740563502E-10	0.20271211825089	1.42379027449816E-07	1.85257486997824E-11	6.10758280618612E-02	3.40211693667089E-08	3.95124676686644E-11	8.81485701440444E-02	7.38171712103597E-12	7.48007887059775E-11	8.20704915873143	1.20447042315791E-11	2.60950370196285E-11	5.89156351250908	1.0E+10	1E-30	1.0E-10	1.0E+10	1E-30	1.0E-10	1.0E+10	1E-30	1.0E-10	1.0E+10	1E-30	1.0E-10	1.0E+10	1E-30	1.0E-10	1.0E+10	1E-30	1.0E-10
34	2.51655546098468E-08	1.0E+10	1.0E+10	1E-30	2.1353765015063E-10	1.0E+10	1E-30	1.0E+10	2.80090406653463E-02	1.01616650634836E-06	1.0E+10	3.05390311896528	1.400806360075E-06	1.0E+10	0.187931275168745	1.43749163701925E-06	1.0E+10	0.019221646051821	1E-30	8.58437912754652E-11	0.128392815698961	5.29532219518167E-07	5.25133130285321E-12	1.55885609583314E-02	3.03823153818612E-08	4.00293467879017E-11	6.93745673568846E-02	4.93449251818729E-12	1.82506076146796E-10	19.175752549494	2.86565133623166E-12	1.13132350578193E-10	21.8658604643096	1.0E+10	1E-30	1.0E-10	1.0E+10	1E-30	1.0E-10	1.0E+10	1E-30	1.0E-10	1.0E+10	1E-30	1.0E-10	1.0E+10	1E-30	1.0E-10	1.0E+10	1E-30	1.0E-10	1.0E+10	1E-30	1.0E-10
35	3.30873143796284E-08	1.0E+10	1.0E+10	1E-30	1.71643757742591E-10	1.0E+10	1E-30	1.0E+10	2.15301693949654E-02	1.47917569108706E-06	1.0E+10	1.70529834537441	2.45404006081568E-06	1.0E+10	0.120640003547429	1.75264999554697E-06	1.0E+10	2.98498904165627E-02	1E-30	1.10545556494822E-10	0.111782321179393	6.45050562373055E-07	6.58782732730729E-12	1.47887375326516E-02	5.12069260432477E-08	3.9527403862026E-11	5.87813314449125E-02	5.84290632699645E-12	1.44047579162842E-10	21.4760464529251	3.4788980128407E-12	1.13246628562196E-10	27.3150125359058	1.0E+10	1E-30	1.0E-10	1.0E+10	1E-30	1.0E-10	1.0E+10	1E-30	1.0E-10	1.0E+10	1E-30	1.0E-10	1.0E+10	1E-30	1.0E-10	1.0E+10	1E-30	1.0E-10	1.0E+10	1E-30	1.0E-10
36	3.99036543518471E-08	1.0E+10	1.0E+10	1E-30	3.75016344772374E-11	1.0E+10	1E-30	1.0E+10	2.01299160096899E-02	2.00730137482718E-06	1.0E+10	1.47641194284164	4.69202833688572E-06	1.0E+10	0.131856482147458	3.54415135510485E-06	1.0E+10	4.32153196378711E-02	3.41161469474762E-06	1.0E+10	1.61246522019344E-02	1E-30	1.16938484719983E-10	0.10942936514202	4.9789976476639E-07	1.07445713946956E-11	2.26428228206131E-02	7.10912144662025E-08	3.63018302060374E-11	6.17831684734187E-02	7.62877941361417E-12	1.00618961441718E-10	18.8854875466311	1.01345287753133E-12	2.52081487777387E-10	61.1167393376376	1.0E+10	1E-30	1.0E-10	1.0E+10	1E-30	1.0E-10	1.0E+10	1E-30	1.0E-10	1.0E+10	1E-30	1.0E-10	1.0E+10	1E-30	1.0E-10	1.0E+10	1E-30	1.0E-10
37	4.36037749387471E-08	1.0E+10	1.0E+10	1E-30	1.78673050839534E-10	1.0E+10	1E-30	1.0E+10	1.70633431511104E-02	2.44397011131104E-06	1.0E+10	2.02332941156004	3.86950622814533E-06	1.0E+10	0.192332635315147	4.68530390349576E-06	1.0E+10	4.02493071423417E-02	2.71633994379507E-06	1.0E+10	1.15499904275831E-02	1E-30	1.36906834062966E-10	0.121321761096328	3.04340666260908E-07	1.99145992008134E-11	3.41010465211681E-02	9.37772130445329E-08	3.09990995755771E-11	5.49587634326375E-02	5.42994052342047E-12	1.0676679580193E-10	16.5516342966439	4.30236358215074E-12	7.5165416947032E-11	14.4344331339832	1.0E+10	1E-30	1.0E-10	1.0E+10	1E-30	1.0E-10	1.0E+10	1E-30	1.0E-10	1.0E+10	1E-30	1.0E-10	1.0E+10	1E-30	1.0E-10	1.0E+10	1E-30	1.0E-10
END DSCRDATA
