BEGIN DSCRDATA
% INDEX	K01	L01	M01	K02	L02	M02	K03	L03	M03	K04	L04	M04	K05	L05	M05	K06	L06	M06	K07	L07	M07	K08	L08	M08	K09	L09	M09	K10	L10	M10	K11	L11	M11	K12	L12	M12	K13	L13	M13	K14	L14	M14	K15	L15	M15	K16	L16	M16	K17	L17	M17	K18	L18	M18
0	1.05375822901686E-09	1.0E+10	1.0E+10	1E-30	7.83354675633042E-11	1.0E+10	1E-30	1.0E+10	0.260958140485821	2.55141494110661E-08	1.0E+10	59.9206036652472	7.41636282519422E-08	1.0E+10	2.37126709713193	3.89216253858101E-08	1.0E+10	0.638234792133734	1.50139993485306E-08	1.0E+10	0.187981236791208	1E-30	3.24434595070356E-10	5.42727235727326	7.31387479535044E-11	5.06590646051242E-11	1.19853152500317	7.65856709508138E-12	1.16053212423352E-10	10.438773196923	8.37444817106855E-12	5.68064772571151E-11	6.17312270055677	1.0E+10	1E-30	1.0E-10	1.0E+10	1E-30	1.0E-10	1.0E+10	1E-30	1.0E-10	1.0E+10	1E-30	1.0E-10	1.0E+10	1E-30	1.0E-10	1.0E+10	1E-30	1.0E-10	1.0E+10	1E-30	1.0E-10
1	1.05375822901686E-09	1.0E+10	1.0E+10	1E-30	7.83354675633042E-11	1.0E+10	1E-30	1.0E+10	0.260958140485821	2.55141494110661E-08	1.0E+10	59.9206036652472	7.41636282519422E-08	1.0E+10	2.37126709713193	3.89216253858101E-08	1.0E+10	0.638234792133734	1.50139993485306E-08	1.0E+10	0.187981236791208	1E-30	3.24434595070356E-10	5.42727235727326	7.31387479535044E-11	5.06590646051242E-11	1.19853152500317	7.65856709508138E-12	1.16053212423352E-10	10.438773196923	8.37444817106855E-12	5.68064772571151E-11	6.17312270055677	1.0E+10	1E-30	1.0E-10	1.0E+10	1E-30	1.0E-10	1.0E+10	1E-30	1.0E-10	1.0E+10	1E-30	1.0E-10	1.0E+10	1E-30	1.0E-10	1.0E+10	1E-30	1.0E-10	1.0E+10	1E-30	1.0E-10
2	1.22587756020179E-09	1.0E+10	1.0E+10	1E-30	7.29393162983114E-11	1.0E+10	1E-30	1.0E+10	0.181436462201154	6.73740579183769E-08	1.0E+10	13.9100094834247	7.22837852703026E-08	1.0E+10	1.78330689779181	4.08945156042766E-08	1.0E+10	0.385782901759987	9.84363994179903E-09	1.0E+10	0.147046663751429	3.48817886803899E-10	5.74731272435515E-11	0.465740535613019	4.01822584965861E-11	9.81490520778093E-11	2.39300277993547	2.66586450023999E-12	2.62110996820836E-10	18.6219803399523	3.89180475776579E-12	9.11116968530703E-11	11.214740712041	1.0E+10	1E-30	1.0E-10	1.0E+10	1E-30	1.0E-10	1.0E+10	1E-30	1.0E-10	1.0E+10	1E-30	1.0E-10	1.0E+10	1E-30	1.0E-10	1.0E+10	1E-30	1.0E-10	1.0E+10	1E-30	1.0E-10
3	1.22587756020179E-09	1.0E+10	1.0E+10	1E-30	7.29393162983114E-11	1.0E+10	1E-30	1.0E+10	0.181436462201154	6.73740579183769E-08	1.0E+10	13.9100094834247	7.22837852703026E-08	1.0E+10	1.78330689779181	4.08945156042766E-08	1.0E+10	0.385782901759987	9.84363994179903E-09	1.0E+10	0.147046663751429	3.48817886803899E-10	5.74731272435515E-11	0.465740535613019	4.01822584965861E-11	9.81490520778093E-11	2.39300277993547	2.66586450023999E-12	2.62110996820836E-10	18.6219803399523	3.89180475776579E-12	9.11116968530703E-11	11.214740712041	1.0E+10	1E-30	1.0E-10	1.0E+10	1E-30	1.0E-10	1.0E+10	1E-30	1.0E-10	1.0E+10	1E-30	1.0E-10	1.0E+10	1E-30	1.0E-10	1.0E+10	1E-30	1.0E-10	1.0E+10	1E-30	1.0E-10
4	1.50650066521313E-09	1.0E+10	1.0E+10	1E-30	1.02092740116305E-10	1.0E+10	1E-30	1.0E+10	0.163247521587273	5.53926390273444E-08	1.0E+10	28.7321467051478	8.75404198157713E-08	1.0E+10	1.85378067931557	5.65890422406269E-08	1.0E+10	0.327548564244939	1.52276156642579E-08	1.0E+10	0.125308054812044	7.34018211001277E-10	4.5682369186993E-11	0.317586589342345	2.65662826162373E-11	1.19600442656536E-10	2.63261664326402	5.44659519249483E-12	1.38429598378524E-10	12.3466064418522	2.72976397721408E-12	1.51785036322909E-10	15.1896443309217	1.0E+10	1E-30	1.0E-10	1.0E+10	1E-30	1.0E-10	1.0E+10	1E-30	1.0E-10	1.0E+10	1E-30	1.0E-10	1.0E+10	1E-30	1.0E-10	1.0E+10	1E-30	1.0E-10	1.0E+10	1E-30	1.0E-10
5	1.50650066521313E-09	1.0E+10	1.0E+10	1E-30	1.02092740116305E-10	1.0E+10	1E-30	1.0E+10	0.163247521587273	5.53926390273444E-08	1.0E+10	28.7321467051478	8.75404198157713E-08	1.0E+10	1.85378067931557	5.65890422406269E-08	1.0E+10	0.327548564244939	1.52276156642579E-08	1.0E+10	0.125308054812044	7.34018211001277E-10	4.5682369186993E-11	0.317586589342345	2.65662826162373E-11	1.19600442656536E-10	2.63261664326402	5.44659519249483E-12	1.38429598378524E-10	12.3466064418522	2.72976397721408E-12	1.51785036322909E-10	15.1896443309217	1.0E+10	1E-30	1.0E-10	1.0E+10	1E-30	1.0E-10	1.0E+10	1E-30	1.0E-10	1.0E+10	1E-30	1.0E-10	1.0E+10	1E-30	1.0E-10	1.0E+10	1E-30	1.0E-10	1.0E+10	1E-30	1.0E-10
6	1.76103468913349E-09	1.0E+10	1.0E+10	1E-30	1.83878263216267E-10	1.0E+10	1E-30	1.0E+10	0.150498190411492	6.33234726049455E-08	1.0E+10	28.8572810006977	1.18129114123605E-07	1.0E+10	1.50629498234141	8.1913237698739E-08	1.0E+10	0.312358948064948	2.11048040212791E-08	1.0E+10	0.121963413728485	3.62291021524274E-10	7.22823220095426E-11	0.531206670664542	6.43124572306641E-11	6.87338378758354E-11	1.13298562496193	4.35204212995037E-11	2.02129742450352E-11	2.37527741426349	1.77615496682793E-12	1.82072487226512E-10	13.2761490598865	1.0E+10	1E-30	1.0E-10	1.0E+10	1E-30	1.0E-10	1.0E+10	1E-30	1.0E-10	1.0E+10	1E-30	1.0E-10	1.0E+10	1E-30	1.0E-10	1.0E+10	1E-30	1.0E-10	1.0E+10	1E-30	1.0E-10
7	1.76103468913349E-09	1.0E+10	1.0E+10	1E-30	1.83878263216267E-10	1.0E+10	1E-30	1.0E+10	0.150498190411492	6.33234726049455E-08	1.0E+10	28.8572810006977	1.18129114123605E-07	1.0E+10	1.50629498234141	8.1913237698739E-08	1.0E+10	0.312358948064948	2.11048040212791E-08	1.0E+10	0.121963413728485	3.62291021524274E-10	7.22823220095426E-11	0.531206670664542	6.43124572306641E-11	6.87338378758354E-11	1.13298562496193	4.35204212995037E-11	2.02129742450352E-11	2.37527741426349	1.77615496682793E-12	1.82072487226512E-10	13.2761490598865	1.0E+10	1E-30	1.0E-10	1.0E+10	1E-30	1.0E-10	1.0E+10	1E-30	1.0E-10	1.0E+10	1E-30	1.0E-10	1.0E+10	1E-30	1.0E-10	1.0E+10	1E-30	1.0E-10	1.0E+10	1E-30	1.0E-10
8	2.17543397323632E-09	1.0E+10	1.0E+10	1E-30	9.13068129064792E-11	1.0E+10	1E-30	1.0E+10	0.105110137333419	8.52049866762249E-08	1.0E+10	21.4464354045934	1.49259542320618E-07	1.0E+10	1.30714832556716	1.16287200078035E-07	1.0E+10	0.303721915286756	1.75098148852152E-08	1.0E+10	9.51839392960228E-02	1.28619198085027E-07	1.0E+10	6.18450717650581E-02	1E-30	1.70633581682423E-10	1.83470265537872	2.87222266923475E-08	4.24087094632078E-12	4.35700240634212E-02	9.52933291400291E-10	4.10474680978907E-11	0.317641765587164	4.49649723069268E-12	1.24721725119992E-10	16.7031209967842	2.97080625930295E-12	9.90699877463301E-11	17.8977166057739	1.0E+10	1E-30	1.0E-10	1.0E+10	1E-30	1.0E-10	1.0E+10	1E-30	1.0E-10	1.0E+10	1E-30	1.0E-10	1.0E+10	1E-30	1.0E-10
9	2.17543397323632E-09	1.0E+10	1.0E+10	1E-30	9.13068129064792E-11	1.0E+10	1E-30	1.0E+10	0.105110137333419	8.52049866762249E-08	1.0E+10	21.4464354045934	1.49259542320618E-07	1.0E+10	1.30714832556716	1.16287200078035E-07	1.0E+10	0.303721915286756	1.75098148852152E-08	1.0E+10	9.51839392960228E-02	1.28619198085027E-07	1.0E+10	6.18450717650581E-02	1E-30	1.70633581682423E-10	1.83470265537872	2.87222266923475E-08	4.24087094632078E-12	4.35700240634212E-02	9.52933291400291E-10	4.10474680978907E-11	0.317641765587164	4.49649723069268E-12	1.24721725119992E-10	16.7031209967842	2.97080625930295E-12	9.90699877463301E-11	17.8977166057739	1.0E+10	1E-30	1.0E-10	1.0E+10	1E-30	1.0E-10	1.0E+10	1E-30	1.0E-10	1.0E+10	1E-30	1.0E-10	1.0E+10	1E-30	1.0E-10
10	2.85085895852365E-09	1.0E+10	1.0E+10	1E-30	1.00942809405411E-10	1.0E+10	1E-30	1.0E+10	9.55328213698952E-02	9.19757534085485E-08	1.0E+10	49.9053122964348	2.04360096123882E-07	1.0E+10	3.71424782937833	1.59531869591055E-07	1.0E+10	0.569063314306184	1.11734496184648E-07	1.0E+10	0.118147250765849	3.10250608779291E-08	1.0E+10	5.88867003017925E-02	1E-30	1.07580041345405E-10	0.890537037344302	1.06963796832419E-08	1.8032683931183E-11	9.60822286447485E-02	2.31433092944818E-09	2.94874970744507E-11	0.207260111656099	1.19704151060595E-11	5.23895714967484E-11	10.6615280225494	2.26818086890281E-12	1.71414476456249E-10	19.5365540093618	1.0E+10	1E-30	1.0E-10	1.0E+10	1E-30	1.0E-10	1.0E+10	1E-30	1.0E-10	1.0E+10	1E-30	1.0E-10	1.0E+10	1E-30	1.0E-10
11	2.85085895852365E-09	1.0E+10	1.0E+10	1E-30	1.00942809405411E-10	1.0E+10	1E-30	1.0E+10	9.55328213698952E-02	9.19757534085485E-08	1.0E+10	49.9053122964348	2.04360096123882E-07	1.0E+10	3.71424782937833	1.59531869591055E-07	1.0E+10	0.569063314306184	1.11734496184648E-07	1.0E+10	0.118147250765849	3.10250608779291E-08	1.0E+10	5.88867003017925E-02	1E-30	1.07580041345405E-10	0.890537037344302	1.06963796832419E-08	1.8032683931183E-11	9.60822286447485E-02	2.31433092944818E-09	2.94874970744507E-11	0.207260111656099	1.19704151060595E-11	5.23895714967484E-11	10.6615280225494	2.26818086890281E-12	1.71414476456249E-10	19.5365540093618	1.0E+10	1E-30	1.0E-10	1.0E+10	1E-30	1.0E-10	1.0E+10	1E-30	1.0E-10	1.0E+10	1E-30	1.0E-10	1.0E+10	1E-30	1.0E-10
12	3.43814821276944E-09	1.0E+10	1.0E+10	1E-30	1.12890955922629E-10	1.0E+10	1E-30	1.0E+10	0.116620359653421	9.84530869022366E-08	1.0E+10	39.6817479345225	2.73545007265746E-07	1.0E+10	1.35905860304506	1.9262089576378E-07	1.0E+10	0.300381188720076	9.67062091008247E-08	1.0E+10	7.24371226155608E-02	2.11277165862086E-08	9.56798751129134E-12	6.12772451625943E-02	1.88049442129205E-09	3.62096459821889E-11	0.216346674117544	4.25257234334055E-11	1.10311717821563E-10	1.5834712217776	4.96223906116212E-12	1.13252421488296E-10	15.1651937186278	3.39950362023062E-12	9.51282859608036E-11	19.2801379670274	1.0E+10	1E-30	1.0E-10	1.0E+10	1E-30	1.0E-10	1.0E+10	1E-30	1.0E-10	1.0E+10	1E-30	1.0E-10	1.0E+10	1E-30	1.0E-10	1.0E+10	1E-30	1.0E-10
13	3.43814821276944E-09	1.0E+10	1.0E+10	1E-30	1.12890955922629E-10	1.0E+10	1E-30	1.0E+10	0.116620359653421	9.84530869022366E-08	1.0E+10	39.6817479345225	2.73545007265746E-07	1.0E+10	1.35905860304506	1.9262089576378E-07	1.0E+10	0.300381188720076	9.67062091008247E-08	1.0E+10	7.24371226155608E-02	2.11277165862086E-08	9.56798751129134E-12	6.12772451625943E-02	1.88049442129205E-09	3.62096459821889E-11	0.216346674117544	4.25257234334055E-11	1.10311717821563E-10	1.5834712217776	4.96223906116212E-12	1.13252421488296E-10	15.1651937186278	3.39950362023062E-12	9.51282859608036E-11	19.2801379670274	1.0E+10	1E-30	1.0E-10	1.0E+10	1E-30	1.0E-10	1.0E+10	1E-30	1.0E-10	1.0E+10	1E-30	1.0E-10	1.0E+10	1E-30	1.0E-10	1.0E+10	1E-30	1.0E-10
14	3.67905501304067E-09	1.0E+10	1.0E+10	1E-30	1.40790633510049E-10	1.0E+10	1E-30	1.0E+10	9.08319373503559E-02	1.31914259858119E-07	1.0E+10	38.152973119524	2.77796002303894E-07	1.0E+10	3.14047326486273	2.4940518997986E-07	1.0E+10	0.519362565139714	2.20727399196665E-07	1.0E+10	0.107537343492011	6.48391124328193E-08	1.0E+10	5.60726731450279E-02	1E-30	1.253532459305E-10	1.26619007542071	1.58362208938558E-08	1.50209567293334E-11	8.78933189260129E-02	2.52146478380661E-09	3.24670942112172E-11	0.196918884975207	8.51325984700037E-12	5.73747161746239E-11	9.44594997468105	4.36612222741073E-12	8.10439407087306E-11	15.6763749062908	1.0E+10	1E-30	1.0E-10	1.0E+10	1E-30	1.0E-10	1.0E+10	1E-30	1.0E-10	1.0E+10	1E-30	1.0E-10	1.0E+10	1E-30	1.0E-10
15	3.67905501304067E-09	1.0E+10	1.0E+10	1E-30	1.40790633510049E-10	1.0E+10	1E-30	1.0E+10	9.08319373503559E-02	1.31914259858119E-07	1.0E+10	38.152973119524	2.77796002303894E-07	1.0E+10	3.14047326486273	2.4940518997986E-07	1.0E+10	0.519362565139714	2.20727399196665E-07	1.0E+10	0.107537343492011	6.48391124328193E-08	1.0E+10	5.60726731450279E-02	1E-30	1.253532459305E-10	1.26619007542071	1.58362208938558E-08	1.50209567293334E-11	8.78933189260129E-02	2.52146478380661E-09	3.24670942112172E-11	0.196918884975207	8.51325984700037E-12	5.73747161746239E-11	9.44594997468105	4.36612222741073E-12	8.10439407087306E-11	15.6763749062908	1.0E+10	1E-30	1.0E-10	1.0E+10	1E-30	1.0E-10	1.0E+10	1E-30	1.0E-10	1.0E+10	1E-30	1.0E-10	1.0E+10	1E-30	1.0E-10
16	4.77012883175422E-09	1.0E+10	1.0E+10	1E-30	1.13628041101982E-10	1.0E+10	1E-30	1.0E+10	7.97719566511982E-02	2.13632737763775E-07	1.0E+10	23.5587544452755	4.29581648080459E-07	1.0E+10	2.07814273048279	4.10622449390589E-07	1.0E+10	0.342932987628866	3.54585041739454E-07	1.0E+10	9.82030143054614E-02	1.39496767533252E-07	1.0E+10	3.98664256567219E-02	1.85001897676251E-08	1.49200529637897E-11	0.070112882390488	2.92427748878056E-09	3.28620402927692E-11	0.190347209623334	4.26312780773364E-11	1.20612427228977E-10	1.27546498847141	4.26831103310902E-12	1.13214846419802E-10	17.0402695005115	4.19330040905039E-12	7.8487063504448E-11	14.465034595549	1.0E+10	1E-30	1.0E-10	1.0E+10	1E-30	1.0E-10	1.0E+10	1E-30	1.0E-10	1.0E+10	1E-30	1.0E-10	1.0E+10	1E-30	1.0E-10
17	4.77012883175422E-09	1.0E+10	1.0E+10	1E-30	1.13628041101982E-10	1.0E+10	1E-30	1.0E+10	7.97719566511982E-02	2.13632737763775E-07	1.0E+10	23.5587544452755	4.29581648080459E-07	1.0E+10	2.07814273048279	4.10622449390589E-07	1.0E+10	0.342932987628866	3.54585041739454E-07	1.0E+10	9.82030143054614E-02	1.39496767533252E-07	1.0E+10	3.98664256567219E-02	1.85001897676251E-08	1.49200529637897E-11	0.070112882390488	2.92427748878056E-09	3.28620402927692E-11	0.190347209623334	4.26312780773364E-11	1.20612427228977E-10	1.27546498847141	4.26831103310902E-12	1.13214846419802E-10	17.0402695005115	4.19330040905039E-12	7.8487063504448E-11	14.465034595549	1.0E+10	1E-30	1.0E-10	1.0E+10	1E-30	1.0E-10	1.0E+10	1E-30	1.0E-10	1.0E+10	1E-30	1.0E-10	1.0E+10	1E-30	1.0E-10
18	5.67132229256677E-09	1.0E+10	1.0E+10	1E-30	1.48661884069147E-10	1.0E+10	1E-30	1.0E+10	6.71402986721376E-02	2.13807757913104E-07	1.0E+10	27.6564652380983	5.14215502539762E-07	1.0E+10	1.69658618616553	3.94878176776866E-07	1.0E+10	0.348488795620913	3.48688949618224E-07	1.0E+10	6.90887038426822E-02	1.70126415868677E-07	1.0E+10	3.38024033827149E-02	1E-30	1.07162779067975E-10	0.921475435889622	1.48059801095974E-08	2.57341238323102E-11	0.101745461354101	3.82428663189817E-09	3.46866748646025E-11	0.186296349989097	1.27408868683013E-11	3.7927985946383E-11	9.04758889171463	4.71471257626342E-12	7.43613370425653E-11	14.8122071259908	1.0E+10	1E-30	1.0E-10	1.0E+10	1E-30	1.0E-10	1.0E+10	1E-30	1.0E-10	1.0E+10	1E-30	1.0E-10	1.0E+10	1E-30	1.0E-10
19	5.67132229256677E-09	1.0E+10	1.0E+10	1E-30	1.48661884069147E-10	1.0E+10	1E-30	1.0E+10	6.71402986721376E-02	2.13807757913104E-07	1.0E+10	27.6564652380983	5.14215502539762E-07	1.0E+10	1.69658618616553	3.94878176776866E-07	1.0E+10	0.348488795620913	3.48688949618224E-07	1.0E+10	6.90887038426822E-02	1.70126415868677E-07	1.0E+10	3.38024033827149E-02	1E-30	1.07162779067975E-10	0.921475435889622	1.48059801095974E-08	2.57341238323102E-11	0.101745461354101	3.82428663189817E-09	3.46866748646025E-11	0.186296349989097	1.27408868683013E-11	3.7927985946383E-11	9.04758889171463	4.71471257626342E-12	7.43613370425653E-11	14.8122071259908	1.0E+10	1E-30	1.0E-10	1.0E+10	1E-30	1.0E-10	1.0E+10	1E-30	1.0E-10	1.0E+10	1E-30	1.0E-10	1.0E+10	1E-30	1.0E-10
20	6.7828412346824E-09	1.0E+10	1.0E+10	1E-30	1.62883604092582E-10	1.0E+10	1E-30	1.0E+10	6.74651373325095E-02	2.87581315376191E-07	1.0E+10	22.0322811970708	6.09921069517475E-07	1.0E+10	1.43036691454406	4.12300106489747E-07	1.0E+10	0.271292948316784	2.60609233426772E-07	1.0E+10	4.85126982539262E-02	4.14134846171131E-08	1.39253068424311E-11	6.14639862867805E-02	5.82247264668135E-09	3.29310552767839E-11	0.128522906799367	2.52186818797706E-11	1.77581625495587E-10	2.26573512875605	1.03489535704215E-11	5.11991796322854E-11	8.77313402442372	4.01835730478076E-12	8.72476746966316E-11	11.8568307139279	1.0E+10	1E-30	1.0E-10	1.0E+10	1E-30	1.0E-10	1.0E+10	1E-30	1.0E-10	1.0E+10	1E-30	1.0E-10	1.0E+10	1E-30	1.0E-10	1.0E+10	1E-30	1.0E-10
21	8.20817431478459E-09	1.0E+10	1.0E+10	1E-30	8.44216975795037E-11	1.0E+10	1E-30	1.0E+10	4.79170349360495E-02	3.30599256345742E-07	1.0E+10	11.817299957095	5.9863124280216E-07	1.0E+10	0.430092345254471	4.72405250960544E-07	1.0E+10	6.82868745868733E-02	1.35408453130621E-07	1.0E+10	1.99617886218902E-02	1E-30	1.47514748886819E-10	1.3282359760132	3.14797647581688E-08	2.52880341753441E-11	0.06830188235488	1.15327347393467E-08	2.75918488189969E-11	0.121745063376187	3.35145284995631E-11	1.7335099028473E-10	3.44083842464129	5.29397392599581E-12	1.15085501323126E-10	13.3812192087429	5.39071568792351E-12	6.67451730989946E-11	12.8298880264836	1.0E+10	1E-30	1.0E-10	1.0E+10	1E-30	1.0E-10	1.0E+10	1E-30	1.0E-10	1.0E+10	1E-30	1.0E-10	1.0E+10	1E-30	1.0E-10
22	9.81830765226409E-09	1.0E+10	1.0E+10	1E-30	9.85281205130042E-11	1.0E+10	1E-30	1.0E+10	0.047880153648634	5.05693795145444E-07	1.0E+10	8.66827152616685	9.59826383821036E-07	1.0E+10	0.673795969016386	7.18036961088924E-07	1.0E+10	0.148766502240087	4.21896494231643E-07	1.0E+10	3.68671285038958E-02	1E-30	9.19821735092901E-11	0.372366685329144	3.66244548680585E-08	2.86533482936656E-11	9.01308173420829E-02	1.1669350939277E-08	3.43294150993077E-11	0.125037791859053	3.3732123033721E-11	1.4325697128589E-10	3.11602367220488	4.6563291847397E-12	1.24771605997394E-10	11.0560692006706	4.44366424479844E-12	8.26154313722437E-11	10.4953343087097	1.0E+10	1E-30	1.0E-10	1.0E+10	1E-30	1.0E-10	1.0E+10	1E-30	1.0E-10	1.0E+10	1E-30	1.0E-10	1.0E+10	1E-30	1.0E-10
23	1.17316025908955E-08	1.0E+10	1.0E+10	1E-30	1.71419101447523E-10	1.0E+10	1E-30	1.0E+10	4.22582918165913E-02	7.01780848607082E-07	1.0E+10	3.98162025224371	1.30015407586547E-06	1.0E+10	0.2825858093849	1.46473053574505E-06	1.0E+10	6.08484564142206E-02	5.69840944584921E-07	1.0E+10	0.031058572858551	1E-30	1.0415905876566E-10	0.364353218277501	3.89895653210032E-08	3.74255377250057E-11	0.106974548449475	1.46982956764717E-08	3.78086938291232E-11	0.116538749658618	5.19131055387709E-11	8.81089463726404E-11	1.77630123994271	3.81460237169684E-12	1.41331779371285E-10	12.0229464690667	1.0E+10	1E-30	1.0E-10	1.0E+10	1E-30	1.0E-10	1.0E+10	1E-30	1.0E-10	1.0E+10	1E-30	1.0E-10	1.0E+10	1E-30	1.0E-10	1.0E+10	1E-30	1.0E-10
24	1.4661430277618E-08	1.0E+10	1.0E+10	1E-30	1.39185750111096E-10	1.0E+10	1E-30	1.0E+10	3.87163031285492E-02	6.04914618725338E-07	1.0E+10	4.36642546952909	8.47589148540506E-07	1.0E+10	0.271342532456932	7.75125704731428E-07	1.0E+10	0.037091962591481	1E-30	3.60682648354993E-11	9.30765459961604E-02	8.23717890604936E-08	1.26155664264258E-11	3.48918151740744E-02	1.25623385949572E-08	2.5529287109442E-11	7.74543780997064E-02	9.70358228586999E-12	2.41060062419577E-10	21.1135225957378	5.11227641096551E-12	2.04458142052181E-10	14.7870474337514	8.72253492445232E-12	4.1197116655668E-11	6.03440015310372	1.0E+10	1E-30	1.0E-10	1.0E+10	1E-30	1.0E-10	1.0E+10	1E-30	1.0E-10	1.0E+10	1E-30	1.0E-10	1.0E+10	1E-30	1.0E-10	1.0E+10	1E-30	1.0E-10
25	1.4661430277618E-08	1.0E+10	1.0E+10	1E-30	1.39185750111096E-10	1.0E+10	1E-30	1.0E+10	3.87163031285492E-02	6.04914618725338E-07	1.0E+10	4.36642546952909	8.47589148540506E-07	1.0E+10	0.271342532456932	7.75125704731428E-07	1.0E+10	0.037091962591481	1E-30	3.60682648354993E-11	9.30765459961604E-02	8.23717890604936E-08	1.26155664264258E-11	3.48918151740744E-02	1.25623385949572E-08	2.5529287109442E-11	7.74543780997064E-02	9.70358228586999E-12	2.41060062419577E-10	21.1135225957378	5.11227641096551E-12	2.04458142052181E-10	14.7870474337514	8.72253492445232E-12	4.1197116655668E-11	6.03440015310372	1.0E+10	1E-30	1.0E-10	1.0E+10	1E-30	1.0E-10	1.0E+10	1E-30	1.0E-10	1.0E+10	1E-30	1.0E-10	1.0E+10	1E-30	1.0E-10	1.0E+10	1E-30	1.0E-10
26	1.77743133681333E-08	1.0E+10	1.0E+10	1E-30	1.81226688872641E-10	1.0E+10	1E-30	1.0E+10	3.45581005268894E-02	6.63181224870129E-07	1.0E+10	5.57400655174272	1.07461535315022E-06	1.0E+10	0.305090960855885	1.01424602011836E-06	1.0E+10	0.040490282611706	1E-30	3.3628959499846E-11	0.102643496130939	8.19243016706507E-08	1.71363818794798E-11	3.98326886704257E-02	1.23162885612455E-08	3.75598620543158E-11	0.089424962987437	1.0530747700687E-11	1.92199087280733E-10	21.2549427324746	6.82825646438849E-12	1.41301770797934E-10	12.9905306524854	3.57804048574394E-12	9.28812759528473E-11	7.48702548366513	1.0E+10	1E-30	1.0E-10	1.0E+10	1E-30	1.0E-10	1.0E+10	1E-30	1.0E-10	1.0E+10	1E-30	1.0E-10	1.0E+10	1E-30	1.0E-10	1.0E+10	1E-30	1.0E-10
27	1.77743133681333E-08	1.0E+10	1.0E+10	1E-30	1.81226688872641E-10	1.0E+10	1E-30	1.0E+10	3.45581005268894E-02	6.63181224870129E-07	1.0E+10	5.57400655174272	1.07461535315022E-06	1.0E+10	0.305090960855885	1.01424602011836E-06	1.0E+10	0.040490282611706	1E-30	3.3628959499846E-11	0.102643496130939	8.19243016706507E-08	1.71363818794798E-11	3.98326886704257E-02	1.23162885612455E-08	3.75598620543158E-11	0.089424962987437	1.0530747700687E-11	1.92199087280733E-10	21.2549427324746	6.82825646438849E-12	1.41301770797934E-10	12.9905306524854	3.57804048574394E-12	9.28812759528473E-11	7.48702548366513	1.0E+10	1E-30	1.0E-10	1.0E+10	1E-30	1.0E-10	1.0E+10	1E-30	1.0E-10	1.0E+10	1E-30	1.0E-10	1.0E+10	1E-30	1.0E-10	1.0E+10	1E-30	1.0E-10
28	2.24062411818987E-08	1.0E+10	1.0E+10	1E-30	1.4612885646755E-10	1.0E+10	1E-30	1.0E+10	2.85704180779734E-02	1.33266186385784E-06	1.0E+10	2.55455160074474	2.12723841434646E-06	1.0E+10	0.285670232093611	1.82124707525418E-06	1.0E+10	7.54343951177735E-02	2.00155435982943E-06	1.0E+10	1.45922456001978E-02	1E-30	7.62473896369298E-11	0.136160270966457	1.25049586774734E-07	1.7357783952494E-11	3.92267326662103E-02	2.3827104770942E-08	3.34489970930977E-11	8.24858051319423E-02	9.48442732259184E-12	1.96802904828868E-10	22.0438758903838	3.58261029900621E-12	2.04561576915211E-10	21.4431391970966	1.0E+10	1E-30	1.0E-10	1.0E+10	1E-30	1.0E-10	1.0E+10	1E-30	1.0E-10	1.0E+10	1E-30	1.0E-10	1.0E+10	1E-30	1.0E-10	1.0E+10	1E-30	1.0E-10
29	2.24062411818987E-08	1.0E+10	1.0E+10	1E-30	1.4612885646755E-10	1.0E+10	1E-30	1.0E+10	2.85704180779734E-02	1.33266186385784E-06	1.0E+10	2.55455160074474	2.12723841434646E-06	1.0E+10	0.285670232093611	1.82124707525418E-06	1.0E+10	7.54343951177735E-02	2.00155435982943E-06	1.0E+10	1.45922456001978E-02	1E-30	7.62473896369298E-11	0.136160270966457	1.25049586774734E-07	1.7357783952494E-11	3.92267326662103E-02	2.3827104770942E-08	3.34489970930977E-11	8.24858051319423E-02	9.48442732259184E-12	1.96802904828868E-10	22.0438758903838	3.58261029900621E-12	2.04561576915211E-10	21.4431391970966	1.0E+10	1E-30	1.0E-10	1.0E+10	1E-30	1.0E-10	1.0E+10	1E-30	1.0E-10	1.0E+10	1E-30	1.0E-10	1.0E+10	1E-30	1.0E-10	1.0E+10	1E-30	1.0E-10
30	2.70742511450849E-08	1.0E+10	1.0E+10	1E-30	1.56691059977101E-10	1.0E+10	1E-30	1.0E+10	2.41394109393466E-02	1.1886443987668E-06	1.0E+10	10.6357515439427	2.42690037168108E-06	1.0E+10	0.486147641841438	2.12855420294103E-06	1.0E+10	0.138129328171503	1.43626660890904E-06	1.0E+10	2.91215536960691E-02	1E-30	7.45252839983905E-11	9.21879352299641E-02	1.37551629299214E-07	1.98825891583289E-11	0.046145891519569	2.83310523900311E-08	3.62056520837385E-11	8.54454730105239E-02	9.14711662103329E-12	1.66020540329162E-10	21.3100983567064	2.82088938043109E-12	1.95483841939394E-10	17.6563688468218	1.0E+10	1E-30	1.0E-10	1.0E+10	1E-30	1.0E-10	1.0E+10	1E-30	1.0E-10	1.0E+10	1E-30	1.0E-10	1.0E+10	1E-30	1.0E-10	1.0E+10	1E-30	1.0E-10
31	2.70742511450849E-08	1.0E+10	1.0E+10	1E-30	1.56691059977101E-10	1.0E+10	1E-30	1.0E+10	2.41394109393466E-02	1.1886443987668E-06	1.0E+10	10.6357515439427	2.42690037168108E-06	1.0E+10	0.486147641841438	2.12855420294103E-06	1.0E+10	0.138129328171503	1.43626660890904E-06	1.0E+10	2.91215536960691E-02	1E-30	7.45252839983905E-11	9.21879352299641E-02	1.37551629299214E-07	1.98825891583289E-11	0.046145891519569	2.83310523900311E-08	3.62056520837385E-11	8.54454730105239E-02	9.14711662103329E-12	1.66020540329162E-10	21.3100983567064	2.82088938043109E-12	1.95483841939394E-10	17.6563688468218	1.0E+10	1E-30	1.0E-10	1.0E+10	1E-30	1.0E-10	1.0E+10	1E-30	1.0E-10	1.0E+10	1E-30	1.0E-10	1.0E+10	1E-30	1.0E-10	1.0E+10	1E-30	1.0E-10
32	3.22935704443748E-08	1.0E+10	1.0E+10	1E-30	1.10935699523408E-10	1.0E+10	1E-30	1.0E+10	1.99704033459476E-02	2.19002545681261E-06	1.0E+10	1.85076183096603	2.84639317902897E-06	1.0E+10	0.231060400321974	2.99310460207114E-06	1.0E+10	4.99409393127596E-02	1.82646957505372E-06	1.0E+10	1.53105258128054E-02	1E-30	9.75739008212614E-11	0.108869026818186	1.464513435345E-07	2.46358425058235E-11	6.00818843802824E-02	4.17548977266216E-08	3.53602219179176E-11	8.10376306762166E-02	1.12264638279504E-11	1.16792892496882E-10	14.12707489737	1.34859121438778E-12	2.46125080876872E-10	24.3955760516305	1.0E+10	1E-30	1.0E-10	1.0E+10	1E-30	1.0E-10	1.0E+10	1E-30	1.0E-10	1.0E+10	1E-30	1.0E-10	1.0E+10	1E-30	1.0E-10	1.0E+10	1E-30	1.0E-10
33	3.22935704443748E-08	1.0E+10	1.0E+10	1E-30	1.10935699523408E-10	1.0E+10	1E-30	1.0E+10	1.99704033459476E-02	2.19002545681261E-06	1.0E+10	1.85076183096603	2.84639317902897E-06	1.0E+10	0.231060400321974	2.99310460207114E-06	1.0E+10	4.99409393127596E-02	1.82646957505372E-06	1.0E+10	1.53105258128054E-02	1E-30	9.75739008212614E-11	0.108869026818186	1.464513435345E-07	2.46358425058235E-11	6.00818843802824E-02	4.17548977266216E-08	3.53602219179176E-11	8.10376306762166E-02	1.12264638279504E-11	1.16792892496882E-10	14.12707489737	1.34859121438778E-12	2.46125080876872E-10	24.3955760516305	1.0E+10	1E-30	1.0E-10	1.0E+10	1E-30	1.0E-10	1.0E+10	1E-30	1.0E-10	1.0E+10	1E-30	1.0E-10	1.0E+10	1E-30	1.0E-10	1.0E+10	1E-30	1.0E-10
34	4.01362300611072E-08	1.0E+10	1.0E+10	1E-30	8.09873747989849E-11	1.0E+10	1E-30	1.0E+10	1.88154102047202E-02	1.85581677929803E-06	1.0E+10	2.10515963720727	2.48273896568656E-06	1.0E+10	0.132766758190444	2.74776669218778E-06	1.0E+10	1.84138099791923E-02	1E-30	1.00912731307577E-10	0.115432951391696	1.52640866873543E-07	3.32721450640378E-11	6.84990409272745E-02	5.45680804474311E-08	3.86519777921112E-11	8.55442731159099E-02	7.91392031899878E-12	1.45834567750229E-10	17.1589152998104	1.50872857886856E-12	2.11785750326714E-10	42.8564878839473	1.0E+10	1E-30	1.0E-10	1.0E+10	1E-30	1.0E-10	1.0E+10	1E-30	1.0E-10	1.0E+10	1E-30	1.0E-10	1.0E+10	1E-30	1.0E-10	1.0E+10	1E-30	1.0E-10	1.0E+10	1E-30	1.0E-10
35	4.01362300611072E-08	1.0E+10	1.0E+10	1E-30	8.09873747989849E-11	1.0E+10	1E-30	1.0E+10	1.88154102047202E-02	1.85581677929803E-06	1.0E+10	2.10515963720727	2.48273896568656E-06	1.0E+10	0.132766758190444	2.74776669218778E-06	1.0E+10	1.84138099791923E-02	1E-30	1.00912731307577E-10	0.115432951391696	1.52640866873543E-07	3.32721450640378E-11	6.84990409272745E-02	5.45680804474311E-08	3.86519777921112E-11	8.55442731159099E-02	7.91392031899878E-12	1.45834567750229E-10	17.1589152998104	1.50872857886856E-12	2.11785750326714E-10	42.8564878839473	1.0E+10	1E-30	1.0E-10	1.0E+10	1E-30	1.0E-10	1.0E+10	1E-30	1.0E-10	1.0E+10	1E-30	1.0E-10	1.0E+10	1E-30	1.0E-10	1.0E+10	1E-30	1.0E-10	1.0E+10	1E-30	1.0E-10
36	4.62011849326166E-08	1.0E+10	1.0E+10	1E-30	1.7146735824078E-11	1.0E+10	1E-30	1.0E+10	1.45494235577305E-02	2.82860173237359E-06	1.0E+10	1.07213217279904	3.63393888900031E-06	1.0E+10	0.100305706748523	2.93463506395962E-06	1.0E+10	0.015504363484442	1E-30	1.25189953682912E-10	0.123777259164394	1.50665134104365E-07	4.21431878049215E-11	0.101130784107277	6.75155641437588E-08	4.19122092505542E-11	8.57594938886504E-02	4.78161602477668E-08	2.12911215333875E-11	3.73699094525565E-02	1.64078549608292E-11	4.8216029093058E-11	9.18776919710174	9.02860521300494E-13	2.6254683919707E-10	55.0295476977855	1.0E+10	1E-30	1.0E-10	1.0E+10	1E-30	1.0E-10	1.0E+10	1E-30	1.0E-10	1.0E+10	1E-30	1.0E-10	1.0E+10	1E-30	1.0E-10	1.0E+10	1E-30	1.0E-10
37	4.62011849326166E-08	1.0E+10	1.0E+10	1E-30	1.7146735824078E-11	1.0E+10	1E-30	1.0E+10	1.45494235577305E-02	2.82860173237359E-06	1.0E+10	1.07213217279904	3.63393888900031E-06	1.0E+10	0.100305706748523	2.93463506395962E-06	1.0E+10	0.015504363484442	1E-30	1.25189953682912E-10	0.123777259164394	1.50665134104365E-07	4.21431878049215E-11	0.101130784107277	6.75155641437588E-08	4.19122092505542E-11	8.57594938886504E-02	4.78161602477668E-08	2.12911215333875E-11	3.73699094525565E-02	1.64078549608292E-11	4.8216029093058E-11	9.18776919710174	9.02860521300494E-13	2.6254683919707E-10	55.0295476977855	1.0E+10	1E-30	1.0E-10	1.0E+10	1E-30	1.0E-10	1.0E+10	1E-30	1.0E-10	1.0E+10	1E-30	1.0E-10	1.0E+10	1E-30	1.0E-10	1.0E+10	1E-30	1.0E-10
38	5.19302661835837E-08	1.0E+10	8928571428.57143	1E-30	1.85941469216233E-10	1.0E+10	1E-30	1.0E+10	1.69378788346382E-02	2.35687824179663E-06	1.0E+10	1.28671683905108	3.55630118737495E-06	1.0E+10	7.77136070386894E-02	3.35335367652163E-06	1.0E+10	0.016053724827329	1E-30	9.38580482174965E-11	9.77326263092456E-02	2.67689306871875E-07	2.41954011830398E-11	4.11418617796278E-02	5.55856666995394E-08	4.63226795323772E-11	7.27042913708144E-02	9.68526632061732E-12	1.49869016645472E-10	18.6825534932382	3.21743752187632E-12	1.79307858635176E-10	21.7856275385345	1.0E+10	1E-30	1.0E-10	1.0E+10	1E-30	1.0E-10	1.0E+10	1E-30	1.0E-10	1.0E+10	1E-30	1.0E-10	1.0E+10	1E-30	1.0E-10	1.0E+10	1E-30	1.0E-10	1.0E+10	1E-30	1.0E-10
39	5.19302661835837E-08	1.0E+10	8928571428.57143	1E-30	1.85941469216233E-10	1.0E+10	1E-30	1.0E+10	1.69378788346382E-02	2.35687824179663E-06	1.0E+10	1.28671683905108	3.55630118737495E-06	1.0E+10	7.77136070386894E-02	3.35335367652163E-06	1.0E+10	0.016053724827329	1E-30	9.38580482174965E-11	9.77326263092456E-02	2.67689306871875E-07	2.41954011830398E-11	4.11418617796278E-02	5.55856666995394E-08	4.63226795323772E-11	7.27042913708144E-02	9.68526632061732E-12	1.49869016645472E-10	18.6825534932382	3.21743752187632E-12	1.79307858635176E-10	21.7856275385345	1.0E+10	1E-30	1.0E-10	1.0E+10	1E-30	1.0E-10	1.0E+10	1E-30	1.0E-10	1.0E+10	1E-30	1.0E-10	1.0E+10	1E-30	1.0E-10	1.0E+10	1E-30	1.0E-10	1.0E+10	1E-30	1.0E-10
40	6.28277722709216E-08	1.0E+10	7352941176.47059	1E-30	1.17896971152768E-10	1.0E+10	1E-30	1.0E+10	1.59191973189912E-02	3.18598251559223E-06	1.0E+10	0.930200874666884	4.0666077157538E-06	1.0E+10	6.64463273723007E-02	6.65989716386924E-06	1.0E+10	9.70786341319208E-03	1E-30	1.24331201036043E-10	8.94554435310709E-02	2.94820089101963E-07	2.87504874614652E-11	5.07530299163124E-02	9.88555714415596E-08	3.56514092692953E-11	0.063227955238225	1.24324517821005E-11	1.13475678847389E-10	15.1932823959056	1.90879416207658E-12	2.33422606097728E-10	31.3408433401025	1.0E+10	1E-30	1.0E-10	1.0E+10	1E-30	1.0E-10	1.0E+10	1E-30	1.0E-10	1.0E+10	1E-30	1.0E-10	1.0E+10	1E-30	1.0E-10	1.0E+10	1E-30	1.0E-10	1.0E+10	1E-30	1.0E-10
41	6.28277722709216E-08	1.0E+10	7352941176.47059	1E-30	1.17896971152768E-10	1.0E+10	1E-30	1.0E+10	1.59191973189912E-02	3.18598251559223E-06	1.0E+10	0.930200874666884	4.0666077157538E-06	1.0E+10	6.64463273723007E-02	6.65989716386924E-06	1.0E+10	9.70786341319208E-03	1E-30	1.24331201036043E-10	8.94554435310709E-02	2.94820089101963E-07	2.87504874614652E-11	5.07530299163124E-02	9.88555714415596E-08	3.56514092692953E-11	0.063227955238225	1.24324517821005E-11	1.13475678847389E-10	15.1932823959056	1.90879416207658E-12	2.33422606097728E-10	31.3408433401025	1.0E+10	1E-30	1.0E-10	1.0E+10	1E-30	1.0E-10	1.0E+10	1E-30	1.0E-10	1.0E+10	1E-30	1.0E-10	1.0E+10	1E-30	1.0E-10	1.0E+10	1E-30	1.0E-10	1.0E+10	1E-30	1.0E-10
42	7.91989636578835E-08	1.0E+10	6097560975.60976	1E-30	5.86312532444581E-11	1.0E+10	1E-30	1.0E+10	1.31912315550049E-02	6.81157447040595E-06	1.0E+10	0.996718737114378	5.31096846728365E-06	1.0E+10	0.196913750141371	4.41741495829998E-06	1.0E+10	2.79234469651216E-02	1E-30	1.10156171907437E-10	9.43761167198191E-02	2.71491891830537E-07	4.1655357842374E-11	5.74958348097155E-02	1.04622762448881E-07	4.72703555570743E-11	6.87808866625944E-02	1.42720921076086E-11	8.08132048257917E-11	10.9006271140142	1.22160905236564E-12	2.60299620309657E-10	49.3425242729391	1.0E+10	1E-30	1.0E-10	1.0E+10	1E-30	1.0E-10	1.0E+10	1E-30	1.0E-10	1.0E+10	1E-30	1.0E-10	1.0E+10	1E-30	1.0E-10	1.0E+10	1E-30	1.0E-10	1.0E+10	1E-30	1.0E-10
43	7.91989636578835E-08	1.0E+10	6097560975.60976	1E-30	5.86312532444581E-11	1.0E+10	1E-30	1.0E+10	1.31912315550049E-02	6.81157447040595E-06	1.0E+10	0.996718737114378	5.31096846728365E-06	1.0E+10	0.196913750141371	4.41741495829998E-06	1.0E+10	2.79234469651216E-02	1E-30	1.10156171907437E-10	9.43761167198191E-02	2.71491891830537E-07	4.1655357842374E-11	5.74958348097155E-02	1.04622762448881E-07	4.72703555570743E-11	6.87808866625944E-02	1.42720921076086E-11	8.08132048257917E-11	10.9006271140142	1.22160905236564E-12	2.60299620309657E-10	49.3425242729391	1.0E+10	1E-30	1.0E-10	1.0E+10	1E-30	1.0E-10	1.0E+10	1E-30	1.0E-10	1.0E+10	1E-30	1.0E-10	1.0E+10	1E-30	1.0E-10	1.0E+10	1E-30	1.0E-10	1.0E+10	1E-30	1.0E-10
44	9.81551484348286E-08	1.0E+10	5000000000	1E-30	2.44821881215456E-10	1.0E+10	1E-30	1.0E+10	9.8291571363144E-03	5.89905231207511E-06	1.0E+10	0.659867251658522	8.16339155173467E-06	1.0E+10	0.061746985096619	5.87932949727839E-06	1.0E+10	1.42792386546424E-02	1E-30	1.87582304066816E-10	0.103176957788119	1E-30	2.14476343615666E-12	9.25840115812235E-03	2.83687141258879E-07	5.4137615041862E-11	6.94078008911293E-02	1.79414266480365E-07	3.92588111736521E-11	6.43548508994216E-02	1.37398083202128E-11	5.40831456050702E-11	5.79529000782291	5.32176182843193E-12	5.50142543467671E-11	7.02287257617543	1.0E+10	1E-30	1.0E-10	1.0E+10	1E-30	1.0E-10	1.0E+10	1E-30	1.0E-10	1.0E+10	1E-30	1.0E-10	1.0E+10	1E-30	1.0E-10	1.0E+10	1E-30	1.0E-10
45	9.81551484348286E-08	1.0E+10	5000000000	1E-30	2.44821881215456E-10	1.0E+10	1E-30	1.0E+10	9.8291571363144E-03	5.89905231207511E-06	1.0E+10	0.659867251658522	8.16339155173467E-06	1.0E+10	0.061746985096619	5.87932949727839E-06	1.0E+10	1.42792386546424E-02	1E-30	1.87582304066816E-10	0.103176957788119	1E-30	2.14476343615666E-12	9.25840115812235E-03	2.83687141258879E-07	5.4137615041862E-11	6.94078008911293E-02	1.79414266480365E-07	3.92588111736521E-11	6.43548508994216E-02	1.37398083202128E-11	5.40831456050702E-11	5.79529000782291	5.32176182843193E-12	5.50142543467671E-11	7.02287257617543	1.0E+10	1E-30	1.0E-10	1.0E+10	1E-30	1.0E-10	1.0E+10	1E-30	1.0E-10	1.0E+10	1E-30	1.0E-10	1.0E+10	1E-30	1.0E-10	1.0E+10	1E-30	1.0E-10
END DSCRDATA
