BEGIN DSCRDATA
% INDEX	K01	L01	M01	K02	L02	M02	K03	L03	M03	K04	L04	M04	K05	L05	M05	K06	L06	M06	K07	L07	M07	K08	L08	M08	K09	L09	M09	K10	L10	M10	K11	L11	M11	K12	L12	M12	K13	L13	M13	K14	L14	M14	K15	L15	M15	K16	L16	M16	K17	L17	M17	K18	L18	M18
0	1.09123552951457E-09	1.0E+10	100000000000	1E-30	9.51771180950638E-11	1.0E+10	1E-30	1.0E+10	0.316319545719608	8.06208990146659E-09	1.0E+10	499.783484868996	5.20769982667074E-08	1.0E+10	2.5047425586987	2.69127642581351E-08	1.0E+10	0.423824930594235	1.0787522756581E-08	1.0E+10	0.147630435930581	1.44569098153236E-11	2.58527212799101E-10	4.8902948364043	1.08177950984203E-12	2.53596202961337E-10	39.239047933851	1.0E+10	1E-30	1.0E-10	1.0E+10	1E-30	1.0E-10	1.0E+10	1E-30	1.0E-10	1.0E+10	1E-30	1.0E-10	1.0E+10	1E-30	1.0E-10	1.0E+10	1E-30	1.0E-10	1.0E+10	1E-30	1.0E-10	1.0E+10	1E-30	1.0E-10	1.0E+10	1E-30	1.0E-10
1	1.09123552951457E-09	1.0E+10	100000000000	1E-30	9.51771180950638E-11	1.0E+10	1E-30	1.0E+10	0.316319545719608	8.06208990146659E-09	1.0E+10	499.783484868996	5.20769982667074E-08	1.0E+10	2.5047425586987	2.69127642581351E-08	1.0E+10	0.423824930594235	1.0787522756581E-08	1.0E+10	0.147630435930581	1.44569098153236E-11	2.58527212799101E-10	4.8902948364043	1.08177950984203E-12	2.53596202961337E-10	39.239047933851	1.0E+10	1E-30	1.0E-10	1.0E+10	1E-30	1.0E-10	1.0E+10	1E-30	1.0E-10	1.0E+10	1E-30	1.0E-10	1.0E+10	1E-30	1.0E-10	1.0E+10	1E-30	1.0E-10	1.0E+10	1E-30	1.0E-10	1.0E+10	1E-30	1.0E-10	1.0E+10	1E-30	1.0E-10
2	1.09123552951457E-09	1.0E+10	100000000000	1E-30	9.51771180950638E-11	1.0E+10	1E-30	1.0E+10	0.316319545719608	8.06208990146659E-09	1.0E+10	499.783484868996	5.20769982667074E-08	1.0E+10	2.5047425586987	2.69127642581351E-08	1.0E+10	0.423824930594235	1.0787522756581E-08	1.0E+10	0.147630435930581	1.44569098153236E-11	2.58527212799101E-10	4.8902948364043	1.08177950984203E-12	2.53596202961337E-10	39.239047933851	1.0E+10	1E-30	1.0E-10	1.0E+10	1E-30	1.0E-10	1.0E+10	1E-30	1.0E-10	1.0E+10	1E-30	1.0E-10	1.0E+10	1E-30	1.0E-10	1.0E+10	1E-30	1.0E-10	1.0E+10	1E-30	1.0E-10	1.0E+10	1E-30	1.0E-10	1.0E+10	1E-30	1.0E-10
3	1.09123552951457E-09	1.0E+10	100000000000	1E-30	9.51771180950638E-11	1.0E+10	1E-30	1.0E+10	0.316319545719608	8.06208990146659E-09	1.0E+10	499.783484868996	5.20769982667074E-08	1.0E+10	2.5047425586987	2.69127642581351E-08	1.0E+10	0.423824930594235	1.0787522756581E-08	1.0E+10	0.147630435930581	1.44569098153236E-11	2.58527212799101E-10	4.8902948364043	1.08177950984203E-12	2.53596202961337E-10	39.239047933851	1.0E+10	1E-30	1.0E-10	1.0E+10	1E-30	1.0E-10	1.0E+10	1E-30	1.0E-10	1.0E+10	1E-30	1.0E-10	1.0E+10	1E-30	1.0E-10	1.0E+10	1E-30	1.0E-10	1.0E+10	1E-30	1.0E-10	1.0E+10	1E-30	1.0E-10	1.0E+10	1E-30	1.0E-10
4	1.3059024548505E-09	1.0E+10	100000000000	1E-30	1.81249918192332E-10	1.0E+10	1E-30	1.0E+10	0.295925742607427	1.4580817060757E-08	1.0E+10	220.809541671681	1.1286672653998E-07	1.0E+10	8.51137795875901	5.31364996140192E-08	1.0E+10	1.17517686422123	1.9550420158128E-08	1.0E+10	0.269533445220647	4.67043317225988E-08	1.0E+10	7.82889469491485E-03	1.07676048651849E-09	1.50932385198703E-11	0.143729301904087	1.25539957912312E-11	2.53789182095963E-10	5.36707772835671	2.36470378581538E-12	1.30996315667476E-10	13.9878168532115	1.0E+10	1E-30	1.0E-10	1.0E+10	1E-30	1.0E-10	1.0E+10	1E-30	1.0E-10	1.0E+10	1E-30	1.0E-10	1.0E+10	1E-30	1.0E-10	1.0E+10	1E-30	1.0E-10	1.0E+10	1E-30	1.0E-10
5	1.3059024548505E-09	1.0E+10	100000000000	1E-30	1.81249918192332E-10	1.0E+10	1E-30	1.0E+10	0.295925742607427	1.4580817060757E-08	1.0E+10	220.809541671681	1.1286672653998E-07	1.0E+10	8.51137795875901	5.31364996140192E-08	1.0E+10	1.17517686422123	1.9550420158128E-08	1.0E+10	0.269533445220647	4.67043317225988E-08	1.0E+10	7.82889469491485E-03	1.07676048651849E-09	1.50932385198703E-11	0.143729301904087	1.25539957912312E-11	2.53789182095963E-10	5.36707772835671	2.36470378581538E-12	1.30996315667476E-10	13.9878168532115	1.0E+10	1E-30	1.0E-10	1.0E+10	1E-30	1.0E-10	1.0E+10	1E-30	1.0E-10	1.0E+10	1E-30	1.0E-10	1.0E+10	1E-30	1.0E-10	1.0E+10	1E-30	1.0E-10	1.0E+10	1E-30	1.0E-10
6	1.3059024548505E-09	1.0E+10	100000000000	1E-30	1.81249918192332E-10	1.0E+10	1E-30	1.0E+10	0.295925742607427	1.4580817060757E-08	1.0E+10	220.809541671681	1.1286672653998E-07	1.0E+10	8.51137795875901	5.31364996140192E-08	1.0E+10	1.17517686422123	1.9550420158128E-08	1.0E+10	0.269533445220647	4.67043317225988E-08	1.0E+10	7.82889469491485E-03	1.07676048651849E-09	1.50932385198703E-11	0.143729301904087	1.25539957912312E-11	2.53789182095963E-10	5.36707772835671	2.36470378581538E-12	1.30996315667476E-10	13.9878168532115	1.0E+10	1E-30	1.0E-10	1.0E+10	1E-30	1.0E-10	1.0E+10	1E-30	1.0E-10	1.0E+10	1E-30	1.0E-10	1.0E+10	1E-30	1.0E-10	1.0E+10	1E-30	1.0E-10	1.0E+10	1E-30	1.0E-10
7	1.65850770779285E-09	1.0E+10	100000000000	1E-30	1.38724712175591E-10	1.0E+10	1E-30	1.0E+10	0.209649697919534	1.76942178589268E-08	1.0E+10	236.885950940663	1.15723940458564E-07	1.0E+10	1.8680654398115	6.28601821090264E-08	1.0E+10	0.452829854432449	1.91758544756855E-08	1.0E+10	0.139654497907299	1E-30	1.57739688149191E-11	0.111791609770119	2.48057340976138E-09	1.26226051899182E-11	0.188170452837667	1.3964188649034E-11	2.24151756867386E-10	4.51374519962494	1.76713142674338E-12	1.86747854690767E-10	24.2591986553546	1.0E+10	1E-30	1.0E-10	1.0E+10	1E-30	1.0E-10	1.0E+10	1E-30	1.0E-10	1.0E+10	1E-30	1.0E-10	1.0E+10	1E-30	1.0E-10	1.0E+10	1E-30	1.0E-10	1.0E+10	1E-30	1.0E-10
8	1.65850770779285E-09	1.0E+10	100000000000	1E-30	1.38724712175591E-10	1.0E+10	1E-30	1.0E+10	0.209649697919534	1.76942178589268E-08	1.0E+10	236.885950940663	1.15723940458564E-07	1.0E+10	1.8680654398115	6.28601821090264E-08	1.0E+10	0.452829854432449	1.91758544756855E-08	1.0E+10	0.139654497907299	1E-30	1.57739688149191E-11	0.111791609770119	2.48057340976138E-09	1.26226051899182E-11	0.188170452837667	1.3964188649034E-11	2.24151756867386E-10	4.51374519962494	1.76713142674338E-12	1.86747854690767E-10	24.2591986553546	1.0E+10	1E-30	1.0E-10	1.0E+10	1E-30	1.0E-10	1.0E+10	1E-30	1.0E-10	1.0E+10	1E-30	1.0E-10	1.0E+10	1E-30	1.0E-10	1.0E+10	1E-30	1.0E-10	1.0E+10	1E-30	1.0E-10
9	1.65850770779285E-09	1.0E+10	100000000000	1E-30	1.38724712175591E-10	1.0E+10	1E-30	1.0E+10	0.209649697919534	1.76942178589268E-08	1.0E+10	236.885950940663	1.15723940458564E-07	1.0E+10	1.8680654398115	6.28601821090264E-08	1.0E+10	0.452829854432449	1.91758544756855E-08	1.0E+10	0.139654497907299	1E-30	1.57739688149191E-11	0.111791609770119	2.48057340976138E-09	1.26226051899182E-11	0.188170452837667	1.3964188649034E-11	2.24151756867386E-10	4.51374519962494	1.76713142674338E-12	1.86747854690767E-10	24.2591986553546	1.0E+10	1E-30	1.0E-10	1.0E+10	1E-30	1.0E-10	1.0E+10	1E-30	1.0E-10	1.0E+10	1E-30	1.0E-10	1.0E+10	1E-30	1.0E-10	1.0E+10	1E-30	1.0E-10	1.0E+10	1E-30	1.0E-10
10	1.65850770779285E-09	1.0E+10	100000000000	1E-30	1.38724712175591E-10	1.0E+10	1E-30	1.0E+10	0.209649697919534	1.76942178589268E-08	1.0E+10	236.885950940663	1.15723940458564E-07	1.0E+10	1.8680654398115	6.28601821090264E-08	1.0E+10	0.452829854432449	1.91758544756855E-08	1.0E+10	0.139654497907299	1E-30	1.57739688149191E-11	0.111791609770119	2.48057340976138E-09	1.26226051899182E-11	0.188170452837667	1.3964188649034E-11	2.24151756867386E-10	4.51374519962494	1.76713142674338E-12	1.86747854690767E-10	24.2591986553546	1.0E+10	1E-30	1.0E-10	1.0E+10	1E-30	1.0E-10	1.0E+10	1E-30	1.0E-10	1.0E+10	1E-30	1.0E-10	1.0E+10	1E-30	1.0E-10	1.0E+10	1E-30	1.0E-10	1.0E+10	1E-30	1.0E-10
11	1.91048565384706E-09	1.0E+10	100000000000	1E-30	1.97150916294017E-10	1.0E+10	1E-30	1.0E+10	0.218453140650086	2.92385638648298E-08	1.0E+10	86.2708534588106	1.92063476170581E-07	1.0E+10	1.15704929771296	5.72407019555179E-08	1.0E+10	0.518121451177111	3.3575698774714E-08	1.0E+10	0.10477379706748	1.4178563646527E-07	1.0E+10	3.31465471230914E-03	1.18865339473717E-09	3.35613508623457E-11	0.248086823172267	1.06935323270804E-11	2.03765497296298E-10	3.42993711937541	3.48091164025341E-12	1.14055849754634E-10	14.5309400258466	1.0E+10	1E-30	1.0E-10	1.0E+10	1E-30	1.0E-10	1.0E+10	1E-30	1.0E-10	1.0E+10	1E-30	1.0E-10	1.0E+10	1E-30	1.0E-10	1.0E+10	1E-30	1.0E-10	1.0E+10	1E-30	1.0E-10
12	1.91048565384706E-09	1.0E+10	100000000000	1E-30	1.97150916294017E-10	1.0E+10	1E-30	1.0E+10	0.218453140650086	2.92385638648298E-08	1.0E+10	86.2708534588106	1.92063476170581E-07	1.0E+10	1.15704929771296	5.72407019555179E-08	1.0E+10	0.518121451177111	3.3575698774714E-08	1.0E+10	0.10477379706748	1.4178563646527E-07	1.0E+10	3.31465471230914E-03	1.18865339473717E-09	3.35613508623457E-11	0.248086823172267	1.06935323270804E-11	2.03765497296298E-10	3.42993711937541	3.48091164025341E-12	1.14055849754634E-10	14.5309400258466	1.0E+10	1E-30	1.0E-10	1.0E+10	1E-30	1.0E-10	1.0E+10	1E-30	1.0E-10	1.0E+10	1E-30	1.0E-10	1.0E+10	1E-30	1.0E-10	1.0E+10	1E-30	1.0E-10	1.0E+10	1E-30	1.0E-10
13	1.91048565384706E-09	1.0E+10	100000000000	1E-30	1.97150916294017E-10	1.0E+10	1E-30	1.0E+10	0.218453140650086	2.92385638648298E-08	1.0E+10	86.2708534588106	1.92063476170581E-07	1.0E+10	1.15704929771296	5.72407019555179E-08	1.0E+10	0.518121451177111	3.3575698774714E-08	1.0E+10	0.10477379706748	1.4178563646527E-07	1.0E+10	3.31465471230914E-03	1.18865339473717E-09	3.35613508623457E-11	0.248086823172267	1.06935323270804E-11	2.03765497296298E-10	3.42993711937541	3.48091164025341E-12	1.14055849754634E-10	14.5309400258466	1.0E+10	1E-30	1.0E-10	1.0E+10	1E-30	1.0E-10	1.0E+10	1E-30	1.0E-10	1.0E+10	1E-30	1.0E-10	1.0E+10	1E-30	1.0E-10	1.0E+10	1E-30	1.0E-10	1.0E+10	1E-30	1.0E-10
14	2.29792442572075E-09	1.0E+10	100000000000	1E-30	1.89160665095802E-10	1.0E+10	1E-30	1.0E+10	0.162943055189054	3.13141445319644E-08	1.0E+10	131.206559466616	1.43808496481733E-07	1.0E+10	1.40173504403745	8.3654965495788E-08	1.0E+10	0.29758231193106	3.82358032106211E-08	1.0E+10	7.92238174573199E-02	1E-30	3.96898350968118E-11	0.308624527865866	2.64531741620669E-08	5.98734888408428E-12	5.39150368540563E-02	2.08237275285958E-09	2.79529078269383E-11	0.200000432071738	1.96551643272708E-11	1.2973052407587E-10	2.59374395698284	2.81259756738913E-12	1.11441618500309E-10	24.1014288206156	1.0E+10	1E-30	1.0E-10	1.0E+10	1E-30	1.0E-10	1.0E+10	1E-30	1.0E-10	1.0E+10	1E-30	1.0E-10	1.0E+10	1E-30	1.0E-10	1.0E+10	1E-30	1.0E-10
15	2.29792442572075E-09	1.0E+10	100000000000	1E-30	1.89160665095802E-10	1.0E+10	1E-30	1.0E+10	0.162943055189054	3.13141445319644E-08	1.0E+10	131.206559466616	1.43808496481733E-07	1.0E+10	1.40173504403745	8.3654965495788E-08	1.0E+10	0.29758231193106	3.82358032106211E-08	1.0E+10	7.92238174573199E-02	1E-30	3.96898350968118E-11	0.308624527865866	2.64531741620669E-08	5.98734888408428E-12	5.39150368540563E-02	2.08237275285958E-09	2.79529078269383E-11	0.200000432071738	1.96551643272708E-11	1.2973052407587E-10	2.59374395698284	2.81259756738913E-12	1.11441618500309E-10	24.1014288206156	1.0E+10	1E-30	1.0E-10	1.0E+10	1E-30	1.0E-10	1.0E+10	1E-30	1.0E-10	1.0E+10	1E-30	1.0E-10	1.0E+10	1E-30	1.0E-10	1.0E+10	1E-30	1.0E-10
16	2.29792442572075E-09	1.0E+10	100000000000	1E-30	1.89160665095802E-10	1.0E+10	1E-30	1.0E+10	0.162943055189054	3.13141445319644E-08	1.0E+10	131.206559466616	1.43808496481733E-07	1.0E+10	1.40173504403745	8.3654965495788E-08	1.0E+10	0.29758231193106	3.82358032106211E-08	1.0E+10	7.92238174573199E-02	1E-30	3.96898350968118E-11	0.308624527865866	2.64531741620669E-08	5.98734888408428E-12	5.39150368540563E-02	2.08237275285958E-09	2.79529078269383E-11	0.200000432071738	1.96551643272708E-11	1.2973052407587E-10	2.59374395698284	2.81259756738913E-12	1.11441618500309E-10	24.1014288206156	1.0E+10	1E-30	1.0E-10	1.0E+10	1E-30	1.0E-10	1.0E+10	1E-30	1.0E-10	1.0E+10	1E-30	1.0E-10	1.0E+10	1E-30	1.0E-10	1.0E+10	1E-30	1.0E-10
17	2.85306213540346E-09	1.0E+10	100000000000	1E-30	2.12146037307693E-10	1.0E+10	1E-30	1.0E+10	0.141360673398084	5.36937535850149E-08	1.0E+10	56.4802182531561	2.11853617682047E-07	1.0E+10	0.915037152773267	1.23560587054881E-07	1.0E+10	0.255497213949222	6.07502380383853E-08	1.0E+10	6.89002462117562E-02	1E-30	7.56635765875129E-11	0.397097464586127	1.41583314080785E-08	1.56824597878802E-11	6.33430263618367E-02	5.63923480418685E-09	1.68933049324132E-11	9.78468831742951E-02	2.70493453562137E-11	8.25143522167184E-11	1.84874585417025	3.50978109396295E-12	9.40871976676884E-11	12.266105036918	1.0E+10	1E-30	1.0E-10	1.0E+10	1E-30	1.0E-10	1.0E+10	1E-30	1.0E-10	1.0E+10	1E-30	1.0E-10	1.0E+10	1E-30	1.0E-10	1.0E+10	1E-30	1.0E-10
18	2.85306213540346E-09	1.0E+10	100000000000	1E-30	2.12146037307693E-10	1.0E+10	1E-30	1.0E+10	0.141360673398084	5.36937535850149E-08	1.0E+10	56.4802182531561	2.11853617682047E-07	1.0E+10	0.915037152773267	1.23560587054881E-07	1.0E+10	0.255497213949222	6.07502380383853E-08	1.0E+10	6.89002462117562E-02	1E-30	7.56635765875129E-11	0.397097464586127	1.41583314080785E-08	1.56824597878802E-11	6.33430263618367E-02	5.63923480418685E-09	1.68933049324132E-11	9.78468831742951E-02	2.70493453562137E-11	8.25143522167184E-11	1.84874585417025	3.50978109396295E-12	9.40871976676884E-11	12.266105036918	1.0E+10	1E-30	1.0E-10	1.0E+10	1E-30	1.0E-10	1.0E+10	1E-30	1.0E-10	1.0E+10	1E-30	1.0E-10	1.0E+10	1E-30	1.0E-10	1.0E+10	1E-30	1.0E-10
19	2.85306213540346E-09	1.0E+10	100000000000	1E-30	2.12146037307693E-10	1.0E+10	1E-30	1.0E+10	0.141360673398084	5.36937535850149E-08	1.0E+10	56.4802182531561	2.11853617682047E-07	1.0E+10	0.915037152773267	1.23560587054881E-07	1.0E+10	0.255497213949222	6.07502380383853E-08	1.0E+10	6.89002462117562E-02	1E-30	7.56635765875129E-11	0.397097464586127	1.41583314080785E-08	1.56824597878802E-11	6.33430263618367E-02	5.63923480418685E-09	1.68933049324132E-11	9.78468831742951E-02	2.70493453562137E-11	8.25143522167184E-11	1.84874585417025	3.50978109396295E-12	9.40871976676884E-11	12.266105036918	1.0E+10	1E-30	1.0E-10	1.0E+10	1E-30	1.0E-10	1.0E+10	1E-30	1.0E-10	1.0E+10	1E-30	1.0E-10	1.0E+10	1E-30	1.0E-10	1.0E+10	1E-30	1.0E-10
20	3.38868274013827E-09	1.0E+10	100000000000	1E-30	1.72465517778965E-10	1.0E+10	1E-30	1.0E+10	0.229370700918744	6.09765127275038E-08	1.0E+10	79.260203941116	1.96121224424226E-07	1.0E+10	1.17269192948558	8.66301789294748E-08	1.0E+10	0.185419491561374	1E-30	1.40562240426215E-10	2.77128579807295	3.13019198822878E-08	8.76735580364519E-12	4.92348756402692E-02	3.35406114448723E-09	2.97076727885829E-11	0.155694347338391	2.91328453837475E-11	9.9207020760912E-11	1.96214709857333	4.00091896622107E-12	8.71590329972685E-11	27.4580310728232	1.0E+10	1E-30	1.0E-10	1.0E+10	1E-30	1.0E-10	1.0E+10	1E-30	1.0E-10	1.0E+10	1E-30	1.0E-10	1.0E+10	1E-30	1.0E-10	1.0E+10	1E-30	1.0E-10	1.0E+10	1E-30	1.0E-10
21	3.38868274013827E-09	1.0E+10	100000000000	1E-30	1.72465517778965E-10	1.0E+10	1E-30	1.0E+10	0.229370700918744	6.09765127275038E-08	1.0E+10	79.260203941116	1.96121224424226E-07	1.0E+10	1.17269192948558	8.66301789294748E-08	1.0E+10	0.185419491561374	1E-30	1.40562240426215E-10	2.77128579807295	3.13019198822878E-08	8.76735580364519E-12	4.92348756402692E-02	3.35406114448723E-09	2.97076727885829E-11	0.155694347338391	2.91328453837475E-11	9.9207020760912E-11	1.96214709857333	4.00091896622107E-12	8.71590329972685E-11	27.4580310728232	1.0E+10	1E-30	1.0E-10	1.0E+10	1E-30	1.0E-10	1.0E+10	1E-30	1.0E-10	1.0E+10	1E-30	1.0E-10	1.0E+10	1E-30	1.0E-10	1.0E+10	1E-30	1.0E-10	1.0E+10	1E-30	1.0E-10
22	3.38868274013827E-09	1.0E+10	100000000000	1E-30	1.72465517778965E-10	1.0E+10	1E-30	1.0E+10	0.229370700918744	6.09765127275038E-08	1.0E+10	79.260203941116	1.96121224424226E-07	1.0E+10	1.17269192948558	8.66301789294748E-08	1.0E+10	0.185419491561374	1E-30	1.40562240426215E-10	2.77128579807295	3.13019198822878E-08	8.76735580364519E-12	4.92348756402692E-02	3.35406114448723E-09	2.97076727885829E-11	0.155694347338391	2.91328453837475E-11	9.9207020760912E-11	1.96214709857333	4.00091896622107E-12	8.71590329972685E-11	27.4580310728232	1.0E+10	1E-30	1.0E-10	1.0E+10	1E-30	1.0E-10	1.0E+10	1E-30	1.0E-10	1.0E+10	1E-30	1.0E-10	1.0E+10	1E-30	1.0E-10	1.0E+10	1E-30	1.0E-10	1.0E+10	1E-30	1.0E-10
23	3.38868274013827E-09	1.0E+10	100000000000	1E-30	1.72465517778965E-10	1.0E+10	1E-30	1.0E+10	0.229370700918744	6.09765127275038E-08	1.0E+10	79.260203941116	1.96121224424226E-07	1.0E+10	1.17269192948558	8.66301789294748E-08	1.0E+10	0.185419491561374	1E-30	1.40562240426215E-10	2.77128579807295	3.13019198822878E-08	8.76735580364519E-12	4.92348756402692E-02	3.35406114448723E-09	2.97076727885829E-11	0.155694347338391	2.91328453837475E-11	9.9207020760912E-11	1.96214709857333	4.00091896622107E-12	8.71590329972685E-11	27.4580310728232	1.0E+10	1E-30	1.0E-10	1.0E+10	1E-30	1.0E-10	1.0E+10	1E-30	1.0E-10	1.0E+10	1E-30	1.0E-10	1.0E+10	1E-30	1.0E-10	1.0E+10	1E-30	1.0E-10	1.0E+10	1E-30	1.0E-10
24	3.93836434373908E-09	1.0E+10	100000000000	1E-30	2.06045542396168E-10	1.0E+10	1E-30	1.0E+10	0.15337802619094	1.11106493821911E-07	1.0E+10	20.2339507616849	2.09207378024236E-07	1.0E+10	0.575175222221115	1.38677303688709E-07	1.0E+10	8.71293758859558E-02	9.76231835543318E-08	1.0E+10	1.38376965348392E-02	1E-30	9.87840807552186E-11	0.842640113103002	6.51749952521916E-08	5.33546038528419E-12	2.87033018608203E-02	3.31321016109102E-09	4.11903890382895E-11	0.178640709358282	3.6202253065686E-11	6.65388845446193E-11	1.66102922195604	2.87009334783402E-12	1.06100932279543E-10	13.4423473460482	1.0E+10	1E-30	1.0E-10	1.0E+10	1E-30	1.0E-10	1.0E+10	1E-30	1.0E-10	1.0E+10	1E-30	1.0E-10	1.0E+10	1E-30	1.0E-10	1.0E+10	1E-30	1.0E-10
25	3.93836434373908E-09	1.0E+10	100000000000	1E-30	2.06045542396168E-10	1.0E+10	1E-30	1.0E+10	0.15337802619094	1.11106493821911E-07	1.0E+10	20.2339507616849	2.09207378024236E-07	1.0E+10	0.575175222221115	1.38677303688709E-07	1.0E+10	8.71293758859558E-02	9.76231835543318E-08	1.0E+10	1.38376965348392E-02	1E-30	9.87840807552186E-11	0.842640113103002	6.51749952521916E-08	5.33546038528419E-12	2.87033018608203E-02	3.31321016109102E-09	4.11903890382895E-11	0.178640709358282	3.6202253065686E-11	6.65388845446193E-11	1.66102922195604	2.87009334783402E-12	1.06100932279543E-10	13.4423473460482	1.0E+10	1E-30	1.0E-10	1.0E+10	1E-30	1.0E-10	1.0E+10	1E-30	1.0E-10	1.0E+10	1E-30	1.0E-10	1.0E+10	1E-30	1.0E-10	1.0E+10	1E-30	1.0E-10
26	3.93836434373908E-09	1.0E+10	100000000000	1E-30	2.06045542396168E-10	1.0E+10	1E-30	1.0E+10	0.15337802619094	1.11106493821911E-07	1.0E+10	20.2339507616849	2.09207378024236E-07	1.0E+10	0.575175222221115	1.38677303688709E-07	1.0E+10	8.71293758859558E-02	9.76231835543318E-08	1.0E+10	1.38376965348392E-02	1E-30	9.87840807552186E-11	0.842640113103002	6.51749952521916E-08	5.33546038528419E-12	2.87033018608203E-02	3.31321016109102E-09	4.11903890382895E-11	0.178640709358282	3.6202253065686E-11	6.65388845446193E-11	1.66102922195604	2.87009334783402E-12	1.06100932279543E-10	13.4423473460482	1.0E+10	1E-30	1.0E-10	1.0E+10	1E-30	1.0E-10	1.0E+10	1E-30	1.0E-10	1.0E+10	1E-30	1.0E-10	1.0E+10	1E-30	1.0E-10	1.0E+10	1E-30	1.0E-10
27	4.9065700896701E-09	1.0E+10	100000000000	1E-30	1.88931200962495E-10	1.0E+10	1E-30	1.0E+10	0.107891242510165	1.05057405582333E-07	1.0E+10	42.6966164403355	3.20358047569706E-07	1.0E+10	0.697817559257769	3.36683902474673E-07	1.0E+10	9.20776923742655E-02	1.90089957690981E-07	1.0E+10	5.55994797791075E-02	1E-30	9.53865652734689E-11	0.435059872920684	4.0337373202415E-08	1.15217808243732E-11	5.48986948903128E-02	8.4677536403759E-09	2.42370321094187E-11	0.117759433061872	5.0634721418643E-11	5.12347997750196E-11	1.20512114716333	3.34624676994053E-12	1.04186267875873E-10	32.1403262230605	1.0E+10	1E-30	1.0E-10	1.0E+10	1E-30	1.0E-10	1.0E+10	1E-30	1.0E-10	1.0E+10	1E-30	1.0E-10	1.0E+10	1E-30	1.0E-10	1.0E+10	1E-30	1.0E-10
28	4.9065700896701E-09	1.0E+10	100000000000	1E-30	1.88931200962495E-10	1.0E+10	1E-30	1.0E+10	0.107891242510165	1.05057405582333E-07	1.0E+10	42.6966164403355	3.20358047569706E-07	1.0E+10	0.697817559257769	3.36683902474673E-07	1.0E+10	9.20776923742655E-02	1.90089957690981E-07	1.0E+10	5.55994797791075E-02	1E-30	9.53865652734689E-11	0.435059872920684	4.0337373202415E-08	1.15217808243732E-11	5.48986948903128E-02	8.4677536403759E-09	2.42370321094187E-11	0.117759433061872	5.0634721418643E-11	5.12347997750196E-11	1.20512114716333	3.34624676994053E-12	1.04186267875873E-10	32.1403262230605	1.0E+10	1E-30	1.0E-10	1.0E+10	1E-30	1.0E-10	1.0E+10	1E-30	1.0E-10	1.0E+10	1E-30	1.0E-10	1.0E+10	1E-30	1.0E-10	1.0E+10	1E-30	1.0E-10
29	4.9065700896701E-09	1.0E+10	100000000000	1E-30	1.88931200962495E-10	1.0E+10	1E-30	1.0E+10	0.107891242510165	1.05057405582333E-07	1.0E+10	42.6966164403355	3.20358047569706E-07	1.0E+10	0.697817559257769	3.36683902474673E-07	1.0E+10	9.20776923742655E-02	1.90089957690981E-07	1.0E+10	5.55994797791075E-02	1E-30	9.53865652734689E-11	0.435059872920684	4.0337373202415E-08	1.15217808243732E-11	5.48986948903128E-02	8.4677536403759E-09	2.42370321094187E-11	0.117759433061872	5.0634721418643E-11	5.12347997750196E-11	1.20512114716333	3.34624676994053E-12	1.04186267875873E-10	32.1403262230605	1.0E+10	1E-30	1.0E-10	1.0E+10	1E-30	1.0E-10	1.0E+10	1E-30	1.0E-10	1.0E+10	1E-30	1.0E-10	1.0E+10	1E-30	1.0E-10	1.0E+10	1E-30	1.0E-10
30	4.9065700896701E-09	1.0E+10	100000000000	1E-30	1.88931200962495E-10	1.0E+10	1E-30	1.0E+10	0.107891242510165	1.05057405582333E-07	1.0E+10	42.6966164403355	3.20358047569706E-07	1.0E+10	0.697817559257769	3.36683902474673E-07	1.0E+10	9.20776923742655E-02	1.90089957690981E-07	1.0E+10	5.55994797791075E-02	1E-30	9.53865652734689E-11	0.435059872920684	4.0337373202415E-08	1.15217808243732E-11	5.48986948903128E-02	8.4677536403759E-09	2.42370321094187E-11	0.117759433061872	5.0634721418643E-11	5.12347997750196E-11	1.20512114716333	3.34624676994053E-12	1.04186267875873E-10	32.1403262230605	1.0E+10	1E-30	1.0E-10	1.0E+10	1E-30	1.0E-10	1.0E+10	1E-30	1.0E-10	1.0E+10	1E-30	1.0E-10	1.0E+10	1E-30	1.0E-10	1.0E+10	1E-30	1.0E-10
31	5.65894776063645E-09	1.0E+10	100000000000	1E-30	1.70564222035916E-10	1.0E+10	1E-30	1.0E+10	6.90652226739246E-02	2.1072668446885E-07	1.0E+10	7.9086179756971	4.21128049512462E-07	1.0E+10	0.316602814279181	4.95115955045552E-07	1.0E+10	0.063761600539712	7.84232113812448E-07	1.0E+10	3.69220018209635E-03	1E-30	7.21701530596169E-11	0.214690133017288	3.91083541676408E-08	1.46537444477185E-11	4.69602718467106E-02	8.74595801440059E-09	2.53371896787418E-11	0.125262756268361	5.19659613242855E-12	1.46333989736719E-10	20.498352120526	1.86023241842863E-12	1.61932791654931E-10	28.5628619346942	1.0E+10	1E-30	1.0E-10	1.0E+10	1E-30	1.0E-10	1.0E+10	1E-30	1.0E-10	1.0E+10	1E-30	1.0E-10	1.0E+10	1E-30	1.0E-10	1.0E+10	1E-30	1.0E-10
32	5.65894776063645E-09	1.0E+10	100000000000	1E-30	1.70564222035916E-10	1.0E+10	1E-30	1.0E+10	6.90652226739246E-02	2.1072668446885E-07	1.0E+10	7.9086179756971	4.21128049512462E-07	1.0E+10	0.316602814279181	4.95115955045552E-07	1.0E+10	0.063761600539712	7.84232113812448E-07	1.0E+10	3.69220018209635E-03	1E-30	7.21701530596169E-11	0.214690133017288	3.91083541676408E-08	1.46537444477185E-11	4.69602718467106E-02	8.74595801440059E-09	2.53371896787418E-11	0.125262756268361	5.19659613242855E-12	1.46333989736719E-10	20.498352120526	1.86023241842863E-12	1.61932791654931E-10	28.5628619346942	1.0E+10	1E-30	1.0E-10	1.0E+10	1E-30	1.0E-10	1.0E+10	1E-30	1.0E-10	1.0E+10	1E-30	1.0E-10	1.0E+10	1E-30	1.0E-10	1.0E+10	1E-30	1.0E-10
33	5.65894776063645E-09	1.0E+10	100000000000	1E-30	1.70564222035916E-10	1.0E+10	1E-30	1.0E+10	6.90652226739246E-02	2.1072668446885E-07	1.0E+10	7.9086179756971	4.21128049512462E-07	1.0E+10	0.316602814279181	4.95115955045552E-07	1.0E+10	0.063761600539712	7.84232113812448E-07	1.0E+10	3.69220018209635E-03	1E-30	7.21701530596169E-11	0.214690133017288	3.91083541676408E-08	1.46537444477185E-11	4.69602718467106E-02	8.74595801440059E-09	2.53371896787418E-11	0.125262756268361	5.19659613242855E-12	1.46333989736719E-10	20.498352120526	1.86023241842863E-12	1.61932791654931E-10	28.5628619346942	1.0E+10	1E-30	1.0E-10	1.0E+10	1E-30	1.0E-10	1.0E+10	1E-30	1.0E-10	1.0E+10	1E-30	1.0E-10	1.0E+10	1E-30	1.0E-10	1.0E+10	1E-30	1.0E-10
34	5.65894776063645E-09	1.0E+10	100000000000	1E-30	1.70564222035916E-10	1.0E+10	1E-30	1.0E+10	6.90652226739246E-02	2.1072668446885E-07	1.0E+10	7.9086179756971	4.21128049512462E-07	1.0E+10	0.316602814279181	4.95115955045552E-07	1.0E+10	0.063761600539712	7.84232113812448E-07	1.0E+10	3.69220018209635E-03	1E-30	7.21701530596169E-11	0.214690133017288	3.91083541676408E-08	1.46537444477185E-11	4.69602718467106E-02	8.74595801440059E-09	2.53371896787418E-11	0.125262756268361	5.19659613242855E-12	1.46333989736719E-10	20.498352120526	1.86023241842863E-12	1.61932791654931E-10	28.5628619346942	1.0E+10	1E-30	1.0E-10	1.0E+10	1E-30	1.0E-10	1.0E+10	1E-30	1.0E-10	1.0E+10	1E-30	1.0E-10	1.0E+10	1E-30	1.0E-10	1.0E+10	1E-30	1.0E-10
35	6.67404976728542E-09	1.0E+10	100000000000	1E-30	2.46389899425342E-10	1.0E+10	1E-30	1.0E+10	6.90196660695859E-02	3.08698613898883E-07	1.0E+10	8.17119269396867	6.96535059933773E-07	1.0E+10	0.672715521818644	6.54217952891617E-07	1.0E+10	0.134615721005659	4.9258670868858E-07	1.0E+10	4.84677052393246E-02	1E-30	7.15245423003489E-11	0.239733087475504	5.75121491307817E-08	1.18412327521103E-11	4.99871571851393E-02	1.09445752234847E-08	2.5639271184387E-11	0.121823035859771	6.65971483870953E-12	1.05332490128802E-10	14.083796347102	4.912466609079E-12	6.53634662858384E-11	13.3838009626433	1.0E+10	1E-30	1.0E-10	1.0E+10	1E-30	1.0E-10	1.0E+10	1E-30	1.0E-10	1.0E+10	1E-30	1.0E-10	1.0E+10	1E-30	1.0E-10	1.0E+10	1E-30	1.0E-10
36	6.67404976728542E-09	1.0E+10	100000000000	1E-30	2.46389899425342E-10	1.0E+10	1E-30	1.0E+10	6.90196660695859E-02	3.08698613898883E-07	1.0E+10	8.17119269396867	6.96535059933773E-07	1.0E+10	0.672715521818644	6.54217952891617E-07	1.0E+10	0.134615721005659	4.9258670868858E-07	1.0E+10	4.84677052393246E-02	1E-30	7.15245423003489E-11	0.239733087475504	5.75121491307817E-08	1.18412327521103E-11	4.99871571851393E-02	1.09445752234847E-08	2.5639271184387E-11	0.121823035859771	6.65971483870953E-12	1.05332490128802E-10	14.083796347102	4.912466609079E-12	6.53634662858384E-11	13.3838009626433	1.0E+10	1E-30	1.0E-10	1.0E+10	1E-30	1.0E-10	1.0E+10	1E-30	1.0E-10	1.0E+10	1E-30	1.0E-10	1.0E+10	1E-30	1.0E-10	1.0E+10	1E-30	1.0E-10
37	6.67404976728542E-09	1.0E+10	100000000000	1E-30	2.46389899425342E-10	1.0E+10	1E-30	1.0E+10	6.90196660695859E-02	3.08698613898883E-07	1.0E+10	8.17119269396867	6.96535059933773E-07	1.0E+10	0.672715521818644	6.54217952891617E-07	1.0E+10	0.134615721005659	4.9258670868858E-07	1.0E+10	4.84677052393246E-02	1E-30	7.15245423003489E-11	0.239733087475504	5.75121491307817E-08	1.18412327521103E-11	4.99871571851393E-02	1.09445752234847E-08	2.5639271184387E-11	0.121823035859771	6.65971483870953E-12	1.05332490128802E-10	14.083796347102	4.912466609079E-12	6.53634662858384E-11	13.3838009626433	1.0E+10	1E-30	1.0E-10	1.0E+10	1E-30	1.0E-10	1.0E+10	1E-30	1.0E-10	1.0E+10	1E-30	1.0E-10	1.0E+10	1E-30	1.0E-10	1.0E+10	1E-30	1.0E-10
38	6.67404976728542E-09	1.0E+10	100000000000	1E-30	2.46389899425342E-10	1.0E+10	1E-30	1.0E+10	6.90196660695859E-02	3.08698613898883E-07	1.0E+10	8.17119269396867	6.96535059933773E-07	1.0E+10	0.672715521818644	6.54217952891617E-07	1.0E+10	0.134615721005659	4.9258670868858E-07	1.0E+10	4.84677052393246E-02	1E-30	7.15245423003489E-11	0.239733087475504	5.75121491307817E-08	1.18412327521103E-11	4.99871571851393E-02	1.09445752234847E-08	2.5639271184387E-11	0.121823035859771	6.65971483870953E-12	1.05332490128802E-10	14.083796347102	4.912466609079E-12	6.53634662858384E-11	13.3838009626433	1.0E+10	1E-30	1.0E-10	1.0E+10	1E-30	1.0E-10	1.0E+10	1E-30	1.0E-10	1.0E+10	1E-30	1.0E-10	1.0E+10	1E-30	1.0E-10	1.0E+10	1E-30	1.0E-10
39	8.32607674033609E-09	1.0E+10	100000000000	1E-30	2.20303275162825E-10	1.0E+10	1E-30	1.0E+10	5.62953438683483E-02	5.02279166321248E-07	1.0E+10	6.17838499226248	1.0411426446367E-06	1.0E+10	0.714282216305028	7.99409919185664E-07	1.0E+10	0.195907262716303	6.05524387785137E-07	1.0E+10	5.68264049729249E-02	1E-30	6.89205339538052E-11	0.197205905371925	6.20038863418315E-08	1.56298099348424E-11	5.65781727715191E-02	1.43342442951064E-08	2.9245085243415E-11	0.120005870458731	9.45840570601004E-09	1.29302734023859E-11	5.19668289199668E-02	5.64852232973978E-12	9.90292028639675E-11	12.498182154309	4.58488254393665E-12	7.022316163348E-11	16.6200343653149	1.0E+10	1E-30	1.0E-10	1.0E+10	1E-30	1.0E-10	1.0E+10	1E-30	1.0E-10	1.0E+10	1E-30	1.0E-10	1.0E+10	1E-30	1.0E-10
40	8.32607674033609E-09	1.0E+10	100000000000	1E-30	2.20303275162825E-10	1.0E+10	1E-30	1.0E+10	5.62953438683483E-02	5.02279166321248E-07	1.0E+10	6.17838499226248	1.0411426446367E-06	1.0E+10	0.714282216305028	7.99409919185664E-07	1.0E+10	0.195907262716303	6.05524387785137E-07	1.0E+10	5.68264049729249E-02	1E-30	6.89205339538052E-11	0.197205905371925	6.20038863418315E-08	1.56298099348424E-11	5.65781727715191E-02	1.43342442951064E-08	2.9245085243415E-11	0.120005870458731	9.45840570601004E-09	1.29302734023859E-11	5.19668289199668E-02	5.64852232973978E-12	9.90292028639675E-11	12.498182154309	4.58488254393665E-12	7.022316163348E-11	16.6200343653149	1.0E+10	1E-30	1.0E-10	1.0E+10	1E-30	1.0E-10	1.0E+10	1E-30	1.0E-10	1.0E+10	1E-30	1.0E-10	1.0E+10	1E-30	1.0E-10
41	8.32607674033609E-09	1.0E+10	100000000000	1E-30	2.20303275162825E-10	1.0E+10	1E-30	1.0E+10	5.62953438683483E-02	5.02279166321248E-07	1.0E+10	6.17838499226248	1.0411426446367E-06	1.0E+10	0.714282216305028	7.99409919185664E-07	1.0E+10	0.195907262716303	6.05524387785137E-07	1.0E+10	5.68264049729249E-02	1E-30	6.89205339538052E-11	0.197205905371925	6.20038863418315E-08	1.56298099348424E-11	5.65781727715191E-02	1.43342442951064E-08	2.9245085243415E-11	0.120005870458731	9.45840570601004E-09	1.29302734023859E-11	5.19668289199668E-02	5.64852232973978E-12	9.90292028639675E-11	12.498182154309	4.58488254393665E-12	7.022316163348E-11	16.6200343653149	1.0E+10	1E-30	1.0E-10	1.0E+10	1E-30	1.0E-10	1.0E+10	1E-30	1.0E-10	1.0E+10	1E-30	1.0E-10	1.0E+10	1E-30	1.0E-10
42	8.32607674033609E-09	1.0E+10	100000000000	1E-30	2.20303275162825E-10	1.0E+10	1E-30	1.0E+10	5.62953438683483E-02	5.02279166321248E-07	1.0E+10	6.17838499226248	1.0411426446367E-06	1.0E+10	0.714282216305028	7.99409919185664E-07	1.0E+10	0.195907262716303	6.05524387785137E-07	1.0E+10	5.68264049729249E-02	1E-30	6.89205339538052E-11	0.197205905371925	6.20038863418315E-08	1.56298099348424E-11	5.65781727715191E-02	1.43342442951064E-08	2.9245085243415E-11	0.120005870458731	9.45840570601004E-09	1.29302734023859E-11	5.19668289199668E-02	5.64852232973978E-12	9.90292028639675E-11	12.498182154309	4.58488254393665E-12	7.022316163348E-11	16.6200343653149	1.0E+10	1E-30	1.0E-10	1.0E+10	1E-30	1.0E-10	1.0E+10	1E-30	1.0E-10	1.0E+10	1E-30	1.0E-10	1.0E+10	1E-30	1.0E-10
43	9.37427157251647E-09	1.0E+10	100000000000	1E-30	1.37850786522775E-10	1.0E+10	1E-30	1.0E+10	7.01454129723904E-02	3.12743190842433E-07	1.0E+10	12.4328953309542	6.53408412820278E-07	1.0E+10	0.40692479660636	4.98543770287652E-07	1.0E+10	5.79279136085958E-02	1E-30	1.36844623976979E-10	0.262832808953296	7.7991557515542E-08	1.48001904314461E-11	5.19147455516834E-02	1.61487266277133E-08	3.25414698495699E-11	9.36909217661484E-02	7.5912073816254E-12	6.68073171761451E-11	13.5205015055355	2.18932812353749E-12	1.46158484716996E-10	38.1059506653367	1.0E+10	1E-30	1.0E-10	1.0E+10	1E-30	1.0E-10	1.0E+10	1E-30	1.0E-10	1.0E+10	1E-30	1.0E-10	1.0E+10	1E-30	1.0E-10	1.0E+10	1E-30	1.0E-10	1.0E+10	1E-30	1.0E-10
44	9.37427157251647E-09	1.0E+10	100000000000	1E-30	1.37850786522775E-10	1.0E+10	1E-30	1.0E+10	7.01454129723904E-02	3.12743190842433E-07	1.0E+10	12.4328953309542	6.53408412820278E-07	1.0E+10	0.40692479660636	4.98543770287652E-07	1.0E+10	5.79279136085958E-02	1E-30	1.36844623976979E-10	0.262832808953296	7.7991557515542E-08	1.48001904314461E-11	5.19147455516834E-02	1.61487266277133E-08	3.25414698495699E-11	9.36909217661484E-02	7.5912073816254E-12	6.68073171761451E-11	13.5205015055355	2.18932812353749E-12	1.46158484716996E-10	38.1059506653367	1.0E+10	1E-30	1.0E-10	1.0E+10	1E-30	1.0E-10	1.0E+10	1E-30	1.0E-10	1.0E+10	1E-30	1.0E-10	1.0E+10	1E-30	1.0E-10	1.0E+10	1E-30	1.0E-10	1.0E+10	1E-30	1.0E-10
45	9.37427157251647E-09	1.0E+10	100000000000	1E-30	1.37850786522775E-10	1.0E+10	1E-30	1.0E+10	7.01454129723904E-02	3.12743190842433E-07	1.0E+10	12.4328953309542	6.53408412820278E-07	1.0E+10	0.40692479660636	4.98543770287652E-07	1.0E+10	5.79279136085958E-02	1E-30	1.36844623976979E-10	0.262832808953296	7.7991557515542E-08	1.48001904314461E-11	5.19147455516834E-02	1.61487266277133E-08	3.25414698495699E-11	9.36909217661484E-02	7.5912073816254E-12	6.68073171761451E-11	13.5205015055355	2.18932812353749E-12	1.46158484716996E-10	38.1059506653367	1.0E+10	1E-30	1.0E-10	1.0E+10	1E-30	1.0E-10	1.0E+10	1E-30	1.0E-10	1.0E+10	1E-30	1.0E-10	1.0E+10	1E-30	1.0E-10	1.0E+10	1E-30	1.0E-10	1.0E+10	1E-30	1.0E-10
46	9.37427157251647E-09	1.0E+10	100000000000	1E-30	1.37850786522775E-10	1.0E+10	1E-30	1.0E+10	7.01454129723904E-02	3.12743190842433E-07	1.0E+10	12.4328953309542	6.53408412820278E-07	1.0E+10	0.40692479660636	4.98543770287652E-07	1.0E+10	5.79279136085958E-02	1E-30	1.36844623976979E-10	0.262832808953296	7.7991557515542E-08	1.48001904314461E-11	5.19147455516834E-02	1.61487266277133E-08	3.25414698495699E-11	9.36909217661484E-02	7.5912073816254E-12	6.68073171761451E-11	13.5205015055355	2.18932812353749E-12	1.46158484716996E-10	38.1059506653367	1.0E+10	1E-30	1.0E-10	1.0E+10	1E-30	1.0E-10	1.0E+10	1E-30	1.0E-10	1.0E+10	1E-30	1.0E-10	1.0E+10	1E-30	1.0E-10	1.0E+10	1E-30	1.0E-10	1.0E+10	1E-30	1.0E-10
47	1.18322231346959E-08	1.0E+10	83333333000	1E-30	1.92166576877202E-10	1.0E+10	1E-30	1.0E+10	5.90656720818548E-02	4.12594006072741E-07	1.0E+10	19.332909463612	1.04032853750569E-06	1.0E+10	0.611691053527565	1.16241454942942E-06	1.0E+10	0.107789694833283	8.11771496408196E-07	1.0E+10	3.66138223847288E-02	1E-30	1.05450536217808E-10	0.171561506054551	1.35987006524078E-07	9.35201265663279E-12	3.13511103419587E-02	2.45708255124095E-08	2.32455451091668E-11	8.09850572015846E-02	3.61945236091647E-12	1.73620252724933E-10	20.8746412485016	5.34687159686174E-12	6.92984509290731E-11	23.2299132676513	1.0E+10	1E-30	1.0E-10	1.0E+10	1E-30	1.0E-10	1.0E+10	1E-30	1.0E-10	1.0E+10	1E-30	1.0E-10	1.0E+10	1E-30	1.0E-10	1.0E+10	1E-30	1.0E-10
48	1.18322231346959E-08	1.0E+10	83333333000	1E-30	1.92166576877202E-10	1.0E+10	1E-30	1.0E+10	5.90656720818548E-02	4.12594006072741E-07	1.0E+10	19.332909463612	1.04032853750569E-06	1.0E+10	0.611691053527565	1.16241454942942E-06	1.0E+10	0.107789694833283	8.11771496408196E-07	1.0E+10	3.66138223847288E-02	1E-30	1.05450536217808E-10	0.171561506054551	1.35987006524078E-07	9.35201265663279E-12	3.13511103419587E-02	2.45708255124095E-08	2.32455451091668E-11	8.09850572015846E-02	3.61945236091647E-12	1.73620252724933E-10	20.8746412485016	5.34687159686174E-12	6.92984509290731E-11	23.2299132676513	1.0E+10	1E-30	1.0E-10	1.0E+10	1E-30	1.0E-10	1.0E+10	1E-30	1.0E-10	1.0E+10	1E-30	1.0E-10	1.0E+10	1E-30	1.0E-10	1.0E+10	1E-30	1.0E-10
49	1.18322231346959E-08	1.0E+10	83333333000	1E-30	1.92166576877202E-10	1.0E+10	1E-30	1.0E+10	5.90656720818548E-02	4.12594006072741E-07	1.0E+10	19.332909463612	1.04032853750569E-06	1.0E+10	0.611691053527565	1.16241454942942E-06	1.0E+10	0.107789694833283	8.11771496408196E-07	1.0E+10	3.66138223847288E-02	1E-30	1.05450536217808E-10	0.171561506054551	1.35987006524078E-07	9.35201265663279E-12	3.13511103419587E-02	2.45708255124095E-08	2.32455451091668E-11	8.09850572015846E-02	3.61945236091647E-12	1.73620252724933E-10	20.8746412485016	5.34687159686174E-12	6.92984509290731E-11	23.2299132676513	1.0E+10	1E-30	1.0E-10	1.0E+10	1E-30	1.0E-10	1.0E+10	1E-30	1.0E-10	1.0E+10	1E-30	1.0E-10	1.0E+10	1E-30	1.0E-10	1.0E+10	1E-30	1.0E-10
50	1.18322231346959E-08	1.0E+10	83333333000	1E-30	1.92166576877202E-10	1.0E+10	1E-30	1.0E+10	5.90656720818548E-02	4.12594006072741E-07	1.0E+10	19.332909463612	1.04032853750569E-06	1.0E+10	0.611691053527565	1.16241454942942E-06	1.0E+10	0.107789694833283	8.11771496408196E-07	1.0E+10	3.66138223847288E-02	1E-30	1.05450536217808E-10	0.171561506054551	1.35987006524078E-07	9.35201265663279E-12	3.13511103419587E-02	2.45708255124095E-08	2.32455451091668E-11	8.09850572015846E-02	3.61945236091647E-12	1.73620252724933E-10	20.8746412485016	5.34687159686174E-12	6.92984509290731E-11	23.2299132676513	1.0E+10	1E-30	1.0E-10	1.0E+10	1E-30	1.0E-10	1.0E+10	1E-30	1.0E-10	1.0E+10	1E-30	1.0E-10	1.0E+10	1E-30	1.0E-10	1.0E+10	1E-30	1.0E-10
51	1.50323346231271E-08	1.0E+10	66666667000	1E-30	2.18002310419858E-10	1.0E+10	1E-30	1.0E+10	4.77913606599645E-02	6.88871985772343E-07	1.0E+10	14.5774515916147	1.686913531669E-06	1.0E+10	0.91977501455338	1.28189052226455E-06	1.0E+10	0.238396048979851	1.25099433653445E-06	1.0E+10	0.049417626417447	1E-30	9.13968435727766E-11	0.183131266987408	1.09981317578308E-07	1.65663222827464E-11	0.047180350544974	2.5422619907732E-08	3.30385477166321E-11	9.63989494913176E-02	4.59025701300453E-08	5.66733217350351E-12	2.57586441954044E-02	8.37121191808512E-12	7.06246602831967E-11	11.4209317949061	3.50367150656451E-12	8.98018351302746E-11	17.659525741355	1.0E+10	1E-30	1.0E-10	1.0E+10	1E-30	1.0E-10	1.0E+10	1E-30	1.0E-10	1.0E+10	1E-30	1.0E-10	1.0E+10	1E-30	1.0E-10
52	1.50323346231271E-08	1.0E+10	66666667000	1E-30	2.18002310419858E-10	1.0E+10	1E-30	1.0E+10	4.77913606599645E-02	6.88871985772343E-07	1.0E+10	14.5774515916147	1.686913531669E-06	1.0E+10	0.91977501455338	1.28189052226455E-06	1.0E+10	0.238396048979851	1.25099433653445E-06	1.0E+10	0.049417626417447	1E-30	9.13968435727766E-11	0.183131266987408	1.09981317578308E-07	1.65663222827464E-11	0.047180350544974	2.5422619907732E-08	3.30385477166321E-11	9.63989494913176E-02	4.59025701300453E-08	5.66733217350351E-12	2.57586441954044E-02	8.37121191808512E-12	7.06246602831967E-11	11.4209317949061	3.50367150656451E-12	8.98018351302746E-11	17.659525741355	1.0E+10	1E-30	1.0E-10	1.0E+10	1E-30	1.0E-10	1.0E+10	1E-30	1.0E-10	1.0E+10	1E-30	1.0E-10	1.0E+10	1E-30	1.0E-10
53	1.50323346231271E-08	1.0E+10	66666667000	1E-30	2.18002310419858E-10	1.0E+10	1E-30	1.0E+10	4.77913606599645E-02	6.88871985772343E-07	1.0E+10	14.5774515916147	1.686913531669E-06	1.0E+10	0.91977501455338	1.28189052226455E-06	1.0E+10	0.238396048979851	1.25099433653445E-06	1.0E+10	0.049417626417447	1E-30	9.13968435727766E-11	0.183131266987408	1.09981317578308E-07	1.65663222827464E-11	0.047180350544974	2.5422619907732E-08	3.30385477166321E-11	9.63989494913176E-02	4.59025701300453E-08	5.66733217350351E-12	2.57586441954044E-02	8.37121191808512E-12	7.06246602831967E-11	11.4209317949061	3.50367150656451E-12	8.98018351302746E-11	17.659525741355	1.0E+10	1E-30	1.0E-10	1.0E+10	1E-30	1.0E-10	1.0E+10	1E-30	1.0E-10	1.0E+10	1E-30	1.0E-10	1.0E+10	1E-30	1.0E-10
54	1.50323346231271E-08	1.0E+10	66666667000	1E-30	2.18002310419858E-10	1.0E+10	1E-30	1.0E+10	4.77913606599645E-02	6.88871985772343E-07	1.0E+10	14.5774515916147	1.686913531669E-06	1.0E+10	0.91977501455338	1.28189052226455E-06	1.0E+10	0.238396048979851	1.25099433653445E-06	1.0E+10	0.049417626417447	1E-30	9.13968435727766E-11	0.183131266987408	1.09981317578308E-07	1.65663222827464E-11	0.047180350544974	2.5422619907732E-08	3.30385477166321E-11	9.63989494913176E-02	4.59025701300453E-08	5.66733217350351E-12	2.57586441954044E-02	8.37121191808512E-12	7.06246602831967E-11	11.4209317949061	3.50367150656451E-12	8.98018351302746E-11	17.659525741355	1.0E+10	1E-30	1.0E-10	1.0E+10	1E-30	1.0E-10	1.0E+10	1E-30	1.0E-10	1.0E+10	1E-30	1.0E-10	1.0E+10	1E-30	1.0E-10
55	1.7869916039729E-08	1.0E+10	55555556000	1E-30	2.43113569503956E-10	1.0E+10	1E-30	1.0E+10	3.99683555819159E-02	8.78166126226052E-07	1.0E+10	8.39891172006401	1.79815270482108E-06	1.0E+10	0.492398337179525	1.69049889792556E-06	1.0E+10	0.11746903135776	1.58826137753536E-06	1.0E+10	3.29394210837324E-02	1E-30	1.09051059628856E-10	0.186356390385218	1.14449170255511E-07	2.02989828259489E-11	5.51868986749639E-02	2.80229315600048E-08	3.88887007344719E-11	9.98523386323469E-02	4.39645503045274E-12	8.63703201334491E-11	10.8082849806036	1.0E+10	1E-30	1.0E-10	1.0E+10	1E-30	1.0E-10	1.0E+10	1E-30	1.0E-10	1.0E+10	1E-30	1.0E-10	1.0E+10	1E-30	1.0E-10	1.0E+10	1E-30	1.0E-10	1.0E+10	1E-30	1.0E-10
56	1.7869916039729E-08	1.0E+10	55555556000	1E-30	2.43113569503956E-10	1.0E+10	1E-30	1.0E+10	3.99683555819159E-02	8.78166126226052E-07	1.0E+10	8.39891172006401	1.79815270482108E-06	1.0E+10	0.492398337179525	1.69049889792556E-06	1.0E+10	0.11746903135776	1.58826137753536E-06	1.0E+10	3.29394210837324E-02	1E-30	1.09051059628856E-10	0.186356390385218	1.14449170255511E-07	2.02989828259489E-11	5.51868986749639E-02	2.80229315600048E-08	3.88887007344719E-11	9.98523386323469E-02	4.39645503045274E-12	8.63703201334491E-11	10.8082849806036	1.0E+10	1E-30	1.0E-10	1.0E+10	1E-30	1.0E-10	1.0E+10	1E-30	1.0E-10	1.0E+10	1E-30	1.0E-10	1.0E+10	1E-30	1.0E-10	1.0E+10	1E-30	1.0E-10	1.0E+10	1E-30	1.0E-10
57	1.7869916039729E-08	1.0E+10	55555556000	1E-30	2.43113569503956E-10	1.0E+10	1E-30	1.0E+10	3.99683555819159E-02	8.78166126226052E-07	1.0E+10	8.39891172006401	1.79815270482108E-06	1.0E+10	0.492398337179525	1.69049889792556E-06	1.0E+10	0.11746903135776	1.58826137753536E-06	1.0E+10	3.29394210837324E-02	1E-30	1.09051059628856E-10	0.186356390385218	1.14449170255511E-07	2.02989828259489E-11	5.51868986749639E-02	2.80229315600048E-08	3.88887007344719E-11	9.98523386323469E-02	4.39645503045274E-12	8.63703201334491E-11	10.8082849806036	1.0E+10	1E-30	1.0E-10	1.0E+10	1E-30	1.0E-10	1.0E+10	1E-30	1.0E-10	1.0E+10	1E-30	1.0E-10	1.0E+10	1E-30	1.0E-10	1.0E+10	1E-30	1.0E-10	1.0E+10	1E-30	1.0E-10
58	1.7869916039729E-08	1.0E+10	55555556000	1E-30	2.43113569503956E-10	1.0E+10	1E-30	1.0E+10	3.99683555819159E-02	8.78166126226052E-07	1.0E+10	8.39891172006401	1.79815270482108E-06	1.0E+10	0.492398337179525	1.69049889792556E-06	1.0E+10	0.11746903135776	1.58826137753536E-06	1.0E+10	3.29394210837324E-02	1E-30	1.09051059628856E-10	0.186356390385218	1.14449170255511E-07	2.02989828259489E-11	5.51868986749639E-02	2.80229315600048E-08	3.88887007344719E-11	9.98523386323469E-02	4.39645503045274E-12	8.63703201334491E-11	10.8082849806036	1.0E+10	1E-30	1.0E-10	1.0E+10	1E-30	1.0E-10	1.0E+10	1E-30	1.0E-10	1.0E+10	1E-30	1.0E-10	1.0E+10	1E-30	1.0E-10	1.0E+10	1E-30	1.0E-10	1.0E+10	1E-30	1.0E-10
59	2.08568053466222E-08	1.0E+10	45454545000	1E-30	1.56976270836888E-10	1.0E+10	1E-30	1.0E+10	5.42759921608112E-02	1.10493767904685E-06	1.0E+10	2.92699753562227	1.33488792467095E-06	1.0E+10	0.243511753358721	1.29081961370515E-06	1.0E+10	2.87022589505544E-02	1E-30	1.39668817833287E-10	0.208861489120382	9.74117592003075E-08	2.61740196798877E-11	0.0563867355001	2.72027811124844E-08	4.42221864479856E-11	9.63029593729712E-02	5.71690183989836E-11	9.79125616973613E-12	4.027028978634	2.34251046844063E-12	1.32962165983402E-10	24.7919787608719	1.0E+10	1E-30	1.0E-10	1.0E+10	1E-30	1.0E-10	1.0E+10	1E-30	1.0E-10	1.0E+10	1E-30	1.0E-10	1.0E+10	1E-30	1.0E-10	1.0E+10	1E-30	1.0E-10	1.0E+10	1E-30	1.0E-10
60	2.08568053466222E-08	1.0E+10	45454545000	1E-30	1.56976270836888E-10	1.0E+10	1E-30	1.0E+10	5.42759921608112E-02	1.10493767904685E-06	1.0E+10	2.92699753562227	1.33488792467095E-06	1.0E+10	0.243511753358721	1.29081961370515E-06	1.0E+10	2.87022589505544E-02	1E-30	1.39668817833287E-10	0.208861489120382	9.74117592003075E-08	2.61740196798877E-11	0.0563867355001	2.72027811124844E-08	4.42221864479856E-11	9.63029593729712E-02	5.71690183989836E-11	9.79125616973613E-12	4.027028978634	2.34251046844063E-12	1.32962165983402E-10	24.7919787608719	1.0E+10	1E-30	1.0E-10	1.0E+10	1E-30	1.0E-10	1.0E+10	1E-30	1.0E-10	1.0E+10	1E-30	1.0E-10	1.0E+10	1E-30	1.0E-10	1.0E+10	1E-30	1.0E-10	1.0E+10	1E-30	1.0E-10
61	2.08568053466222E-08	1.0E+10	45454545000	1E-30	1.56976270836888E-10	1.0E+10	1E-30	1.0E+10	5.42759921608112E-02	1.10493767904685E-06	1.0E+10	2.92699753562227	1.33488792467095E-06	1.0E+10	0.243511753358721	1.29081961370515E-06	1.0E+10	2.87022589505544E-02	1E-30	1.39668817833287E-10	0.208861489120382	9.74117592003075E-08	2.61740196798877E-11	0.0563867355001	2.72027811124844E-08	4.42221864479856E-11	9.63029593729712E-02	5.71690183989836E-11	9.79125616973613E-12	4.027028978634	2.34251046844063E-12	1.32962165983402E-10	24.7919787608719	1.0E+10	1E-30	1.0E-10	1.0E+10	1E-30	1.0E-10	1.0E+10	1E-30	1.0E-10	1.0E+10	1E-30	1.0E-10	1.0E+10	1E-30	1.0E-10	1.0E+10	1E-30	1.0E-10	1.0E+10	1E-30	1.0E-10
62	2.08568053466222E-08	1.0E+10	45454545000	1E-30	1.56976270836888E-10	1.0E+10	1E-30	1.0E+10	5.42759921608112E-02	1.10493767904685E-06	1.0E+10	2.92699753562227	1.33488792467095E-06	1.0E+10	0.243511753358721	1.29081961370515E-06	1.0E+10	2.87022589505544E-02	1E-30	1.39668817833287E-10	0.208861489120382	9.74117592003075E-08	2.61740196798877E-11	0.0563867355001	2.72027811124844E-08	4.42221864479856E-11	9.63029593729712E-02	5.71690183989836E-11	9.79125616973613E-12	4.027028978634	2.34251046844063E-12	1.32962165983402E-10	24.7919787608719	1.0E+10	1E-30	1.0E-10	1.0E+10	1E-30	1.0E-10	1.0E+10	1E-30	1.0E-10	1.0E+10	1E-30	1.0E-10	1.0E+10	1E-30	1.0E-10	1.0E+10	1E-30	1.0E-10	1.0E+10	1E-30	1.0E-10
63	2.59522098838848E-08	1.0E+10	37037037000	1E-30	1.55047662602609E-10	1.0E+10	1E-30	1.0E+10	3.73342576196607E-02	1.18537276243511E-06	1.0E+10	2.5644555957096	1.76833326848849E-06	1.0E+10	0.188744973064941	1.85482104787327E-06	1.0E+10	3.10197937592781E-02	1E-30	1.00426794372363E-10	0.138112644064566	1.28430481231783E-07	1.97858322165784E-11	2.60312803570583E-02	4.22998657813898E-08	3.09169397872851E-11	6.55651458256136E-02	4.25996983306442E-12	1.83015072656857E-10	24.0188171575561	2.63962918125229E-12	1.42683620240739E-10	31.5858816431235	1.0E+10	1E-30	1.0E-10	1.0E+10	1E-30	1.0E-10	1.0E+10	1E-30	1.0E-10	1.0E+10	1E-30	1.0E-10	1.0E+10	1E-30	1.0E-10	1.0E+10	1E-30	1.0E-10	1.0E+10	1E-30	1.0E-10
64	2.59522098838848E-08	1.0E+10	37037037000	1E-30	1.55047662602609E-10	1.0E+10	1E-30	1.0E+10	3.73342576196607E-02	1.18537276243511E-06	1.0E+10	2.5644555957096	1.76833326848849E-06	1.0E+10	0.188744973064941	1.85482104787327E-06	1.0E+10	3.10197937592781E-02	1E-30	1.00426794372363E-10	0.138112644064566	1.28430481231783E-07	1.97858322165784E-11	2.60312803570583E-02	4.22998657813898E-08	3.09169397872851E-11	6.55651458256136E-02	4.25996983306442E-12	1.83015072656857E-10	24.0188171575561	2.63962918125229E-12	1.42683620240739E-10	31.5858816431235	1.0E+10	1E-30	1.0E-10	1.0E+10	1E-30	1.0E-10	1.0E+10	1E-30	1.0E-10	1.0E+10	1E-30	1.0E-10	1.0E+10	1E-30	1.0E-10	1.0E+10	1E-30	1.0E-10	1.0E+10	1E-30	1.0E-10
65	3.27348062849552E-08	1.0E+10	30303030000	1E-30	1.52323769771177E-10	1.0E+10	1E-30	1.0E+10	3.17911528751126E-02	1.52457588851337E-06	1.0E+10	2.08785858796559	2.16817873512711E-06	1.0E+10	0.168059867159641	1.91643538876105E-06	1.0E+10	2.56415743737461E-02	1E-30	1.06305439508523E-10	0.125297953227267	4.84040619762099E-07	8.35121186409992E-12	1.32534248637401E-02	3.75771371584287E-08	4.8368002353199E-11	6.34642510856927E-02	5.10443506637479E-12	1.3631010836627E-10	19.3299614386073	2.35846967058324E-12	1.51368589599241E-10	37.9578870234624	1.0E+10	1E-30	1.0E-10	1.0E+10	1E-30	1.0E-10	1.0E+10	1E-30	1.0E-10	1.0E+10	1E-30	1.0E-10	1.0E+10	1E-30	1.0E-10	1.0E+10	1E-30	1.0E-10	1.0E+10	1E-30	1.0E-10
66	3.27348062849552E-08	1.0E+10	30303030000	1E-30	1.52323769771177E-10	1.0E+10	1E-30	1.0E+10	3.17911528751126E-02	1.52457588851337E-06	1.0E+10	2.08785858796559	2.16817873512711E-06	1.0E+10	0.168059867159641	1.91643538876105E-06	1.0E+10	2.56415743737461E-02	1E-30	1.06305439508523E-10	0.125297953227267	4.84040619762099E-07	8.35121186409992E-12	1.32534248637401E-02	3.75771371584287E-08	4.8368002353199E-11	6.34642510856927E-02	5.10443506637479E-12	1.3631010836627E-10	19.3299614386073	2.35846967058324E-12	1.51368589599241E-10	37.9578870234624	1.0E+10	1E-30	1.0E-10	1.0E+10	1E-30	1.0E-10	1.0E+10	1E-30	1.0E-10	1.0E+10	1E-30	1.0E-10	1.0E+10	1E-30	1.0E-10	1.0E+10	1E-30	1.0E-10	1.0E+10	1E-30	1.0E-10
67	4.05851139325139E-08	1.0E+10	25641026000	1E-30	2.09175483610684E-10	1.0E+10	1E-30	1.0E+10	2.98089815414481E-02	2.08433237427805E-06	1.0E+10	1.30561138881183	3.9153199277653E-06	1.0E+10	0.122698012128444	2.06271753264736E-06	1.0E+10	3.54286218304322E-02	1E-30	1.38855390809049E-10	0.132393842264755	2.89096312645965E-07	1.97386584031932E-11	2.60281574067618E-02	7.20811070736106E-08	3.57668516272423E-11	5.52168091321476E-02	5.70698777086839E-12	9.59634464737638E-11	16.0005611237953	3.74223124839006E-12	9.10536103871932E-11	30.0507770149321	1.0E+10	1E-30	1.0E-10	1.0E+10	1E-30	1.0E-10	1.0E+10	1E-30	1.0E-10	1.0E+10	1E-30	1.0E-10	1.0E+10	1E-30	1.0E-10	1.0E+10	1E-30	1.0E-10	1.0E+10	1E-30	1.0E-10
68	4.05851139325139E-08	1.0E+10	25641026000	1E-30	2.09175483610684E-10	1.0E+10	1E-30	1.0E+10	2.98089815414481E-02	2.08433237427805E-06	1.0E+10	1.30561138881183	3.9153199277653E-06	1.0E+10	0.122698012128444	2.06271753264736E-06	1.0E+10	3.54286218304322E-02	1E-30	1.38855390809049E-10	0.132393842264755	2.89096312645965E-07	1.97386584031932E-11	2.60281574067618E-02	7.20811070736106E-08	3.57668516272423E-11	5.52168091321476E-02	5.70698777086839E-12	9.59634464737638E-11	16.0005611237953	3.74223124839006E-12	9.10536103871932E-11	30.0507770149321	1.0E+10	1E-30	1.0E-10	1.0E+10	1E-30	1.0E-10	1.0E+10	1E-30	1.0E-10	1.0E+10	1E-30	1.0E-10	1.0E+10	1E-30	1.0E-10	1.0E+10	1E-30	1.0E-10	1.0E+10	1E-30	1.0E-10
69	4.87021058682459E-08	1.0E+10	21276596000	1E-30	2.05615944205832E-10	1.0E+10	1E-30	1.0E+10	2.58282680259419E-02	2.37318370612772E-06	1.0E+10	0.91331706975695	3.48148416745576E-06	1.0E+10	6.20390451649891E-02	3.42827046867893E-06	1.0E+10	9.8735454386732E-03	1E-30	1.57645100293699E-10	0.127696353120277	1E-30	4.41409300314064E-12	4.67733069755134E-02	3.09504106674602E-07	2.23426628044512E-11	3.08503960324734E-02	1.02447958431798E-07	3.47469181277076E-11	5.60453119283794E-02	2.53773855400376E-12	1.47532767713826E-10	30.4802969090004	1.0E+10	1E-30	1.0E-10	1.0E+10	1E-30	1.0E-10	1.0E+10	1E-30	1.0E-10	1.0E+10	1E-30	1.0E-10	1.0E+10	1E-30	1.0E-10	1.0E+10	1E-30	1.0E-10	1.0E+10	1E-30	1.0E-10
70	4.87021058682459E-08	1.0E+10	21276596000	1E-30	2.05615944205832E-10	1.0E+10	1E-30	1.0E+10	2.58282680259419E-02	2.37318370612772E-06	1.0E+10	0.91331706975695	3.48148416745576E-06	1.0E+10	6.20390451649891E-02	3.42827046867893E-06	1.0E+10	9.8735454386732E-03	1E-30	1.57645100293699E-10	0.127696353120277	1E-30	4.41409300314064E-12	4.67733069755134E-02	3.09504106674602E-07	2.23426628044512E-11	3.08503960324734E-02	1.02447958431798E-07	3.47469181277076E-11	5.60453119283794E-02	2.53773855400376E-12	1.47532767713826E-10	30.4802969090004	1.0E+10	1E-30	1.0E-10	1.0E+10	1E-30	1.0E-10	1.0E+10	1E-30	1.0E-10	1.0E+10	1E-30	1.0E-10	1.0E+10	1E-30	1.0E-10	1.0E+10	1E-30	1.0E-10	1.0E+10	1E-30	1.0E-10
END DSCRDATA
