BEGIN DSCRDATA
% INDEX	K01	L01	M01	K02	L02	M02	K03	L03	M03	K04	L04	M04	K05	L05	M05	K06	L06	M06	K07	L07	M07	K08	L08	M08	K09	L09	M09	K10	L10	M10	K11	L11	M11	K12	L12	M12	K13	L13	M13	K14	L14	M14	K15	L15	M15	K16	L16	M16	K17	L17	M17	K18	L18	M18
0	1.09034334894981E-09	1.0E+10	100000000000	1E-30	4.66954450729934E-11	1.0E+10	1E-30	1.0E+10	0.310681521001404	1.05469504897118E-08	1.0E+10	287.94023650806	6.20543687063232E-08	1.0E+10	1.99866931250779	6.35373015658794E-08	1.0E+10	0.405400561253458	1.17122728139986E-08	1.0E+10	0.279461410921146	1E-30	5.08141604519252E-11	2.87666504994478	1.78305540038139E-11	1.84435239481404E-10	3.29093919956986	6.07359638540866E-12	1.34464521708016E-10	14.0354679361344	1.7443780658921E-12	1.77175104729579E-10	18.5535278878458	1.0E+10	1E-30	1.0E-10	1.0E+10	1E-30	1.0E-10	1.0E+10	1E-30	1.0E-10	1.0E+10	1E-30	1.0E-10	1.0E+10	1E-30	1.0E-10	1.0E+10	1E-30	1.0E-10	1.0E+10	1E-30	1.0E-10
1	1.09034334894981E-09	1.0E+10	100000000000	1E-30	4.66954450729934E-11	1.0E+10	1E-30	1.0E+10	0.310681521001404	1.05469504897118E-08	1.0E+10	287.94023650806	6.20543687063232E-08	1.0E+10	1.99866931250779	6.35373015658794E-08	1.0E+10	0.405400561253458	1.17122728139986E-08	1.0E+10	0.279461410921146	1E-30	5.08141604519252E-11	2.87666504994478	1.78305540038139E-11	1.84435239481404E-10	3.29093919956986	6.07359638540866E-12	1.34464521708016E-10	14.0354679361344	1.7443780658921E-12	1.77175104729579E-10	18.5535278878458	1.0E+10	1E-30	1.0E-10	1.0E+10	1E-30	1.0E-10	1.0E+10	1E-30	1.0E-10	1.0E+10	1E-30	1.0E-10	1.0E+10	1E-30	1.0E-10	1.0E+10	1E-30	1.0E-10	1.0E+10	1E-30	1.0E-10
2	1.09034334894981E-09	1.0E+10	100000000000	1E-30	4.66954450729934E-11	1.0E+10	1E-30	1.0E+10	0.310681521001404	1.05469504897118E-08	1.0E+10	287.94023650806	6.20543687063232E-08	1.0E+10	1.99866931250779	6.35373015658794E-08	1.0E+10	0.405400561253458	1.17122728139986E-08	1.0E+10	0.279461410921146	1E-30	5.08141604519252E-11	2.87666504994478	1.78305540038139E-11	1.84435239481404E-10	3.29093919956986	6.07359638540866E-12	1.34464521708016E-10	14.0354679361344	1.7443780658921E-12	1.77175104729579E-10	18.5535278878458	1.0E+10	1E-30	1.0E-10	1.0E+10	1E-30	1.0E-10	1.0E+10	1E-30	1.0E-10	1.0E+10	1E-30	1.0E-10	1.0E+10	1E-30	1.0E-10	1.0E+10	1E-30	1.0E-10	1.0E+10	1E-30	1.0E-10
3	1.31818533845846E-09	1.0E+10	100000000000	1E-30	1.06655797729731E-10	1.0E+10	1E-30	1.0E+10	0.286944327518623	1.63945306684162E-08	1.0E+10	153.858375670872	9.57656617800638E-08	1.0E+10	2.01516755982069	4.51863018081738E-08	1.0E+10	0.555434837379768	1.70230115650307E-08	1.0E+10	0.152412982414146	2.69685104351899E-10	7.24719271645943E-11	0.476374892459203	3.54575113538859E-11	9.40091957214633E-11	2.33510319163751	1.79782342353637E-12	3.1463311998746E-10	22.7191660109345	1.0E+10	1E-30	1.0E-10	1.0E+10	1E-30	1.0E-10	1.0E+10	1E-30	1.0E-10	1.0E+10	1E-30	1.0E-10	1.0E+10	1E-30	1.0E-10	1.0E+10	1E-30	1.0E-10	1.0E+10	1E-30	1.0E-10	1.0E+10	1E-30	1.0E-10
4	1.31818533845846E-09	1.0E+10	100000000000	1E-30	1.06655797729731E-10	1.0E+10	1E-30	1.0E+10	0.286944327518623	1.63945306684162E-08	1.0E+10	153.858375670872	9.57656617800638E-08	1.0E+10	2.01516755982069	4.51863018081738E-08	1.0E+10	0.555434837379768	1.70230115650307E-08	1.0E+10	0.152412982414146	2.69685104351899E-10	7.24719271645943E-11	0.476374892459203	3.54575113538859E-11	9.40091957214633E-11	2.33510319163751	1.79782342353637E-12	3.1463311998746E-10	22.7191660109345	1.0E+10	1E-30	1.0E-10	1.0E+10	1E-30	1.0E-10	1.0E+10	1E-30	1.0E-10	1.0E+10	1E-30	1.0E-10	1.0E+10	1E-30	1.0E-10	1.0E+10	1E-30	1.0E-10	1.0E+10	1E-30	1.0E-10	1.0E+10	1E-30	1.0E-10
5	1.31818533845846E-09	1.0E+10	100000000000	1E-30	1.06655797729731E-10	1.0E+10	1E-30	1.0E+10	0.286944327518623	1.63945306684162E-08	1.0E+10	153.858375670872	9.57656617800638E-08	1.0E+10	2.01516755982069	4.51863018081738E-08	1.0E+10	0.555434837379768	1.70230115650307E-08	1.0E+10	0.152412982414146	2.69685104351899E-10	7.24719271645943E-11	0.476374892459203	3.54575113538859E-11	9.40091957214633E-11	2.33510319163751	1.79782342353637E-12	3.1463311998746E-10	22.7191660109345	1.0E+10	1E-30	1.0E-10	1.0E+10	1E-30	1.0E-10	1.0E+10	1E-30	1.0E-10	1.0E+10	1E-30	1.0E-10	1.0E+10	1E-30	1.0E-10	1.0E+10	1E-30	1.0E-10	1.0E+10	1E-30	1.0E-10	1.0E+10	1E-30	1.0E-10
6	1.55432124644047E-09	1.0E+10	100000000000	1E-30	7.18323561363046E-11	1.0E+10	1E-30	1.0E+10	0.262537108166852	2.29559016429035E-08	1.0E+10	118.428410530116	6.6191020418781E-08	1.0E+10	1.32144640478319	2.66871913420127E-08	1.0E+10	0.23593578770028	7.30565467829449E-09	9.2700580919258E-12	6.64925851750343E-02	7.49497630642577E-10	4.29216557308174E-11	0.319860252317641	4.20590480256122E-11	8.51883572075352E-11	1.96655629466499	4.72276277735666E-12	1.50381960152621E-10	14.5589386561945	2.14488905718386E-12	1.79967894520688E-10	19.0731024125826	1.0E+10	1E-30	1.0E-10	1.0E+10	1E-30	1.0E-10	1.0E+10	1E-30	1.0E-10	1.0E+10	1E-30	1.0E-10	1.0E+10	1E-30	1.0E-10	1.0E+10	1E-30	1.0E-10	1.0E+10	1E-30	1.0E-10
7	1.55432124644047E-09	1.0E+10	100000000000	1E-30	7.18323561363046E-11	1.0E+10	1E-30	1.0E+10	0.262537108166852	2.29559016429035E-08	1.0E+10	118.428410530116	6.6191020418781E-08	1.0E+10	1.32144640478319	2.66871913420127E-08	1.0E+10	0.23593578770028	7.30565467829449E-09	9.2700580919258E-12	6.64925851750343E-02	7.49497630642577E-10	4.29216557308174E-11	0.319860252317641	4.20590480256122E-11	8.51883572075352E-11	1.96655629466499	4.72276277735666E-12	1.50381960152621E-10	14.5589386561945	2.14488905718386E-12	1.79967894520688E-10	19.0731024125826	1.0E+10	1E-30	1.0E-10	1.0E+10	1E-30	1.0E-10	1.0E+10	1E-30	1.0E-10	1.0E+10	1E-30	1.0E-10	1.0E+10	1E-30	1.0E-10	1.0E+10	1E-30	1.0E-10	1.0E+10	1E-30	1.0E-10
8	1.55432124644047E-09	1.0E+10	100000000000	1E-30	7.18323561363046E-11	1.0E+10	1E-30	1.0E+10	0.262537108166852	2.29559016429035E-08	1.0E+10	118.428410530116	6.6191020418781E-08	1.0E+10	1.32144640478319	2.66871913420127E-08	1.0E+10	0.23593578770028	7.30565467829449E-09	9.2700580919258E-12	6.64925851750343E-02	7.49497630642577E-10	4.29216557308174E-11	0.319860252317641	4.20590480256122E-11	8.51883572075352E-11	1.96655629466499	4.72276277735666E-12	1.50381960152621E-10	14.5589386561945	2.14488905718386E-12	1.79967894520688E-10	19.0731024125826	1.0E+10	1E-30	1.0E-10	1.0E+10	1E-30	1.0E-10	1.0E+10	1E-30	1.0E-10	1.0E+10	1E-30	1.0E-10	1.0E+10	1E-30	1.0E-10	1.0E+10	1E-30	1.0E-10	1.0E+10	1E-30	1.0E-10
9	1.94189596665212E-09	1.0E+10	100000000000	1E-30	6.18707380455785E-11	1.0E+10	1E-30	1.0E+10	0.193052334196988	2.99059437982775E-08	1.0E+10	123.606749124961	1.21725291354151E-07	1.0E+10	2.50744507111291	8.72696825346618E-08	1.0E+10	0.450312377652499	2.59049014796766E-08	1.0E+10	0.166809817051562	9.98395739512219E-10	2.31757360997751E-11	0.222390070176055	2.87988423825403E-11	1.47037450693772E-10	2.48943702392825	1.6201216598132E-12	3.12266632042389E-10	27.3754025948457	1.0E+10	1E-30	1.0E-10	1.0E+10	1E-30	1.0E-10	1.0E+10	1E-30	1.0E-10	1.0E+10	1E-30	1.0E-10	1.0E+10	1E-30	1.0E-10	1.0E+10	1E-30	1.0E-10	1.0E+10	1E-30	1.0E-10	1.0E+10	1E-30	1.0E-10
10	1.94189596665212E-09	1.0E+10	100000000000	1E-30	6.18707380455785E-11	1.0E+10	1E-30	1.0E+10	0.193052334196988	2.99059437982775E-08	1.0E+10	123.606749124961	1.21725291354151E-07	1.0E+10	2.50744507111291	8.72696825346618E-08	1.0E+10	0.450312377652499	2.59049014796766E-08	1.0E+10	0.166809817051562	9.98395739512219E-10	2.31757360997751E-11	0.222390070176055	2.87988423825403E-11	1.47037450693772E-10	2.48943702392825	1.6201216598132E-12	3.12266632042389E-10	27.3754025948457	1.0E+10	1E-30	1.0E-10	1.0E+10	1E-30	1.0E-10	1.0E+10	1E-30	1.0E-10	1.0E+10	1E-30	1.0E-10	1.0E+10	1E-30	1.0E-10	1.0E+10	1E-30	1.0E-10	1.0E+10	1E-30	1.0E-10	1.0E+10	1E-30	1.0E-10
11	1.94189596665212E-09	1.0E+10	100000000000	1E-30	6.18707380455785E-11	1.0E+10	1E-30	1.0E+10	0.193052334196988	2.99059437982775E-08	1.0E+10	123.606749124961	1.21725291354151E-07	1.0E+10	2.50744507111291	8.72696825346618E-08	1.0E+10	0.450312377652499	2.59049014796766E-08	1.0E+10	0.166809817051562	9.98395739512219E-10	2.31757360997751E-11	0.222390070176055	2.87988423825403E-11	1.47037450693772E-10	2.48943702392825	1.6201216598132E-12	3.12266632042389E-10	27.3754025948457	1.0E+10	1E-30	1.0E-10	1.0E+10	1E-30	1.0E-10	1.0E+10	1E-30	1.0E-10	1.0E+10	1E-30	1.0E-10	1.0E+10	1E-30	1.0E-10	1.0E+10	1E-30	1.0E-10	1.0E+10	1E-30	1.0E-10	1.0E+10	1E-30	1.0E-10
12	2.3294735469601E-09	1.0E+10	100000000000	1E-30	7.06407861177529E-12	1.0E+10	1E-30	1.0E+10	0.146030740694269	2.92607578609243E-08	1.0E+10	216.538219464682	2.23604142388242E-07	1.0E+10	5.34716642253373	1.66805357809659E-07	1.0E+10	0.960019808431487	1.06682339910784E-07	1.0E+10	0.276668690086006	2.99826874317762E-08	1.0E+10	0.117993434121351	1E-30	1.75486364081055E-10	1.66539557022198	2.08536809824642E-09	2.08856810040587E-11	0.190123507888655	7.82694016199882E-12	7.82597179149038E-11	11.7654058295532	1.33982387483944E-12	2.30467467844432E-10	42.1795502293085	1.0E+10	1E-30	1.0E-10	1.0E+10	1E-30	1.0E-10	1.0E+10	1E-30	1.0E-10	1.0E+10	1E-30	1.0E-10	1.0E+10	1E-30	1.0E-10	1.0E+10	1E-30	1.0E-10
13	2.3294735469601E-09	1.0E+10	100000000000	1E-30	7.06407861177529E-12	1.0E+10	1E-30	1.0E+10	0.146030740694269	2.92607578609243E-08	1.0E+10	216.538219464682	2.23604142388242E-07	1.0E+10	5.34716642253373	1.66805357809659E-07	1.0E+10	0.960019808431487	1.06682339910784E-07	1.0E+10	0.276668690086006	2.99826874317762E-08	1.0E+10	0.117993434121351	1E-30	1.75486364081055E-10	1.66539557022198	2.08536809824642E-09	2.08856810040587E-11	0.190123507888655	7.82694016199882E-12	7.82597179149038E-11	11.7654058295532	1.33982387483944E-12	2.30467467844432E-10	42.1795502293085	1.0E+10	1E-30	1.0E-10	1.0E+10	1E-30	1.0E-10	1.0E+10	1E-30	1.0E-10	1.0E+10	1E-30	1.0E-10	1.0E+10	1E-30	1.0E-10	1.0E+10	1E-30	1.0E-10
14	2.3294735469601E-09	1.0E+10	100000000000	1E-30	7.06407861177529E-12	1.0E+10	1E-30	1.0E+10	0.146030740694269	2.92607578609243E-08	1.0E+10	216.538219464682	2.23604142388242E-07	1.0E+10	5.34716642253373	1.66805357809659E-07	1.0E+10	0.960019808431487	1.06682339910784E-07	1.0E+10	0.276668690086006	2.99826874317762E-08	1.0E+10	0.117993434121351	1E-30	1.75486364081055E-10	1.66539557022198	2.08536809824642E-09	2.08856810040587E-11	0.190123507888655	7.82694016199882E-12	7.82597179149038E-11	11.7654058295532	1.33982387483944E-12	2.30467467844432E-10	42.1795502293085	1.0E+10	1E-30	1.0E-10	1.0E+10	1E-30	1.0E-10	1.0E+10	1E-30	1.0E-10	1.0E+10	1E-30	1.0E-10	1.0E+10	1E-30	1.0E-10	1.0E+10	1E-30	1.0E-10
15	2.81190243428099E-09	1.0E+10	100000000000	1E-30	9.09102701574981E-11	1.0E+10	1E-30	1.0E+10	0.174544344821465	5.86677911619301E-08	1.0E+10	43.637694953711	1.43767450356465E-07	1.0E+10	1.02655938117909	8.58270834479588E-08	1.0E+10	0.141103100928106	9.2385603820111E-08	1.0E+10	1.19225639920044E-02	1.3461896603157E-08	1.46688349236834E-11	7.29230399278161E-02	1.53482943366561E-09	4.17068895706579E-11	0.270642871524953	5.24579451018378E-11	7.62085482024808E-11	0.967306118236666	1.53238640516656E-12	2.71995198806633E-10	28.4820989752169	1.0E+10	1E-30	1.0E-10	1.0E+10	1E-30	1.0E-10	1.0E+10	1E-30	1.0E-10	1.0E+10	1E-30	1.0E-10	1.0E+10	1E-30	1.0E-10	1.0E+10	1E-30	1.0E-10	1.0E+10	1E-30	1.0E-10
16	2.81190243428099E-09	1.0E+10	100000000000	1E-30	9.09102701574981E-11	1.0E+10	1E-30	1.0E+10	0.174544344821465	5.86677911619301E-08	1.0E+10	43.637694953711	1.43767450356465E-07	1.0E+10	1.02655938117909	8.58270834479588E-08	1.0E+10	0.141103100928106	9.2385603820111E-08	1.0E+10	1.19225639920044E-02	1.3461896603157E-08	1.46688349236834E-11	7.29230399278161E-02	1.53482943366561E-09	4.17068895706579E-11	0.270642871524953	5.24579451018378E-11	7.62085482024808E-11	0.967306118236666	1.53238640516656E-12	2.71995198806633E-10	28.4820989752169	1.0E+10	1E-30	1.0E-10	1.0E+10	1E-30	1.0E-10	1.0E+10	1E-30	1.0E-10	1.0E+10	1E-30	1.0E-10	1.0E+10	1E-30	1.0E-10	1.0E+10	1E-30	1.0E-10	1.0E+10	1E-30	1.0E-10
17	2.81190243428099E-09	1.0E+10	100000000000	1E-30	9.09102701574981E-11	1.0E+10	1E-30	1.0E+10	0.174544344821465	5.86677911619301E-08	1.0E+10	43.637694953711	1.43767450356465E-07	1.0E+10	1.02655938117909	8.58270834479588E-08	1.0E+10	0.141103100928106	9.2385603820111E-08	1.0E+10	1.19225639920044E-02	1.3461896603157E-08	1.46688349236834E-11	7.29230399278161E-02	1.53482943366561E-09	4.17068895706579E-11	0.270642871524953	5.24579451018378E-11	7.62085482024808E-11	0.967306118236666	1.53238640516656E-12	2.71995198806633E-10	28.4820989752169	1.0E+10	1E-30	1.0E-10	1.0E+10	1E-30	1.0E-10	1.0E+10	1E-30	1.0E-10	1.0E+10	1E-30	1.0E-10	1.0E+10	1E-30	1.0E-10	1.0E+10	1E-30	1.0E-10	1.0E+10	1E-30	1.0E-10
18	3.51816590596393E-09	1.0E+10	100000000000	1E-30	1.9024339560921E-10	1.0E+10	1E-30	1.0E+10	0.14595087729354	8.7569637923496E-08	1.0E+10	32.3196446870652	2.10056774014653E-07	1.0E+10	0.893536240104712	1.63473838437672E-07	1.0E+10	0.142790950031882	1.53767456839978E-07	1.0E+10	4.94546018543059E-02	1.0403294966759E-08	1.77058625746057E-11	7.96394194784082E-02	1.80878400307671E-09	3.29528706629953E-11	0.231643475239036	3.48595367688309E-11	1.07876282278214E-10	1.38951429392935	3.11069811748191E-12	1.38221348984176E-10	18.5854409845895	1.0E+10	1E-30	1.0E-10	1.0E+10	1E-30	1.0E-10	1.0E+10	1E-30	1.0E-10	1.0E+10	1E-30	1.0E-10	1.0E+10	1E-30	1.0E-10	1.0E+10	1E-30	1.0E-10	1.0E+10	1E-30	1.0E-10
19	3.51816590596393E-09	1.0E+10	100000000000	1E-30	1.9024339560921E-10	1.0E+10	1E-30	1.0E+10	0.14595087729354	8.7569637923496E-08	1.0E+10	32.3196446870652	2.10056774014653E-07	1.0E+10	0.893536240104712	1.63473838437672E-07	1.0E+10	0.142790950031882	1.53767456839978E-07	1.0E+10	4.94546018543059E-02	1.0403294966759E-08	1.77058625746057E-11	7.96394194784082E-02	1.80878400307671E-09	3.29528706629953E-11	0.231643475239036	3.48595367688309E-11	1.07876282278214E-10	1.38951429392935	3.11069811748191E-12	1.38221348984176E-10	18.5854409845895	1.0E+10	1E-30	1.0E-10	1.0E+10	1E-30	1.0E-10	1.0E+10	1E-30	1.0E-10	1.0E+10	1E-30	1.0E-10	1.0E+10	1E-30	1.0E-10	1.0E+10	1E-30	1.0E-10	1.0E+10	1E-30	1.0E-10
20	3.51816590596393E-09	1.0E+10	100000000000	1E-30	1.9024339560921E-10	1.0E+10	1E-30	1.0E+10	0.14595087729354	8.7569637923496E-08	1.0E+10	32.3196446870652	2.10056774014653E-07	1.0E+10	0.893536240104712	1.63473838437672E-07	1.0E+10	0.142790950031882	1.53767456839978E-07	1.0E+10	4.94546018543059E-02	1.0403294966759E-08	1.77058625746057E-11	7.96394194784082E-02	1.80878400307671E-09	3.29528706629953E-11	0.231643475239036	3.48595367688309E-11	1.07876282278214E-10	1.38951429392935	3.11069811748191E-12	1.38221348984176E-10	18.5854409845895	1.0E+10	1E-30	1.0E-10	1.0E+10	1E-30	1.0E-10	1.0E+10	1E-30	1.0E-10	1.0E+10	1E-30	1.0E-10	1.0E+10	1E-30	1.0E-10	1.0E+10	1E-30	1.0E-10	1.0E+10	1E-30	1.0E-10
21	4.01519884355302E-09	1.0E+10	100000000000	1E-30	1.33705592471046E-10	1.0E+10	1E-30	1.0E+10	0.203852044384817	1.04357825599285E-07	1.0E+10	30.4295205815835	2.58390818101374E-07	1.0E+10	0.972710704297447	1.30572606483801E-07	1.0E+10	0.208221325623496	1.66152351195796E-07	1.0E+10	1.35274740411788E-02	1.21398494671089E-08	2.17730355132316E-11	8.46299800971292E-02	2.19578513506873E-09	3.69983350376383E-11	0.21953627530226	4.17313251587885E-11	9.51926070522022E-11	1.21139268313269	2.2949643914427E-12	1.83934864223856E-10	24.4985183831536	1.0E+10	1E-30	1.0E-10	1.0E+10	1E-30	1.0E-10	1.0E+10	1E-30	1.0E-10	1.0E+10	1E-30	1.0E-10	1.0E+10	1E-30	1.0E-10	1.0E+10	1E-30	1.0E-10	1.0E+10	1E-30	1.0E-10
22	4.01519884355302E-09	1.0E+10	100000000000	1E-30	1.33705592471046E-10	1.0E+10	1E-30	1.0E+10	0.203852044384817	1.04357825599285E-07	1.0E+10	30.4295205815835	2.58390818101374E-07	1.0E+10	0.972710704297447	1.30572606483801E-07	1.0E+10	0.208221325623496	1.66152351195796E-07	1.0E+10	1.35274740411788E-02	1.21398494671089E-08	2.17730355132316E-11	8.46299800971292E-02	2.19578513506873E-09	3.69983350376383E-11	0.21953627530226	4.17313251587885E-11	9.51926070522022E-11	1.21139268313269	2.2949643914427E-12	1.83934864223856E-10	24.4985183831536	1.0E+10	1E-30	1.0E-10	1.0E+10	1E-30	1.0E-10	1.0E+10	1E-30	1.0E-10	1.0E+10	1E-30	1.0E-10	1.0E+10	1E-30	1.0E-10	1.0E+10	1E-30	1.0E-10	1.0E+10	1E-30	1.0E-10
23	4.01519884355302E-09	1.0E+10	100000000000	1E-30	1.33705592471046E-10	1.0E+10	1E-30	1.0E+10	0.203852044384817	1.04357825599285E-07	1.0E+10	30.4295205815835	2.58390818101374E-07	1.0E+10	0.972710704297447	1.30572606483801E-07	1.0E+10	0.208221325623496	1.66152351195796E-07	1.0E+10	1.35274740411788E-02	1.21398494671089E-08	2.17730355132316E-11	8.46299800971292E-02	2.19578513506873E-09	3.69983350376383E-11	0.21953627530226	4.17313251587885E-11	9.51926070522022E-11	1.21139268313269	2.2949643914427E-12	1.83934864223856E-10	24.4985183831536	1.0E+10	1E-30	1.0E-10	1.0E+10	1E-30	1.0E-10	1.0E+10	1E-30	1.0E-10	1.0E+10	1E-30	1.0E-10	1.0E+10	1E-30	1.0E-10	1.0E+10	1E-30	1.0E-10	1.0E+10	1E-30	1.0E-10
24	4.76951605094207E-09	1.0E+10	100000000000	1E-30	1.67323016816651E-10	1.0E+10	1E-30	1.0E+10	8.01961133462009E-02	1.59022139974028E-07	1.0E+10	12.5997676992503	3.63073215142098E-07	1.0E+10	0.43824232729085	2.13819503317061E-07	1.0E+10	0.117379592634258	1.16162821345933E-07	1.0E+10	2.55325859912213E-02	1E-30	1.2136788255005E-10	1.03797958245437	2.275362837443E-08	1.24086356259845E-11	7.35435837760541E-02	3.46721547991929E-09	2.80033586981436E-11	0.185582301275866	7.0152478856264E-10	6.84593975525703E-12	0.15897699902802	3.69151108541676E-12	1.17013462495486E-10	16.0847431839975	1.0E+10	1E-30	1.0E-10	1.0E+10	1E-30	1.0E-10	1.0E+10	1E-30	1.0E-10	1.0E+10	1E-30	1.0E-10	1.0E+10	1E-30	1.0E-10	1.0E+10	1E-30	1.0E-10
25	4.76951605094207E-09	1.0E+10	100000000000	1E-30	1.67323016816651E-10	1.0E+10	1E-30	1.0E+10	8.01961133462009E-02	1.59022139974028E-07	1.0E+10	12.5997676992503	3.63073215142098E-07	1.0E+10	0.43824232729085	2.13819503317061E-07	1.0E+10	0.117379592634258	1.16162821345933E-07	1.0E+10	2.55325859912213E-02	1E-30	1.2136788255005E-10	1.03797958245437	2.275362837443E-08	1.24086356259845E-11	7.35435837760541E-02	3.46721547991929E-09	2.80033586981436E-11	0.185582301275866	7.0152478856264E-10	6.84593975525703E-12	0.15897699902802	3.69151108541676E-12	1.17013462495486E-10	16.0847431839975	1.0E+10	1E-30	1.0E-10	1.0E+10	1E-30	1.0E-10	1.0E+10	1E-30	1.0E-10	1.0E+10	1E-30	1.0E-10	1.0E+10	1E-30	1.0E-10	1.0E+10	1E-30	1.0E-10
26	4.76951605094207E-09	1.0E+10	100000000000	1E-30	1.67323016816651E-10	1.0E+10	1E-30	1.0E+10	8.01961133462009E-02	1.59022139974028E-07	1.0E+10	12.5997676992503	3.63073215142098E-07	1.0E+10	0.43824232729085	2.13819503317061E-07	1.0E+10	0.117379592634258	1.16162821345933E-07	1.0E+10	2.55325859912213E-02	1E-30	1.2136788255005E-10	1.03797958245437	2.275362837443E-08	1.24086356259845E-11	7.35435837760541E-02	3.46721547991929E-09	2.80033586981436E-11	0.185582301275866	7.0152478856264E-10	6.84593975525703E-12	0.15897699902802	3.69151108541676E-12	1.17013462495486E-10	16.0847431839975	1.0E+10	1E-30	1.0E-10	1.0E+10	1E-30	1.0E-10	1.0E+10	1E-30	1.0E-10	1.0E+10	1E-30	1.0E-10	1.0E+10	1E-30	1.0E-10	1.0E+10	1E-30	1.0E-10
27	4.76951605094207E-09	1.0E+10	100000000000	1E-30	1.67323016816651E-10	1.0E+10	1E-30	1.0E+10	8.01961133462009E-02	1.59022139974028E-07	1.0E+10	12.5997676992503	3.63073215142098E-07	1.0E+10	0.43824232729085	2.13819503317061E-07	1.0E+10	0.117379592634258	1.16162821345933E-07	1.0E+10	2.55325859912213E-02	1E-30	1.2136788255005E-10	1.03797958245437	2.275362837443E-08	1.24086356259845E-11	7.35435837760541E-02	3.46721547991929E-09	2.80033586981436E-11	0.185582301275866	7.0152478856264E-10	6.84593975525703E-12	0.15897699902802	3.69151108541676E-12	1.17013462495486E-10	16.0847431839975	1.0E+10	1E-30	1.0E-10	1.0E+10	1E-30	1.0E-10	1.0E+10	1E-30	1.0E-10	1.0E+10	1E-30	1.0E-10	1.0E+10	1E-30	1.0E-10	1.0E+10	1E-30	1.0E-10
28	5.75724783879009E-09	1.0E+10	100000000000	1E-30	2.01028663666478E-10	1.0E+10	1E-30	1.0E+10	0.103759997574924	1.68922414510783E-07	1.0E+10	19.6848836059566	3.32010602967398E-07	1.0E+10	0.581258108142092	3.28073005165469E-07	1.0E+10	7.65009361954483E-02	2.3589418046601E-07	1.0E+10	4.08744148854567E-02	1E-30	4.44210231751675E-11	0.245077570460203	1.25564475709875E-08	3.03489691482424E-11	8.27280789546878E-02	4.61647805260688E-09	2.81842517856396E-11	0.15803597328276	5.62261194879634E-11	7.27017125792795E-11	0.867363744144138	3.48792746010387E-12	9.80021438744258E-11	11.8879031733101	1.0E+10	1E-30	1.0E-10	1.0E+10	1E-30	1.0E-10	1.0E+10	1E-30	1.0E-10	1.0E+10	1E-30	1.0E-10	1.0E+10	1E-30	1.0E-10	1.0E+10	1E-30	1.0E-10
29	5.75724783879009E-09	1.0E+10	100000000000	1E-30	2.01028663666478E-10	1.0E+10	1E-30	1.0E+10	0.103759997574924	1.68922414510783E-07	1.0E+10	19.6848836059566	3.32010602967398E-07	1.0E+10	0.581258108142092	3.28073005165469E-07	1.0E+10	7.65009361954483E-02	2.3589418046601E-07	1.0E+10	4.08744148854567E-02	1E-30	4.44210231751675E-11	0.245077570460203	1.25564475709875E-08	3.03489691482424E-11	8.27280789546878E-02	4.61647805260688E-09	2.81842517856396E-11	0.15803597328276	5.62261194879634E-11	7.27017125792795E-11	0.867363744144138	3.48792746010387E-12	9.80021438744258E-11	11.8879031733101	1.0E+10	1E-30	1.0E-10	1.0E+10	1E-30	1.0E-10	1.0E+10	1E-30	1.0E-10	1.0E+10	1E-30	1.0E-10	1.0E+10	1E-30	1.0E-10	1.0E+10	1E-30	1.0E-10
30	5.75724783879009E-09	1.0E+10	100000000000	1E-30	2.01028663666478E-10	1.0E+10	1E-30	1.0E+10	0.103759997574924	1.68922414510783E-07	1.0E+10	19.6848836059566	3.32010602967398E-07	1.0E+10	0.581258108142092	3.28073005165469E-07	1.0E+10	7.65009361954483E-02	2.3589418046601E-07	1.0E+10	4.08744148854567E-02	1E-30	4.44210231751675E-11	0.245077570460203	1.25564475709875E-08	3.03489691482424E-11	8.27280789546878E-02	4.61647805260688E-09	2.81842517856396E-11	0.15803597328276	5.62261194879634E-11	7.27017125792795E-11	0.867363744144138	3.48792746010387E-12	9.80021438744258E-11	11.8879031733101	1.0E+10	1E-30	1.0E-10	1.0E+10	1E-30	1.0E-10	1.0E+10	1E-30	1.0E-10	1.0E+10	1E-30	1.0E-10	1.0E+10	1E-30	1.0E-10	1.0E+10	1E-30	1.0E-10
31	6.93748821112568E-09	1.0E+10	100000000000	1E-30	1.07244805542756E-10	1.0E+10	1E-30	1.0E+10	7.65133574312004E-02	2.0116700489444E-07	1.0E+10	26.8079362297283	9.54272794855126E-07	1.0E+10	0.783026247279682	4.23447211486771E-07	1.0E+10	0.333620915135331	7.38765923972894E-07	1.0E+10	4.39760629228073E-02	1.89099409272979E-07	1.0E+10	3.95676019426026E-02	2.41256934854195E-08	2.31643171563865E-11	7.55171177509496E-02	4.98887421996494E-09	3.88146434069808E-11	0.168584635140528	2.72318004138541E-09	1.85499231361478E-11	0.119591959714571	3.31560273713282E-11	1.31385947246237E-10	1.76346092909505	1.62716722184746E-12	1.91040042444646E-10	25.4599649562544	1.0E+10	1E-30	1.0E-10	1.0E+10	1E-30	1.0E-10	1.0E+10	1E-30	1.0E-10	1.0E+10	1E-30	1.0E-10	1.0E+10	1E-30	1.0E-10
32	6.93748821112568E-09	1.0E+10	100000000000	1E-30	1.07244805542756E-10	1.0E+10	1E-30	1.0E+10	7.65133574312004E-02	2.0116700489444E-07	1.0E+10	26.8079362297283	9.54272794855126E-07	1.0E+10	0.783026247279682	4.23447211486771E-07	1.0E+10	0.333620915135331	7.38765923972894E-07	1.0E+10	4.39760629228073E-02	1.89099409272979E-07	1.0E+10	3.95676019426026E-02	2.41256934854195E-08	2.31643171563865E-11	7.55171177509496E-02	4.98887421996494E-09	3.88146434069808E-11	0.168584635140528	2.72318004138541E-09	1.85499231361478E-11	0.119591959714571	3.31560273713282E-11	1.31385947246237E-10	1.76346092909505	1.62716722184746E-12	1.91040042444646E-10	25.4599649562544	1.0E+10	1E-30	1.0E-10	1.0E+10	1E-30	1.0E-10	1.0E+10	1E-30	1.0E-10	1.0E+10	1E-30	1.0E-10	1.0E+10	1E-30	1.0E-10
33	8.31682349856665E-09	1.0E+10	100000000000	1E-30	9.74348155014998E-11	1.0E+10	1E-30	1.0E+10	0.067470237295971	2.78029907471504E-07	1.0E+10	15.6209766139457	5.82999764279364E-07	1.0E+10	0.487573304497903	5.14785704601031E-07	1.0E+10	6.54934978358701E-02	7.85702611669418E-07	1.0E+10	1.81680481402504E-02	1E-30	6.89519335191439E-11	0.208521795616064	2.59767839872009E-08	4.33796320497781E-11	0.150847257654262	1.23662768920333E-08	3.01745464010389E-11	0.116998612230028	4.20151886355866E-09	2.60113094958119E-11	7.41116904236991E-02	8.51746319331062E-12	8.93426416241044E-11	15.6345676583887	1.70961712348117E-12	2.13347217405067E-10	37.75681561758	1.0E+10	1E-30	1.0E-10	1.0E+10	1E-30	1.0E-10	1.0E+10	1E-30	1.0E-10	1.0E+10	1E-30	1.0E-10	1.0E+10	1E-30	1.0E-10
34	8.31682349856665E-09	1.0E+10	100000000000	1E-30	9.74348155014998E-11	1.0E+10	1E-30	1.0E+10	0.067470237295971	2.78029907471504E-07	1.0E+10	15.6209766139457	5.82999764279364E-07	1.0E+10	0.487573304497903	5.14785704601031E-07	1.0E+10	6.54934978358701E-02	7.85702611669418E-07	1.0E+10	1.81680481402504E-02	1E-30	6.89519335191439E-11	0.208521795616064	2.59767839872009E-08	4.33796320497781E-11	0.150847257654262	1.23662768920333E-08	3.01745464010389E-11	0.116998612230028	4.20151886355866E-09	2.60113094958119E-11	7.41116904236991E-02	8.51746319331062E-12	8.93426416241044E-11	15.6345676583887	1.70961712348117E-12	2.13347217405067E-10	37.75681561758	1.0E+10	1E-30	1.0E-10	1.0E+10	1E-30	1.0E-10	1.0E+10	1E-30	1.0E-10	1.0E+10	1E-30	1.0E-10	1.0E+10	1E-30	1.0E-10
35	9.98928185555484E-09	1.0E+10	100000000000	1E-30	7.76225955781919E-11	1.0E+10	1E-30	1.0E+10	0.083667259985007	5.38289115989504E-07	1.0E+10	4.24940362582864	7.40450024444054E-07	1.0E+10	0.327257436446004	5.10196012819811E-07	1.0E+10	6.10375235204173E-02	1E-30	5.98126120035558E-11	0.136606891619383	5.75054535147967E-08	1.88345466590528E-11	7.58022624017395E-02	9.84810930888832E-09	4.10710735457831E-11	0.11178494626061	2.92005753431528E-11	1.76651204400672E-10	3.20167157304604	1.68182009525826E-12	2.45972502018623E-10	32.4259089712277	1.0E+10	1E-30	1.0E-10	1.0E+10	1E-30	1.0E-10	1.0E+10	1E-30	1.0E-10	1.0E+10	1E-30	1.0E-10	1.0E+10	1E-30	1.0E-10	1.0E+10	1E-30	1.0E-10	1.0E+10	1E-30	1.0E-10
36	9.98928185555484E-09	1.0E+10	100000000000	1E-30	7.76225955781919E-11	1.0E+10	1E-30	1.0E+10	0.083667259985007	5.38289115989504E-07	1.0E+10	4.24940362582864	7.40450024444054E-07	1.0E+10	0.327257436446004	5.10196012819811E-07	1.0E+10	6.10375235204173E-02	1E-30	5.98126120035558E-11	0.136606891619383	5.75054535147967E-08	1.88345466590528E-11	7.58022624017395E-02	9.84810930888832E-09	4.10710735457831E-11	0.11178494626061	2.92005753431528E-11	1.76651204400672E-10	3.20167157304604	1.68182009525826E-12	2.45972502018623E-10	32.4259089712277	1.0E+10	1E-30	1.0E-10	1.0E+10	1E-30	1.0E-10	1.0E+10	1E-30	1.0E-10	1.0E+10	1E-30	1.0E-10	1.0E+10	1E-30	1.0E-10	1.0E+10	1E-30	1.0E-10	1.0E+10	1E-30	1.0E-10
37	1.25348868466182E-08	1.0E+10	83333333000	1E-30	1.10830470126439E-10	1.0E+10	1E-30	1.0E+10	5.55866638002502E-02	5.66567940878427E-07	1.0E+10	5.5076428775031	1.25309046808068E-06	1.0E+10	0.22906003744417	1.21542021667358E-06	1.0E+10	4.54621189440675E-02	7.34887244796308E-07	1.0E+10	2.60042940997004E-02	1E-30	1.29562577552227E-10	0.242272994033234	3.91565451384831E-08	3.98325837207003E-11	0.106888477079806	2.13488759371324E-08	2.61996446247478E-11	9.62623615586768E-02	1.11045050635521E-11	7.1208841243206E-11	10.74388753254	1.69315102048576E-12	1.61815717312488E-10	39.7059645445065	1.0E+10	1E-30	1.0E-10	1.0E+10	1E-30	1.0E-10	1.0E+10	1E-30	1.0E-10	1.0E+10	1E-30	1.0E-10	1.0E+10	1E-30	1.0E-10	1.0E+10	1E-30	1.0E-10
38	1.25348868466182E-08	1.0E+10	83333333000	1E-30	1.10830470126439E-10	1.0E+10	1E-30	1.0E+10	5.55866638002502E-02	5.66567940878427E-07	1.0E+10	5.5076428775031	1.25309046808068E-06	1.0E+10	0.22906003744417	1.21542021667358E-06	1.0E+10	4.54621189440675E-02	7.34887244796308E-07	1.0E+10	2.60042940997004E-02	1E-30	1.29562577552227E-10	0.242272994033234	3.91565451384831E-08	3.98325837207003E-11	0.106888477079806	2.13488759371324E-08	2.61996446247478E-11	9.62623615586768E-02	1.11045050635521E-11	7.1208841243206E-11	10.74388753254	1.69315102048576E-12	1.61815717312488E-10	39.7059645445065	1.0E+10	1E-30	1.0E-10	1.0E+10	1E-30	1.0E-10	1.0E+10	1E-30	1.0E-10	1.0E+10	1E-30	1.0E-10	1.0E+10	1E-30	1.0E-10	1.0E+10	1E-30	1.0E-10
39	1.44024230323286E-08	1.0E+10	66666667000	1E-30	1.43246536667445E-10	1.0E+10	1E-30	1.0E+10	0.080918240928451	5.79130277447651E-07	1.0E+10	11.7678045475606	1.02896082850622E-06	1.0E+10	0.640908417339265	7.36173142656212E-07	1.0E+10	0.11257614538491	1E-30	3.06050774166517E-11	0.103942149131	7.3187173397361E-08	1.39620459826107E-11	3.21217025056201E-02	7.10521383381942E-09	4.16555577536774E-11	9.79845685117638E-02	1.08759530585685E-11	2.04347548356173E-10	15.9679240798174	4.54282598906108E-12	1.97772358745124E-10	14.8206730403547	4.4311896966138E-12	7.10291216754364E-11	9.78159068305281	1.0E+10	1E-30	1.0E-10	1.0E+10	1E-30	1.0E-10	1.0E+10	1E-30	1.0E-10	1.0E+10	1E-30	1.0E-10	1.0E+10	1E-30	1.0E-10	1.0E+10	1E-30	1.0E-10
40	1.44024230323286E-08	1.0E+10	66666667000	1E-30	1.43246536667445E-10	1.0E+10	1E-30	1.0E+10	0.080918240928451	5.79130277447651E-07	1.0E+10	11.7678045475606	1.02896082850622E-06	1.0E+10	0.640908417339265	7.36173142656212E-07	1.0E+10	0.11257614538491	1E-30	3.06050774166517E-11	0.103942149131	7.3187173397361E-08	1.39620459826107E-11	3.21217025056201E-02	7.10521383381942E-09	4.16555577536774E-11	9.79845685117638E-02	1.08759530585685E-11	2.04347548356173E-10	15.9679240798174	4.54282598906108E-12	1.97772358745124E-10	14.8206730403547	4.4311896966138E-12	7.10291216754364E-11	9.78159068305281	1.0E+10	1E-30	1.0E-10	1.0E+10	1E-30	1.0E-10	1.0E+10	1E-30	1.0E-10	1.0E+10	1E-30	1.0E-10	1.0E+10	1E-30	1.0E-10	1.0E+10	1E-30	1.0E-10
41	1.44024230323286E-08	1.0E+10	66666667000	1E-30	1.43246536667445E-10	1.0E+10	1E-30	1.0E+10	0.080918240928451	5.79130277447651E-07	1.0E+10	11.7678045475606	1.02896082850622E-06	1.0E+10	0.640908417339265	7.36173142656212E-07	1.0E+10	0.11257614538491	1E-30	3.06050774166517E-11	0.103942149131	7.3187173397361E-08	1.39620459826107E-11	3.21217025056201E-02	7.10521383381942E-09	4.16555577536774E-11	9.79845685117638E-02	1.08759530585685E-11	2.04347548356173E-10	15.9679240798174	4.54282598906108E-12	1.97772358745124E-10	14.8206730403547	4.4311896966138E-12	7.10291216754364E-11	9.78159068305281	1.0E+10	1E-30	1.0E-10	1.0E+10	1E-30	1.0E-10	1.0E+10	1E-30	1.0E-10	1.0E+10	1E-30	1.0E-10	1.0E+10	1E-30	1.0E-10	1.0E+10	1E-30	1.0E-10
42	1.44024230323286E-08	1.0E+10	66666667000	1E-30	1.43246536667445E-10	1.0E+10	1E-30	1.0E+10	0.080918240928451	5.79130277447651E-07	1.0E+10	11.7678045475606	1.02896082850622E-06	1.0E+10	0.640908417339265	7.36173142656212E-07	1.0E+10	0.11257614538491	1E-30	3.06050774166517E-11	0.103942149131	7.3187173397361E-08	1.39620459826107E-11	3.21217025056201E-02	7.10521383381942E-09	4.16555577536774E-11	9.79845685117638E-02	1.08759530585685E-11	2.04347548356173E-10	15.9679240798174	4.54282598906108E-12	1.97772358745124E-10	14.8206730403547	4.4311896966138E-12	7.10291216754364E-11	9.78159068305281	1.0E+10	1E-30	1.0E-10	1.0E+10	1E-30	1.0E-10	1.0E+10	1E-30	1.0E-10	1.0E+10	1E-30	1.0E-10	1.0E+10	1E-30	1.0E-10	1.0E+10	1E-30	1.0E-10
43	1.84878260495555E-08	1.0E+10	55555556000	1E-30	1.92827240869971E-10	1.0E+10	1E-30	1.0E+10	3.75317338482657E-02	8.13322818565724E-07	1.0E+10	7.54287204185215	1.36814042986211E-06	1.0E+10	0.44647562108082	1.01024515380511E-06	1.0E+10	7.19549244302538E-02	1E-30	8.58042217682266E-11	0.105466539235815	1.73513865368569E-07	8.1456932009547E-12	2.43356245733625E-02	2.43476372317783E-08	2.08694715635442E-11	5.98574721724733E-02	9.88284289145174E-12	1.84113881296063E-10	17.260124114486	5.21327961795371E-12	1.48483081137779E-10	15.344134436332	6.81849025691806E-12	4.3327564401371E-11	7.75334427442388	1.0E+10	1E-30	1.0E-10	1.0E+10	1E-30	1.0E-10	1.0E+10	1E-30	1.0E-10	1.0E+10	1E-30	1.0E-10	1.0E+10	1E-30	1.0E-10	1.0E+10	1E-30	1.0E-10
44	1.84878260495555E-08	1.0E+10	55555556000	1E-30	1.92827240869971E-10	1.0E+10	1E-30	1.0E+10	3.75317338482657E-02	8.13322818565724E-07	1.0E+10	7.54287204185215	1.36814042986211E-06	1.0E+10	0.44647562108082	1.01024515380511E-06	1.0E+10	7.19549244302538E-02	1E-30	8.58042217682266E-11	0.105466539235815	1.73513865368569E-07	8.1456932009547E-12	2.43356245733625E-02	2.43476372317783E-08	2.08694715635442E-11	5.98574721724733E-02	9.88284289145174E-12	1.84113881296063E-10	17.260124114486	5.21327961795371E-12	1.48483081137779E-10	15.344134436332	6.81849025691806E-12	4.3327564401371E-11	7.75334427442388	1.0E+10	1E-30	1.0E-10	1.0E+10	1E-30	1.0E-10	1.0E+10	1E-30	1.0E-10	1.0E+10	1E-30	1.0E-10	1.0E+10	1E-30	1.0E-10	1.0E+10	1E-30	1.0E-10
45	1.84878260495555E-08	1.0E+10	55555556000	1E-30	1.92827240869971E-10	1.0E+10	1E-30	1.0E+10	3.75317338482657E-02	8.13322818565724E-07	1.0E+10	7.54287204185215	1.36814042986211E-06	1.0E+10	0.44647562108082	1.01024515380511E-06	1.0E+10	7.19549244302538E-02	1E-30	8.58042217682266E-11	0.105466539235815	1.73513865368569E-07	8.1456932009547E-12	2.43356245733625E-02	2.43476372317783E-08	2.08694715635442E-11	5.98574721724733E-02	9.88284289145174E-12	1.84113881296063E-10	17.260124114486	5.21327961795371E-12	1.48483081137779E-10	15.344134436332	6.81849025691806E-12	4.3327564401371E-11	7.75334427442388	1.0E+10	1E-30	1.0E-10	1.0E+10	1E-30	1.0E-10	1.0E+10	1E-30	1.0E-10	1.0E+10	1E-30	1.0E-10	1.0E+10	1E-30	1.0E-10	1.0E+10	1E-30	1.0E-10
46	1.84878260495555E-08	1.0E+10	55555556000	1E-30	1.92827240869971E-10	1.0E+10	1E-30	1.0E+10	3.75317338482657E-02	8.13322818565724E-07	1.0E+10	7.54287204185215	1.36814042986211E-06	1.0E+10	0.44647562108082	1.01024515380511E-06	1.0E+10	7.19549244302538E-02	1E-30	8.58042217682266E-11	0.105466539235815	1.73513865368569E-07	8.1456932009547E-12	2.43356245733625E-02	2.43476372317783E-08	2.08694715635442E-11	5.98574721724733E-02	9.88284289145174E-12	1.84113881296063E-10	17.260124114486	5.21327961795371E-12	1.48483081137779E-10	15.344134436332	6.81849025691806E-12	4.3327564401371E-11	7.75334427442388	1.0E+10	1E-30	1.0E-10	1.0E+10	1E-30	1.0E-10	1.0E+10	1E-30	1.0E-10	1.0E+10	1E-30	1.0E-10	1.0E+10	1E-30	1.0E-10	1.0E+10	1E-30	1.0E-10
47	2.13664539412505E-08	1.0E+10	45454545000	1E-30	2.8631329023705E-12	1.0E+10	1E-30	1.0E+10	0.037416264846237	1.23993360966859E-06	1.0E+10	1.91256248757616	1.86418987307926E-06	1.0E+10	0.182532353089964	1.29115025538141E-06	1.0E+10	5.69557556105166E-02	1E-30	6.36272977221129E-11	0.121698596206637	9.18843942411357E-08	2.01734782639446E-11	3.53415109104844E-02	2.22361831763468E-08	3.24917526545417E-11	9.53527430317945E-02	1.0363012404051E-11	1.64371933990271E-10	17.7154335183566	4.3778215473922E-12	1.84991094155211E-10	15.2594228313564	9.89054861322965E-13	2.03396060811729E-10	37.0277794808527	1.0E+10	1E-30	1.0E-10	1.0E+10	1E-30	1.0E-10	1.0E+10	1E-30	1.0E-10	1.0E+10	1E-30	1.0E-10	1.0E+10	1E-30	1.0E-10	1.0E+10	1E-30	1.0E-10
48	2.13664539412505E-08	1.0E+10	45454545000	1E-30	2.8631329023705E-12	1.0E+10	1E-30	1.0E+10	0.037416264846237	1.23993360966859E-06	1.0E+10	1.91256248757616	1.86418987307926E-06	1.0E+10	0.182532353089964	1.29115025538141E-06	1.0E+10	5.69557556105166E-02	1E-30	6.36272977221129E-11	0.121698596206637	9.18843942411357E-08	2.01734782639446E-11	3.53415109104844E-02	2.22361831763468E-08	3.24917526545417E-11	9.53527430317945E-02	1.0363012404051E-11	1.64371933990271E-10	17.7154335183566	4.3778215473922E-12	1.84991094155211E-10	15.2594228313564	9.89054861322965E-13	2.03396060811729E-10	37.0277794808527	1.0E+10	1E-30	1.0E-10	1.0E+10	1E-30	1.0E-10	1.0E+10	1E-30	1.0E-10	1.0E+10	1E-30	1.0E-10	1.0E+10	1E-30	1.0E-10	1.0E+10	1E-30	1.0E-10
49	2.13664539412505E-08	1.0E+10	45454545000	1E-30	2.8631329023705E-12	1.0E+10	1E-30	1.0E+10	0.037416264846237	1.23993360966859E-06	1.0E+10	1.91256248757616	1.86418987307926E-06	1.0E+10	0.182532353089964	1.29115025538141E-06	1.0E+10	5.69557556105166E-02	1E-30	6.36272977221129E-11	0.121698596206637	9.18843942411357E-08	2.01734782639446E-11	3.53415109104844E-02	2.22361831763468E-08	3.24917526545417E-11	9.53527430317945E-02	1.0363012404051E-11	1.64371933990271E-10	17.7154335183566	4.3778215473922E-12	1.84991094155211E-10	15.2594228313564	9.89054861322965E-13	2.03396060811729E-10	37.0277794808527	1.0E+10	1E-30	1.0E-10	1.0E+10	1E-30	1.0E-10	1.0E+10	1E-30	1.0E-10	1.0E+10	1E-30	1.0E-10	1.0E+10	1E-30	1.0E-10	1.0E+10	1E-30	1.0E-10
50	2.13664539412505E-08	1.0E+10	45454545000	1E-30	2.8631329023705E-12	1.0E+10	1E-30	1.0E+10	0.037416264846237	1.23993360966859E-06	1.0E+10	1.91256248757616	1.86418987307926E-06	1.0E+10	0.182532353089964	1.29115025538141E-06	1.0E+10	5.69557556105166E-02	1E-30	6.36272977221129E-11	0.121698596206637	9.18843942411357E-08	2.01734782639446E-11	3.53415109104844E-02	2.22361831763468E-08	3.24917526545417E-11	9.53527430317945E-02	1.0363012404051E-11	1.64371933990271E-10	17.7154335183566	4.3778215473922E-12	1.84991094155211E-10	15.2594228313564	9.89054861322965E-13	2.03396060811729E-10	37.0277794808527	1.0E+10	1E-30	1.0E-10	1.0E+10	1E-30	1.0E-10	1.0E+10	1E-30	1.0E-10	1.0E+10	1E-30	1.0E-10	1.0E+10	1E-30	1.0E-10	1.0E+10	1E-30	1.0E-10
51	2.67708685853336E-08	1.0E+10	37037037000	1E-30	1.02818251053299E-10	1.0E+10	1E-30	1.0E+10	2.97453017352273E-02	1.74527505256696E-06	1.0E+10	2.88374099145361	2.99628631103387E-06	1.0E+10	0.31526112716882	2.32964784681189E-06	1.0E+10	9.69934874794244E-02	2.49275039426845E-06	1.0E+10	2.04120653774013E-02	1E-30	9.32031808786199E-11	0.114560993975214	1.29082601695033E-07	2.2376524641512E-11	4.33632764970114E-02	4.27615471400808E-08	2.58066718173984E-11	6.96209999942619E-02	1.01840150433046E-11	1.61523216342462E-10	19.7771628709812	2.38458845306326E-12	2.33670855332605E-10	23.8088166230572	1.0E+10	1E-30	1.0E-10	1.0E+10	1E-30	1.0E-10	1.0E+10	1E-30	1.0E-10	1.0E+10	1E-30	1.0E-10	1.0E+10	1E-30	1.0E-10	1.0E+10	1E-30	1.0E-10
52	2.67708685853336E-08	1.0E+10	37037037000	1E-30	1.02818251053299E-10	1.0E+10	1E-30	1.0E+10	2.97453017352273E-02	1.74527505256696E-06	1.0E+10	2.88374099145361	2.99628631103387E-06	1.0E+10	0.31526112716882	2.32964784681189E-06	1.0E+10	9.69934874794244E-02	2.49275039426845E-06	1.0E+10	2.04120653774013E-02	1E-30	9.32031808786199E-11	0.114560993975214	1.29082601695033E-07	2.2376524641512E-11	4.33632764970114E-02	4.27615471400808E-08	2.58066718173984E-11	6.96209999942619E-02	1.01840150433046E-11	1.61523216342462E-10	19.7771628709812	2.38458845306326E-12	2.33670855332605E-10	23.8088166230572	1.0E+10	1E-30	1.0E-10	1.0E+10	1E-30	1.0E-10	1.0E+10	1E-30	1.0E-10	1.0E+10	1E-30	1.0E-10	1.0E+10	1E-30	1.0E-10	1.0E+10	1E-30	1.0E-10
53	2.67708685853336E-08	1.0E+10	37037037000	1E-30	1.02818251053299E-10	1.0E+10	1E-30	1.0E+10	2.97453017352273E-02	1.74527505256696E-06	1.0E+10	2.88374099145361	2.99628631103387E-06	1.0E+10	0.31526112716882	2.32964784681189E-06	1.0E+10	9.69934874794244E-02	2.49275039426845E-06	1.0E+10	2.04120653774013E-02	1E-30	9.32031808786199E-11	0.114560993975214	1.29082601695033E-07	2.2376524641512E-11	4.33632764970114E-02	4.27615471400808E-08	2.58066718173984E-11	6.96209999942619E-02	1.01840150433046E-11	1.61523216342462E-10	19.7771628709812	2.38458845306326E-12	2.33670855332605E-10	23.8088166230572	1.0E+10	1E-30	1.0E-10	1.0E+10	1E-30	1.0E-10	1.0E+10	1E-30	1.0E-10	1.0E+10	1E-30	1.0E-10	1.0E+10	1E-30	1.0E-10	1.0E+10	1E-30	1.0E-10
54	2.67708685853336E-08	1.0E+10	37037037000	1E-30	1.02818251053299E-10	1.0E+10	1E-30	1.0E+10	2.97453017352273E-02	1.74527505256696E-06	1.0E+10	2.88374099145361	2.99628631103387E-06	1.0E+10	0.31526112716882	2.32964784681189E-06	1.0E+10	9.69934874794244E-02	2.49275039426845E-06	1.0E+10	2.04120653774013E-02	1E-30	9.32031808786199E-11	0.114560993975214	1.29082601695033E-07	2.2376524641512E-11	4.33632764970114E-02	4.27615471400808E-08	2.58066718173984E-11	6.96209999942619E-02	1.01840150433046E-11	1.61523216342462E-10	19.7771628709812	2.38458845306326E-12	2.33670855332605E-10	23.8088166230572	1.0E+10	1E-30	1.0E-10	1.0E+10	1E-30	1.0E-10	1.0E+10	1E-30	1.0E-10	1.0E+10	1E-30	1.0E-10	1.0E+10	1E-30	1.0E-10	1.0E+10	1E-30	1.0E-10
55	3.34613878022472E-08	1.0E+10	30303030000	1E-30	8.28280433124102E-11	1.0E+10	1E-30	1.0E+10	3.36193788639016E-02	1.713519924115E-06	1.0E+10	1.66059222918224	2.55697464480276E-06	1.0E+10	0.111977856108262	2.27301329472323E-06	1.0E+10	2.26857816905659E-02	1E-30	1.08389795284815E-10	0.119966609761378	2.15654021127026E-07	1.88045640670633E-11	4.85119910427519E-02	3.56838825155727E-08	4.41378329902608E-11	7.80723064408604E-02	1.06707394309495E-11	1.20301084108531E-10	14.0264999735649	1.05000030656851E-11	6.38205593238026E-11	9.83430548630473	2.19293752461983E-12	1.93505193545131E-10	25.7330230838541	1.0E+10	1E-30	1.0E-10	1.0E+10	1E-30	1.0E-10	1.0E+10	1E-30	1.0E-10	1.0E+10	1E-30	1.0E-10	1.0E+10	1E-30	1.0E-10	1.0E+10	1E-30	1.0E-10
56	3.34613878022472E-08	1.0E+10	30303030000	1E-30	8.28280433124102E-11	1.0E+10	1E-30	1.0E+10	3.36193788639016E-02	1.713519924115E-06	1.0E+10	1.66059222918224	2.55697464480276E-06	1.0E+10	0.111977856108262	2.27301329472323E-06	1.0E+10	2.26857816905659E-02	1E-30	1.08389795284815E-10	0.119966609761378	2.15654021127026E-07	1.88045640670633E-11	4.85119910427519E-02	3.56838825155727E-08	4.41378329902608E-11	7.80723064408604E-02	1.06707394309495E-11	1.20301084108531E-10	14.0264999735649	1.05000030656851E-11	6.38205593238026E-11	9.83430548630473	2.19293752461983E-12	1.93505193545131E-10	25.7330230838541	1.0E+10	1E-30	1.0E-10	1.0E+10	1E-30	1.0E-10	1.0E+10	1E-30	1.0E-10	1.0E+10	1E-30	1.0E-10	1.0E+10	1E-30	1.0E-10	1.0E+10	1E-30	1.0E-10
57	3.34613878022472E-08	1.0E+10	30303030000	1E-30	8.28280433124102E-11	1.0E+10	1E-30	1.0E+10	3.36193788639016E-02	1.713519924115E-06	1.0E+10	1.66059222918224	2.55697464480276E-06	1.0E+10	0.111977856108262	2.27301329472323E-06	1.0E+10	2.26857816905659E-02	1E-30	1.08389795284815E-10	0.119966609761378	2.15654021127026E-07	1.88045640670633E-11	4.85119910427519E-02	3.56838825155727E-08	4.41378329902608E-11	7.80723064408604E-02	1.06707394309495E-11	1.20301084108531E-10	14.0264999735649	1.05000030656851E-11	6.38205593238026E-11	9.83430548630473	2.19293752461983E-12	1.93505193545131E-10	25.7330230838541	1.0E+10	1E-30	1.0E-10	1.0E+10	1E-30	1.0E-10	1.0E+10	1E-30	1.0E-10	1.0E+10	1E-30	1.0E-10	1.0E+10	1E-30	1.0E-10	1.0E+10	1E-30	1.0E-10
58	3.34613878022472E-08	1.0E+10	30303030000	1E-30	8.28280433124102E-11	1.0E+10	1E-30	1.0E+10	3.36193788639016E-02	1.713519924115E-06	1.0E+10	1.66059222918224	2.55697464480276E-06	1.0E+10	0.111977856108262	2.27301329472323E-06	1.0E+10	2.26857816905659E-02	1E-30	1.08389795284815E-10	0.119966609761378	2.15654021127026E-07	1.88045640670633E-11	4.85119910427519E-02	3.56838825155727E-08	4.41378329902608E-11	7.80723064408604E-02	1.06707394309495E-11	1.20301084108531E-10	14.0264999735649	1.05000030656851E-11	6.38205593238026E-11	9.83430548630473	2.19293752461983E-12	1.93505193545131E-10	25.7330230838541	1.0E+10	1E-30	1.0E-10	1.0E+10	1E-30	1.0E-10	1.0E+10	1E-30	1.0E-10	1.0E+10	1E-30	1.0E-10	1.0E+10	1E-30	1.0E-10	1.0E+10	1E-30	1.0E-10
59	3.91469916642777E-08	1.0E+10	25641026000	1E-30	1.06722765759199E-10	1.0E+10	1E-30	1.0E+10	2.22853270329617E-02	1.83074524223022E-06	1.0E+10	3.8515330178613	3.28306424028371E-06	1.0E+10	0.228075110360234	2.46003075515815E-06	1.0E+10	4.03538289661498E-02	1E-30	1.18955255460365E-10	0.123192847479705	1.38281963335212E-07	3.59716617902101E-11	6.03251844211993E-02	5.36311879243039E-08	3.77586558871642E-11	8.16883383844565E-02	1.16869559453963E-11	9.67526907693144E-11	12.6374468894738	2.60976245647792E-12	2.04737481483496E-10	28.8880080076757	1.0E+10	1E-30	1.0E-10	1.0E+10	1E-30	1.0E-10	1.0E+10	1E-30	1.0E-10	1.0E+10	1E-30	1.0E-10	1.0E+10	1E-30	1.0E-10	1.0E+10	1E-30	1.0E-10	1.0E+10	1E-30	1.0E-10
60	3.91469916642777E-08	1.0E+10	25641026000	1E-30	1.06722765759199E-10	1.0E+10	1E-30	1.0E+10	2.22853270329617E-02	1.83074524223022E-06	1.0E+10	3.8515330178613	3.28306424028371E-06	1.0E+10	0.228075110360234	2.46003075515815E-06	1.0E+10	4.03538289661498E-02	1E-30	1.18955255460365E-10	0.123192847479705	1.38281963335212E-07	3.59716617902101E-11	6.03251844211993E-02	5.36311879243039E-08	3.77586558871642E-11	8.16883383844565E-02	1.16869559453963E-11	9.67526907693144E-11	12.6374468894738	2.60976245647792E-12	2.04737481483496E-10	28.8880080076757	1.0E+10	1E-30	1.0E-10	1.0E+10	1E-30	1.0E-10	1.0E+10	1E-30	1.0E-10	1.0E+10	1E-30	1.0E-10	1.0E+10	1E-30	1.0E-10	1.0E+10	1E-30	1.0E-10	1.0E+10	1E-30	1.0E-10
61	3.91469916642777E-08	1.0E+10	25641026000	1E-30	1.06722765759199E-10	1.0E+10	1E-30	1.0E+10	2.22853270329617E-02	1.83074524223022E-06	1.0E+10	3.8515330178613	3.28306424028371E-06	1.0E+10	0.228075110360234	2.46003075515815E-06	1.0E+10	4.03538289661498E-02	1E-30	1.18955255460365E-10	0.123192847479705	1.38281963335212E-07	3.59716617902101E-11	6.03251844211993E-02	5.36311879243039E-08	3.77586558871642E-11	8.16883383844565E-02	1.16869559453963E-11	9.67526907693144E-11	12.6374468894738	2.60976245647792E-12	2.04737481483496E-10	28.8880080076757	1.0E+10	1E-30	1.0E-10	1.0E+10	1E-30	1.0E-10	1.0E+10	1E-30	1.0E-10	1.0E+10	1E-30	1.0E-10	1.0E+10	1E-30	1.0E-10	1.0E+10	1E-30	1.0E-10	1.0E+10	1E-30	1.0E-10
62	3.91469916642777E-08	1.0E+10	25641026000	1E-30	1.06722765759199E-10	1.0E+10	1E-30	1.0E+10	2.22853270329617E-02	1.83074524223022E-06	1.0E+10	3.8515330178613	3.28306424028371E-06	1.0E+10	0.228075110360234	2.46003075515815E-06	1.0E+10	4.03538289661498E-02	1E-30	1.18955255460365E-10	0.123192847479705	1.38281963335212E-07	3.59716617902101E-11	6.03251844211993E-02	5.36311879243039E-08	3.77586558871642E-11	8.16883383844565E-02	1.16869559453963E-11	9.67526907693144E-11	12.6374468894738	2.60976245647792E-12	2.04737481483496E-10	28.8880080076757	1.0E+10	1E-30	1.0E-10	1.0E+10	1E-30	1.0E-10	1.0E+10	1E-30	1.0E-10	1.0E+10	1E-30	1.0E-10	1.0E+10	1E-30	1.0E-10	1.0E+10	1E-30	1.0E-10	1.0E+10	1E-30	1.0E-10
63	4.73591159554548E-08	1.0E+10	21276596000	1E-30	8.57425531954346E-11	1.0E+10	1E-30	1.0E+10	3.81572134244735E-02	3.05192168152485E-06	1.0E+10	0.97643735174243	3.47551920800788E-06	1.0E+10	0.112946270370381	2.81448652983551E-06	1.0E+10	1.39777846862653E-02	1E-30	7.26359705437267E-11	0.125234223187745	1.47611430868885E-07	4.34617644985821E-11	6.80980870810142E-02	7.57967257588467E-08	3.62701529751024E-11	6.84462040120695E-02	9.42728190837928E-09	8.78423654460233E-11	6.69376496900381E-02	1.06024333026622E-11	9.69936644548738E-11	11.4738312104297	1.77286620869828E-12	1.99128137036619E-10	35.7506686969427	1.0E+10	1E-30	1.0E-10	1.0E+10	1E-30	1.0E-10	1.0E+10	1E-30	1.0E-10	1.0E+10	1E-30	1.0E-10	1.0E+10	1E-30	1.0E-10	1.0E+10	1E-30	1.0E-10
64	4.73591159554548E-08	1.0E+10	21276596000	1E-30	8.57425531954346E-11	1.0E+10	1E-30	1.0E+10	3.81572134244735E-02	3.05192168152485E-06	1.0E+10	0.97643735174243	3.47551920800788E-06	1.0E+10	0.112946270370381	2.81448652983551E-06	1.0E+10	1.39777846862653E-02	1E-30	7.26359705437267E-11	0.125234223187745	1.47611430868885E-07	4.34617644985821E-11	6.80980870810142E-02	7.57967257588467E-08	3.62701529751024E-11	6.84462040120695E-02	9.42728190837928E-09	8.78423654460233E-11	6.69376496900381E-02	1.06024333026622E-11	9.69936644548738E-11	11.4738312104297	1.77286620869828E-12	1.99128137036619E-10	35.7506686969427	1.0E+10	1E-30	1.0E-10	1.0E+10	1E-30	1.0E-10	1.0E+10	1E-30	1.0E-10	1.0E+10	1E-30	1.0E-10	1.0E+10	1E-30	1.0E-10	1.0E+10	1E-30	1.0E-10
65	4.73591159554548E-08	1.0E+10	21276596000	1E-30	8.57425531954346E-11	1.0E+10	1E-30	1.0E+10	3.81572134244735E-02	3.05192168152485E-06	1.0E+10	0.97643735174243	3.47551920800788E-06	1.0E+10	0.112946270370381	2.81448652983551E-06	1.0E+10	1.39777846862653E-02	1E-30	7.26359705437267E-11	0.125234223187745	1.47611430868885E-07	4.34617644985821E-11	6.80980870810142E-02	7.57967257588467E-08	3.62701529751024E-11	6.84462040120695E-02	9.42728190837928E-09	8.78423654460233E-11	6.69376496900381E-02	1.06024333026622E-11	9.69936644548738E-11	11.4738312104297	1.77286620869828E-12	1.99128137036619E-10	35.7506686969427	1.0E+10	1E-30	1.0E-10	1.0E+10	1E-30	1.0E-10	1.0E+10	1E-30	1.0E-10	1.0E+10	1E-30	1.0E-10	1.0E+10	1E-30	1.0E-10	1.0E+10	1E-30	1.0E-10
66	4.73591159554548E-08	1.0E+10	21276596000	1E-30	8.57425531954346E-11	1.0E+10	1E-30	1.0E+10	3.81572134244735E-02	3.05192168152485E-06	1.0E+10	0.97643735174243	3.47551920800788E-06	1.0E+10	0.112946270370381	2.81448652983551E-06	1.0E+10	1.39777846862653E-02	1E-30	7.26359705437267E-11	0.125234223187745	1.47611430868885E-07	4.34617644985821E-11	6.80980870810142E-02	7.57967257588467E-08	3.62701529751024E-11	6.84462040120695E-02	9.42728190837928E-09	8.78423654460233E-11	6.69376496900381E-02	1.06024333026622E-11	9.69936644548738E-11	11.4738312104297	1.77286620869828E-12	1.99128137036619E-10	35.7506686969427	1.0E+10	1E-30	1.0E-10	1.0E+10	1E-30	1.0E-10	1.0E+10	1E-30	1.0E-10	1.0E+10	1E-30	1.0E-10	1.0E+10	1E-30	1.0E-10	1.0E+10	1E-30	1.0E-10
67	5.59289721880158E-08	1.0E+10	17857143000	1E-30	1.83531908280103E-10	1.0E+10	1E-30	1.0E+10	2.05701588354594E-02	2.46760114348704E-06	1.0E+10	2.56770524852247	4.40261999134508E-06	1.0E+10	0.135097114488672	4.38297246045534E-06	1.0E+10	2.35900097513072E-02	1E-30	1.12455445532637E-10	9.19803145564904E-02	2.93309137351097E-07	2.20131310843115E-11	3.79147205406828E-02	6.94797204552769E-08	3.91501308157613E-11	6.64357284747862E-02	1.09057924460395E-11	1.28806627805907E-10	14.6321212621296	3.27182114189171E-12	1.68734150368685E-10	19.2824900996225	1.0E+10	1E-30	1.0E-10	1.0E+10	1E-30	1.0E-10	1.0E+10	1E-30	1.0E-10	1.0E+10	1E-30	1.0E-10	1.0E+10	1E-30	1.0E-10	1.0E+10	1E-30	1.0E-10	1.0E+10	1E-30	1.0E-10
68	5.59289721880158E-08	1.0E+10	17857143000	1E-30	1.83531908280103E-10	1.0E+10	1E-30	1.0E+10	2.05701588354594E-02	2.46760114348704E-06	1.0E+10	2.56770524852247	4.40261999134508E-06	1.0E+10	0.135097114488672	4.38297246045534E-06	1.0E+10	2.35900097513072E-02	1E-30	1.12455445532637E-10	9.19803145564904E-02	2.93309137351097E-07	2.20131310843115E-11	3.79147205406828E-02	6.94797204552769E-08	3.91501308157613E-11	6.64357284747862E-02	1.09057924460395E-11	1.28806627805907E-10	14.6321212621296	3.27182114189171E-12	1.68734150368685E-10	19.2824900996225	1.0E+10	1E-30	1.0E-10	1.0E+10	1E-30	1.0E-10	1.0E+10	1E-30	1.0E-10	1.0E+10	1E-30	1.0E-10	1.0E+10	1E-30	1.0E-10	1.0E+10	1E-30	1.0E-10	1.0E+10	1E-30	1.0E-10
69	5.59289721880158E-08	1.0E+10	17857143000	1E-30	1.83531908280103E-10	1.0E+10	1E-30	1.0E+10	2.05701588354594E-02	2.46760114348704E-06	1.0E+10	2.56770524852247	4.40261999134508E-06	1.0E+10	0.135097114488672	4.38297246045534E-06	1.0E+10	2.35900097513072E-02	1E-30	1.12455445532637E-10	9.19803145564904E-02	2.93309137351097E-07	2.20131310843115E-11	3.79147205406828E-02	6.94797204552769E-08	3.91501308157613E-11	6.64357284747862E-02	1.09057924460395E-11	1.28806627805907E-10	14.6321212621296	3.27182114189171E-12	1.68734150368685E-10	19.2824900996225	1.0E+10	1E-30	1.0E-10	1.0E+10	1E-30	1.0E-10	1.0E+10	1E-30	1.0E-10	1.0E+10	1E-30	1.0E-10	1.0E+10	1E-30	1.0E-10	1.0E+10	1E-30	1.0E-10	1.0E+10	1E-30	1.0E-10
70	5.59289721880158E-08	1.0E+10	17857143000	1E-30	1.83531908280103E-10	1.0E+10	1E-30	1.0E+10	2.05701588354594E-02	2.46760114348704E-06	1.0E+10	2.56770524852247	4.40261999134508E-06	1.0E+10	0.135097114488672	4.38297246045534E-06	1.0E+10	2.35900097513072E-02	1E-30	1.12455445532637E-10	9.19803145564904E-02	2.93309137351097E-07	2.20131310843115E-11	3.79147205406828E-02	6.94797204552769E-08	3.91501308157613E-11	6.64357284747862E-02	1.09057924460395E-11	1.28806627805907E-10	14.6321212621296	3.27182114189171E-12	1.68734150368685E-10	19.2824900996225	1.0E+10	1E-30	1.0E-10	1.0E+10	1E-30	1.0E-10	1.0E+10	1E-30	1.0E-10	1.0E+10	1E-30	1.0E-10	1.0E+10	1E-30	1.0E-10	1.0E+10	1E-30	1.0E-10	1.0E+10	1E-30	1.0E-10
71	6.66914568454995E-08	1.0E+10	14705882000	1E-30	1.16377313341087E-10	1.0E+10	1E-30	1.0E+10	1.96902459394659E-02	4.30497265925413E-06	1.0E+10	1.54116711659836	6.96828183222221E-06	1.0E+10	0.154653829199171	6.68248510475615E-06	1.0E+10	3.25140190410867E-02	8.99320023556744E-06	1.0E+10	0.010669245679005	1E-30	8.09359542191666E-11	6.65120608038686E-02	2.96938006779892E-07	2.84074129680566E-11	0.041762399692841	9.59421234952966E-08	3.64348696908916E-11	5.80336611929293E-02	3.30739530538817E-08	2.91055148603978E-11	3.29380922467546E-02	9.74470379964673E-12	1.31705748673699E-10	13.01553501494	2.05378865653268E-12	1.88369263292327E-10	27.7151422465132	1.0E+10	1E-30	1.0E-10	1.0E+10	1E-30	1.0E-10	1.0E+10	1E-30	1.0E-10	1.0E+10	1E-30	1.0E-10	1.0E+10	1E-30	1.0E-10
72	6.66914568454995E-08	1.0E+10	14705882000	1E-30	1.16377313341087E-10	1.0E+10	1E-30	1.0E+10	1.96902459394659E-02	4.30497265925413E-06	1.0E+10	1.54116711659836	6.96828183222221E-06	1.0E+10	0.154653829199171	6.68248510475615E-06	1.0E+10	3.25140190410867E-02	8.99320023556744E-06	1.0E+10	0.010669245679005	1E-30	8.09359542191666E-11	6.65120608038686E-02	2.96938006779892E-07	2.84074129680566E-11	0.041762399692841	9.59421234952966E-08	3.64348696908916E-11	5.80336611929293E-02	3.30739530538817E-08	2.91055148603978E-11	3.29380922467546E-02	9.74470379964673E-12	1.31705748673699E-10	13.01553501494	2.05378865653268E-12	1.88369263292327E-10	27.7151422465132	1.0E+10	1E-30	1.0E-10	1.0E+10	1E-30	1.0E-10	1.0E+10	1E-30	1.0E-10	1.0E+10	1E-30	1.0E-10	1.0E+10	1E-30	1.0E-10
73	6.66914568454995E-08	1.0E+10	14705882000	1E-30	1.16377313341087E-10	1.0E+10	1E-30	1.0E+10	1.96902459394659E-02	4.30497265925413E-06	1.0E+10	1.54116711659836	6.96828183222221E-06	1.0E+10	0.154653829199171	6.68248510475615E-06	1.0E+10	3.25140190410867E-02	8.99320023556744E-06	1.0E+10	0.010669245679005	1E-30	8.09359542191666E-11	6.65120608038686E-02	2.96938006779892E-07	2.84074129680566E-11	0.041762399692841	9.59421234952966E-08	3.64348696908916E-11	5.80336611929293E-02	3.30739530538817E-08	2.91055148603978E-11	3.29380922467546E-02	9.74470379964673E-12	1.31705748673699E-10	13.01553501494	2.05378865653268E-12	1.88369263292327E-10	27.7151422465132	1.0E+10	1E-30	1.0E-10	1.0E+10	1E-30	1.0E-10	1.0E+10	1E-30	1.0E-10	1.0E+10	1E-30	1.0E-10	1.0E+10	1E-30	1.0E-10
74	6.66914568454995E-08	1.0E+10	14705882000	1E-30	1.16377313341087E-10	1.0E+10	1E-30	1.0E+10	1.96902459394659E-02	4.30497265925413E-06	1.0E+10	1.54116711659836	6.96828183222221E-06	1.0E+10	0.154653829199171	6.68248510475615E-06	1.0E+10	3.25140190410867E-02	8.99320023556744E-06	1.0E+10	0.010669245679005	1E-30	8.09359542191666E-11	6.65120608038686E-02	2.96938006779892E-07	2.84074129680566E-11	0.041762399692841	9.59421234952966E-08	3.64348696908916E-11	5.80336611929293E-02	3.30739530538817E-08	2.91055148603978E-11	3.29380922467546E-02	9.74470379964673E-12	1.31705748673699E-10	13.01553501494	2.05378865653268E-12	1.88369263292327E-10	27.7151422465132	1.0E+10	1E-30	1.0E-10	1.0E+10	1E-30	1.0E-10	1.0E+10	1E-30	1.0E-10	1.0E+10	1E-30	1.0E-10	1.0E+10	1E-30	1.0E-10
75	8.21647155467889E-08	1.0E+10	12195122000	1E-30	7.21758723601545E-11	1.0E+10	1E-30	1.0E+10	1.71276224355983E-02	4.45806092761749E-06	1.0E+10	0.841534197434844	7.92409855816541E-06	1.0E+10	5.88864376103461E-02	7.3884976100091E-06	1.0E+10	1.66931369870528E-02	1E-30	8.83312395478773E-11	0.111672342832433	2.5938652631302E-07	4.62798439792747E-11	5.44103267245708E-02	1.27359295156367E-07	4.2004940144859E-11	6.41271357391995E-02	3.59904616697656E-08	4.93552159220718E-11	4.30322116271319E-02	1.10022712771575E-11	9.7393307736283E-11	11.4947302281827	1.51959265350417E-12	2.11875825545046E-10	32.8071191891631	1.0E+10	1E-30	1.0E-10	1.0E+10	1E-30	1.0E-10	1.0E+10	1E-30	1.0E-10	1.0E+10	1E-30	1.0E-10	1.0E+10	1E-30	1.0E-10	1.0E+10	1E-30	1.0E-10
76	8.21647155467889E-08	1.0E+10	12195122000	1E-30	7.21758723601545E-11	1.0E+10	1E-30	1.0E+10	1.71276224355983E-02	4.45806092761749E-06	1.0E+10	0.841534197434844	7.92409855816541E-06	1.0E+10	5.88864376103461E-02	7.3884976100091E-06	1.0E+10	1.66931369870528E-02	1E-30	8.83312395478773E-11	0.111672342832433	2.5938652631302E-07	4.62798439792747E-11	5.44103267245708E-02	1.27359295156367E-07	4.2004940144859E-11	6.41271357391995E-02	3.59904616697656E-08	4.93552159220718E-11	4.30322116271319E-02	1.10022712771575E-11	9.7393307736283E-11	11.4947302281827	1.51959265350417E-12	2.11875825545046E-10	32.8071191891631	1.0E+10	1E-30	1.0E-10	1.0E+10	1E-30	1.0E-10	1.0E+10	1E-30	1.0E-10	1.0E+10	1E-30	1.0E-10	1.0E+10	1E-30	1.0E-10	1.0E+10	1E-30	1.0E-10
77	8.21647155467889E-08	1.0E+10	12195122000	1E-30	7.21758723601545E-11	1.0E+10	1E-30	1.0E+10	1.71276224355983E-02	4.45806092761749E-06	1.0E+10	0.841534197434844	7.92409855816541E-06	1.0E+10	5.88864376103461E-02	7.3884976100091E-06	1.0E+10	1.66931369870528E-02	1E-30	8.83312395478773E-11	0.111672342832433	2.5938652631302E-07	4.62798439792747E-11	5.44103267245708E-02	1.27359295156367E-07	4.2004940144859E-11	6.41271357391995E-02	3.59904616697656E-08	4.93552159220718E-11	4.30322116271319E-02	1.10022712771575E-11	9.7393307736283E-11	11.4947302281827	1.51959265350417E-12	2.11875825545046E-10	32.8071191891631	1.0E+10	1E-30	1.0E-10	1.0E+10	1E-30	1.0E-10	1.0E+10	1E-30	1.0E-10	1.0E+10	1E-30	1.0E-10	1.0E+10	1E-30	1.0E-10	1.0E+10	1E-30	1.0E-10
78	8.21647155467889E-08	1.0E+10	12195122000	1E-30	7.21758723601545E-11	1.0E+10	1E-30	1.0E+10	1.71276224355983E-02	4.45806092761749E-06	1.0E+10	0.841534197434844	7.92409855816541E-06	1.0E+10	5.88864376103461E-02	7.3884976100091E-06	1.0E+10	1.66931369870528E-02	1E-30	8.83312395478773E-11	0.111672342832433	2.5938652631302E-07	4.62798439792747E-11	5.44103267245708E-02	1.27359295156367E-07	4.2004940144859E-11	6.41271357391995E-02	3.59904616697656E-08	4.93552159220718E-11	4.30322116271319E-02	1.10022712771575E-11	9.7393307736283E-11	11.4947302281827	1.51959265350417E-12	2.11875825545046E-10	32.8071191891631	1.0E+10	1E-30	1.0E-10	1.0E+10	1E-30	1.0E-10	1.0E+10	1E-30	1.0E-10	1.0E+10	1E-30	1.0E-10	1.0E+10	1E-30	1.0E-10	1.0E+10	1E-30	1.0E-10
79	9.46697027154209E-08	1.0E+10	1.0E+10	1E-30	6.30584014401166E-11	1.0E+10	1E-30	1.0E+10	3.16227724611067E-02	4.74252528972714E-06	1.0E+10	0.663850847661943	7.33577296706043E-06	1.0E+10	3.23091806703429E-02	1.08452565829171E-05	1.0E+10	6.06275870623039E-03	1E-30	1.15694520861838E-10	0.118768982756762	3.37660202207524E-07	4.52960318277726E-11	6.19015855729585E-02	1.45176622410682E-07	4.77014197530051E-11	0.06469076245829	2.52664103975168E-08	7.03907282763902E-11	4.48337714020513E-02	4.7850540457188E-11	2.03551650137607E-11	3.81281032464846	8.33667723221661E-12	7.17919374374041E-11	6.6120425418828	1.97296272223895E-12	1.68924569412558E-10	57.3176832219298	1.0E+10	1E-30	1.0E-10	1.0E+10	1E-30	1.0E-10	1.0E+10	1E-30	1.0E-10	1.0E+10	1E-30	1.0E-10	1.0E+10	1E-30	1.0E-10
80	9.46697027154209E-08	1.0E+10	1.0E+10	1E-30	6.30584014401166E-11	1.0E+10	1E-30	1.0E+10	3.16227724611067E-02	4.74252528972714E-06	1.0E+10	0.663850847661943	7.33577296706043E-06	1.0E+10	3.23091806703429E-02	1.08452565829171E-05	1.0E+10	6.06275870623039E-03	1E-30	1.15694520861838E-10	0.118768982756762	3.37660202207524E-07	4.52960318277726E-11	6.19015855729585E-02	1.45176622410682E-07	4.77014197530051E-11	0.06469076245829	2.52664103975168E-08	7.03907282763902E-11	4.48337714020513E-02	4.7850540457188E-11	2.03551650137607E-11	3.81281032464846	8.33667723221661E-12	7.17919374374041E-11	6.6120425418828	1.97296272223895E-12	1.68924569412558E-10	57.3176832219298	1.0E+10	1E-30	1.0E-10	1.0E+10	1E-30	1.0E-10	1.0E+10	1E-30	1.0E-10	1.0E+10	1E-30	1.0E-10	1.0E+10	1E-30	1.0E-10
81	9.46697027154209E-08	1.0E+10	1.0E+10	1E-30	6.30584014401166E-11	1.0E+10	1E-30	1.0E+10	3.16227724611067E-02	4.74252528972714E-06	1.0E+10	0.663850847661943	7.33577296706043E-06	1.0E+10	3.23091806703429E-02	1.08452565829171E-05	1.0E+10	6.06275870623039E-03	1E-30	1.15694520861838E-10	0.118768982756762	3.37660202207524E-07	4.52960318277726E-11	6.19015855729585E-02	1.45176622410682E-07	4.77014197530051E-11	0.06469076245829	2.52664103975168E-08	7.03907282763902E-11	4.48337714020513E-02	4.7850540457188E-11	2.03551650137607E-11	3.81281032464846	8.33667723221661E-12	7.17919374374041E-11	6.6120425418828	1.97296272223895E-12	1.68924569412558E-10	57.3176832219298	1.0E+10	1E-30	1.0E-10	1.0E+10	1E-30	1.0E-10	1.0E+10	1E-30	1.0E-10	1.0E+10	1E-30	1.0E-10	1.0E+10	1E-30	1.0E-10
82	9.46697027154209E-08	1.0E+10	1.0E+10	1E-30	6.30584014401166E-11	1.0E+10	1E-30	1.0E+10	3.16227724611067E-02	4.74252528972714E-06	1.0E+10	0.663850847661943	7.33577296706043E-06	1.0E+10	3.23091806703429E-02	1.08452565829171E-05	1.0E+10	6.06275870623039E-03	1E-30	1.15694520861838E-10	0.118768982756762	3.37660202207524E-07	4.52960318277726E-11	6.19015855729585E-02	1.45176622410682E-07	4.77014197530051E-11	0.06469076245829	2.52664103975168E-08	7.03907282763902E-11	4.48337714020513E-02	4.7850540457188E-11	2.03551650137607E-11	3.81281032464846	8.33667723221661E-12	7.17919374374041E-11	6.6120425418828	1.97296272223895E-12	1.68924569412558E-10	57.3176832219298	1.0E+10	1E-30	1.0E-10	1.0E+10	1E-30	1.0E-10	1.0E+10	1E-30	1.0E-10	1.0E+10	1E-30	1.0E-10	1.0E+10	1E-30	1.0E-10
END DSCRDATA
