BEGIN DSCRDATA
% INDEX	K01	L01	M01	K02	L02	M02	K03	L03	M03	K04	L04	M04	K05	L05	M05	K06	L06	M06	K07	L07	M07	K08	L08	M08	K09	L09	M09	K10	L10	M10	K11	L11	M11	K12	L12	M12	K13	L13	M13	K14	L14	M14	K15	L15	M15	K16	L16	M16	K17	L17	M17	K18	L18	M18
0	0.0000000000003	1.0E+10	100000000000	1E-30	2.44922901532803E-10	1.0E+10	1E-30	1.0E+10	0.794637300700082	3.04212539309301E-13	1.27949736714684E-10	1123.28968289404	1.0E+10	1E-30	1.0E-10	1.0E+10	1E-30	1.0E-10	1.0E+10	1E-30	1.0E-10	1.0E+10	1E-30	1.0E-10	1.0E+10	1E-30	1.0E-10	1.0E+10	1E-30	1.0E-10	1.0E+10	1E-30	1.0E-10	1.0E+10	1E-30	1.0E-10	1.0E+10	1E-30	1.0E-10	1.0E+10	1E-30	1.0E-10	1.0E+10	1E-30	1.0E-10	1.0E+10	1E-30	1.0E-10	1.0E+10	1E-30	1.0E-10	1.0E+10	1E-30	1.0E-10
1	0.0000000000003	1.0E+10	100000000000	1E-30	2.44922901532803E-10	1.0E+10	1E-30	1.0E+10	0.794637300700082	3.04212539309301E-13	1.27949736714684E-10	1123.28968289404	1.0E+10	1E-30	1.0E-10	1.0E+10	1E-30	1.0E-10	1.0E+10	1E-30	1.0E-10	1.0E+10	1E-30	1.0E-10	1.0E+10	1E-30	1.0E-10	1.0E+10	1E-30	1.0E-10	1.0E+10	1E-30	1.0E-10	1.0E+10	1E-30	1.0E-10	1.0E+10	1E-30	1.0E-10	1.0E+10	1E-30	1.0E-10	1.0E+10	1E-30	1.0E-10	1.0E+10	1E-30	1.0E-10	1.0E+10	1E-30	1.0E-10	1.0E+10	1E-30	1.0E-10
2	0.0000000000005	1.0E+10	100000000000	1E-30	3.68379629837531E-10	1.0E+10	1E-30	1.0E+10	1.08275179007848	6.91459633015193E-13	7.03764752548551E-11	229.958131611056	1.0E+10	1E-30	1.0E-10	1.0E+10	1E-30	1.0E-10	1.0E+10	1E-30	1.0E-10	1.0E+10	1E-30	1.0E-10	1.0E+10	1E-30	1.0E-10	1.0E+10	1E-30	1.0E-10	1.0E+10	1E-30	1.0E-10	1.0E+10	1E-30	1.0E-10	1.0E+10	1E-30	1.0E-10	1.0E+10	1E-30	1.0E-10	1.0E+10	1E-30	1.0E-10	1.0E+10	1E-30	1.0E-10	1.0E+10	1E-30	1.0E-10	1.0E+10	1E-30	1.0E-10
3	0.0000000000005	1.0E+10	100000000000	1E-30	3.68379629837531E-10	1.0E+10	1E-30	1.0E+10	1.08275179007848	6.91459633015193E-13	7.03764752548551E-11	229.958131611056	1.0E+10	1E-30	1.0E-10	1.0E+10	1E-30	1.0E-10	1.0E+10	1E-30	1.0E-10	1.0E+10	1E-30	1.0E-10	1.0E+10	1E-30	1.0E-10	1.0E+10	1E-30	1.0E-10	1.0E+10	1E-30	1.0E-10	1.0E+10	1E-30	1.0E-10	1.0E+10	1E-30	1.0E-10	1.0E+10	1E-30	1.0E-10	1.0E+10	1E-30	1.0E-10	1.0E+10	1E-30	1.0E-10	1.0E+10	1E-30	1.0E-10	1.0E+10	1E-30	1.0E-10
4	0.000000000001	1.0E+10	100000000000	1E-30	4.15881885551335E-10	1.0E+10	1E-30	1.0E+10	0.372417427332574	1E-30	3.13918329472177E-11	1.80725770708839	1E-30	1.0338045763374E-10	0.269356913082511	1.0E+10	1E-30	1.0E-10	1.0E+10	1E-30	1.0E-10	1.0E+10	1E-30	1.0E-10	1.0E+10	1E-30	1.0E-10	1.0E+10	1E-30	1.0E-10	1.0E+10	1E-30	1.0E-10	1.0E+10	1E-30	1.0E-10	1.0E+10	1E-30	1.0E-10	1.0E+10	1E-30	1.0E-10	1.0E+10	1E-30	1.0E-10	1.0E+10	1E-30	1.0E-10	1.0E+10	1E-30	1.0E-10	1.0E+10	1E-30	1.0E-10
5	0.000000000002	1.0E+10	100000000000	1E-30	3.35646141238048E-10	1.0E+10	1E-30	1.0E+10	0.20942570961018	1E-30	2.5071422225231E-11	1.31405237766351	1E-30	2.53490612326786E-11	0.158881750431013	1.0E+10	1E-30	1.0E-10	1.0E+10	1E-30	1.0E-10	1.0E+10	1E-30	1.0E-10	1.0E+10	1E-30	1.0E-10	1.0E+10	1E-30	1.0E-10	1.0E+10	1E-30	1.0E-10	1.0E+10	1E-30	1.0E-10	1.0E+10	1E-30	1.0E-10	1.0E+10	1E-30	1.0E-10	1.0E+10	1E-30	1.0E-10	1.0E+10	1E-30	1.0E-10	1.0E+10	1E-30	1.0E-10	1.0E+10	1E-30	1.0E-10
6	0.000000000003	1.0E+10	100000000000	1E-30	3.09798217959746E-10	1.0E+10	1E-30	1.0E+10	0.171792448763102	1E-30	2.1970784963296E-11	1.03022037296475	1E-30	2.59223730639624E-11	0.141707277640162	1.0E+10	1E-30	1.0E-10	1.0E+10	1E-30	1.0E-10	1.0E+10	1E-30	1.0E-10	1.0E+10	1E-30	1.0E-10	1.0E+10	1E-30	1.0E-10	1.0E+10	1E-30	1.0E-10	1.0E+10	1E-30	1.0E-10	1.0E+10	1E-30	1.0E-10	1.0E+10	1E-30	1.0E-10	1.0E+10	1E-30	1.0E-10	1.0E+10	1E-30	1.0E-10	1.0E+10	1E-30	1.0E-10	1.0E+10	1E-30	1.0E-10
7	0.000000000004	1.0E+10	100000000000	1E-30	3.11068530340437E-10	1.0E+10	1E-30	1.0E+10	0.141816850428141	1E-30	2.29394077924088E-11	1.0883865143043	1E-30	2.98696839361946E-11	0.141171719890435	1.0E+10	1E-30	1.0E-10	1.0E+10	1E-30	1.0E-10	1.0E+10	1E-30	1.0E-10	1.0E+10	1E-30	1.0E-10	1.0E+10	1E-30	1.0E-10	1.0E+10	1E-30	1.0E-10	1.0E+10	1E-30	1.0E-10	1.0E+10	1E-30	1.0E-10	1.0E+10	1E-30	1.0E-10	1.0E+10	1E-30	1.0E-10	1.0E+10	1E-30	1.0E-10	1.0E+10	1E-30	1.0E-10	1.0E+10	1E-30	1.0E-10
8	0.000000000005	1.0E+10	100000000000	1E-30	3.13846930116359E-10	1.0E+10	1E-30	1.0E+10	0.136795027747573	1E-30	2.55550729792668E-11	0.638549433355048	1E-30	2.33401280691783E-11	0.08361684024972	3.6768530219262E-11	1.13218285341228E-11	3.67226717040671	1.0E+10	1E-30	1.0E-10	1.0E+10	1E-30	1.0E-10	1.0E+10	1E-30	1.0E-10	1.0E+10	1E-30	1.0E-10	1.0E+10	1E-30	1.0E-10	1.0E+10	1E-30	1.0E-10	1.0E+10	1E-30	1.0E-10	1.0E+10	1E-30	1.0E-10	1.0E+10	1E-30	1.0E-10	1.0E+10	1E-30	1.0E-10	1.0E+10	1E-30	1.0E-10	1.0E+10	1E-30	1.0E-10
9	0.000000000006	1.0E+10	100000000000	1E-30	1.9474955525655E-10	1.0E+10	1E-30	1.0E+10	0.126924464614133	1E-30	1.90324343958085E-11	0.54889749367258	1E-30	2.54659610288537E-11	0.128695083344742	9.18607737538593E-11	5.36148320508561E-12	1.37825048634213	1.72655522156177E-12	1.05608282901245E-10	100000	1.0E+10	1E-30	1.0E-10	1.0E+10	1E-30	1.0E-10	1.0E+10	1E-30	1.0E-10	1.0E+10	1E-30	1.0E-10	1.0E+10	1E-30	1.0E-10	1.0E+10	1E-30	1.0E-10	1.0E+10	1E-30	1.0E-10	1.0E+10	1E-30	1.0E-10	1.0E+10	1E-30	1.0E-10	1.0E+10	1E-30	1.0E-10	1.0E+10	1E-30	1.0E-10
10	0.0000000000063	1.0E+10	100000000000	1E-30	3.15402592843864E-10	1.0E+10	1E-30	1.0E+10	0.235887733765143	1E-30	2.32772236404022E-11	0.373843563100767	1.98448167211869E-11	2.60301408157555E-11	8.08870926813692	1.0E+10	1E-30	1.0E-10	1.0E+10	1E-30	1.0E-10	1.0E+10	1E-30	1.0E-10	1.0E+10	1E-30	1.0E-10	1.0E+10	1E-30	1.0E-10	1.0E+10	1E-30	1.0E-10	1.0E+10	1E-30	1.0E-10	1.0E+10	1E-30	1.0E-10	1.0E+10	1E-30	1.0E-10	1.0E+10	1E-30	1.0E-10	1.0E+10	1E-30	1.0E-10	1.0E+10	1E-30	1.0E-10	1.0E+10	1E-30	1.0E-10
11	0.0000000000063	1.0E+10	100000000000	1E-30	3.15402592843864E-10	1.0E+10	1E-30	1.0E+10	0.235887733765143	1E-30	2.32772236404022E-11	0.373843563100767	1.98448167211869E-11	2.60301408157555E-11	8.08870926813692	1.0E+10	1E-30	1.0E-10	1.0E+10	1E-30	1.0E-10	1.0E+10	1E-30	1.0E-10	1.0E+10	1E-30	1.0E-10	1.0E+10	1E-30	1.0E-10	1.0E+10	1E-30	1.0E-10	1.0E+10	1E-30	1.0E-10	1.0E+10	1E-30	1.0E-10	1.0E+10	1E-30	1.0E-10	1.0E+10	1E-30	1.0E-10	1.0E+10	1E-30	1.0E-10	1.0E+10	1E-30	1.0E-10	1.0E+10	1E-30	1.0E-10
12	0.000000000007	1.0E+10	100000000000	1E-30	3.04530249612066E-10	1.0E+10	1E-30	1.0E+10	0.110328046597581	1E-30	1.58134963580803E-11	0.359996241264346	1E-30	3.57366918653372E-11	0.146906165277206	2.31668896529406E-11	2.5719797899176E-11	7.3596366062867	7.27280376274429E-11	4.68664353957074E-12	0.630957344480194	1.0E+10	1E-30	1.0E-10	1.0E+10	1E-30	1.0E-10	1.0E+10	1E-30	1.0E-10	1.0E+10	1E-30	1.0E-10	1.0E+10	1E-30	1.0E-10	1.0E+10	1E-30	1.0E-10	1.0E+10	1E-30	1.0E-10	1.0E+10	1E-30	1.0E-10	1.0E+10	1E-30	1.0E-10	1.0E+10	1E-30	1.0E-10	1.0E+10	1E-30	1.0E-10
13	0.000000000008	1.0E+10	100000000000	1E-30	3.20715737607843E-10	1.0E+10	1E-30	1.0E+10	9.46963613550241E-02	1E-30	2.37511147486007E-11	0.446725791522383	1E-30	3.68443291122431E-11	8.91732669192987E-02	1.47427638150187E-10	4.57556888559348E-12	1.15979784823838	2.73293573792475E-10	1.27134174432051E-12	0.275494721088617	1.0E+10	1E-30	1.0E-10	1.0E+10	1E-30	1.0E-10	1.0E+10	1E-30	1.0E-10	1.0E+10	1E-30	1.0E-10	1.0E+10	1E-30	1.0E-10	1.0E+10	1E-30	1.0E-10	1.0E+10	1E-30	1.0E-10	1.0E+10	1E-30	1.0E-10	1.0E+10	1E-30	1.0E-10	1.0E+10	1E-30	1.0E-10	1.0E+10	1E-30	1.0E-10
14	0.000000000009	1.0E+10	100000000000	1E-30	3.0041825783206E-10	1.0E+10	1E-30	1.0E+10	0.110968441329686	1E-30	3.73456909602099E-11	2.69303901985617	1E-30	4.26790006981384E-11	0.172176141218411	5.10900363585453E-10	1.54169664184216E-12	0.367858820084238	1.0E+10	1E-30	1.0E-10	1.0E+10	1E-30	1.0E-10	1.0E+10	1E-30	1.0E-10	1.0E+10	1E-30	1.0E-10	1.0E+10	1E-30	1.0E-10	1.0E+10	1E-30	1.0E-10	1.0E+10	1E-30	1.0E-10	1.0E+10	1E-30	1.0E-10	1.0E+10	1E-30	1.0E-10	1.0E+10	1E-30	1.0E-10	1.0E+10	1E-30	1.0E-10	1.0E+10	1E-30	1.0E-10
15	0.00000000001	1.0E+10	100000000000	1E-30	2.83030017759789E-10	1.0E+10	1E-30	1.0E+10	0.111013737718072	1E-30	1.32475598622434E-11	0.211404794072828	1E-30	3.26150842909698E-11	8.18159204998122E-02	3.8140550593983E-11	2.3590231196236E-11	5.82773672286234	9.48124305269643E-12	2.70111322060916E-11	4.13273218617581	1.0E+10	1E-30	1.0E-10	1.0E+10	1E-30	1.0E-10	1.0E+10	1E-30	1.0E-10	1.0E+10	1E-30	1.0E-10	1.0E+10	1E-30	1.0E-10	1.0E+10	1E-30	1.0E-10	1.0E+10	1E-30	1.0E-10	1.0E+10	1E-30	1.0E-10	1.0E+10	1E-30	1.0E-10	1.0E+10	1E-30	1.0E-10	1.0E+10	1E-30	1.0E-10
16	0.000000000012	1.0E+10	100000000000	1E-30	2.25361912835618E-10	1.0E+10	1E-30	1.0E+10	0.108196075995464	1E-30	1.16393427469456E-11	0.211017861331487	1E-30	4.17960895573494E-11	0.117639986706571	9.33533992478978E-11	1.14428109968511E-11	2.46481314820875	1.44356608650219E-11	2.42834228542722E-11	3.12946372133276	4.41300224821134E-12	6.00133712203474E-11	4995.08472358776	1.0E+10	1E-30	1.0E-10	1.0E+10	1E-30	1.0E-10	1.0E+10	1E-30	1.0E-10	1.0E+10	1E-30	1.0E-10	1.0E+10	1E-30	1.0E-10	1.0E+10	1E-30	1.0E-10	1.0E+10	1E-30	1.0E-10	1.0E+10	1E-30	1.0E-10	1.0E+10	1E-30	1.0E-10	1.0E+10	1E-30	1.0E-10
17	0.000000000012	1.0E+10	100000000000	1E-30	2.33031591648974E-10	1.0E+10	1E-30	1.0E+10	0.240261609477914	7.0973548525225E-11	1.50948681064684E-11	3.40832959707269	4.59596440891268E-12	5.87698473749722E-11	22.9209004541128	1.0E+10	1E-30	1.0E-10	1.0E+10	1E-30	1.0E-10	1.0E+10	1E-30	1.0E-10	1.0E+10	1E-30	1.0E-10	1.0E+10	1E-30	1.0E-10	1.0E+10	1E-30	1.0E-10	1.0E+10	1E-30	1.0E-10	1.0E+10	1E-30	1.0E-10	1.0E+10	1E-30	1.0E-10	1.0E+10	1E-30	1.0E-10	1.0E+10	1E-30	1.0E-10	1.0E+10	1E-30	1.0E-10	1.0E+10	1E-30	1.0E-10
18	0.000000000012	1.0E+10	100000000000	1E-30	2.33031591648974E-10	1.0E+10	1E-30	1.0E+10	0.240261609477914	7.0973548525225E-11	1.50948681064684E-11	3.40832959707269	4.59596440891268E-12	5.87698473749722E-11	22.9209004541128	1.0E+10	1E-30	1.0E-10	1.0E+10	1E-30	1.0E-10	1.0E+10	1E-30	1.0E-10	1.0E+10	1E-30	1.0E-10	1.0E+10	1E-30	1.0E-10	1.0E+10	1E-30	1.0E-10	1.0E+10	1E-30	1.0E-10	1.0E+10	1E-30	1.0E-10	1.0E+10	1E-30	1.0E-10	1.0E+10	1E-30	1.0E-10	1.0E+10	1E-30	1.0E-10	1.0E+10	1E-30	1.0E-10	1.0E+10	1E-30	1.0E-10
19	0.000000000012	1.0E+10	100000000000	1E-30	2.33031591648974E-10	1.0E+10	1E-30	1.0E+10	0.240261609477914	7.0973548525225E-11	1.50948681064684E-11	3.40832959707269	4.59596440891268E-12	5.87698473749722E-11	22.9209004541128	1.0E+10	1E-30	1.0E-10	1.0E+10	1E-30	1.0E-10	1.0E+10	1E-30	1.0E-10	1.0E+10	1E-30	1.0E-10	1.0E+10	1E-30	1.0E-10	1.0E+10	1E-30	1.0E-10	1.0E+10	1E-30	1.0E-10	1.0E+10	1E-30	1.0E-10	1.0E+10	1E-30	1.0E-10	1.0E+10	1E-30	1.0E-10	1.0E+10	1E-30	1.0E-10	1.0E+10	1E-30	1.0E-10	1.0E+10	1E-30	1.0E-10
20	0.000000000015	1.0E+10	100000000000	1E-30	2.37130446946773E-10	1.0E+10	1E-30	1.0E+10	0.106365138716823	1E-30	2.00601666361902E-11	0.399580077350511	1E-30	3.51199913675696E-11	0.105473523438099	1.06312166274083E-10	1.00513063402125E-11	1.60544580212146	2.87056289763273E-11	1.18354379416775E-11	2.12882140535134	2.31749782679977E-12	8.88228374925702E-11	100000	1.0E+10	1E-30	1.0E-10	1.0E+10	1E-30	1.0E-10	1.0E+10	1E-30	1.0E-10	1.0E+10	1E-30	1.0E-10	1.0E+10	1E-30	1.0E-10	1.0E+10	1E-30	1.0E-10	1.0E+10	1E-30	1.0E-10	1.0E+10	1E-30	1.0E-10	1.0E+10	1E-30	1.0E-10	1.0E+10	1E-30	1.0E-10
21	0.000000000018	1.0E+10	100000000000	1E-30	2.21820404008232E-10	1.0E+10	1E-30	1.0E+10	0.105230305313283	1E-30	1.46350409276938E-11	0.083981874312209	1E-30	1.92226556152019E-11	5.09588670028831E-02	2.87621746789683E-10	4.8874002032949E-12	0.870523625859734	1.19054579222146E-11	3.67903660354756E-11	6.64475392278535	3.62393644918941E-12	7.78084636330508E-11	100000	1.0E+10	1E-30	1.0E-10	1.0E+10	1E-30	1.0E-10	1.0E+10	1E-30	1.0E-10	1.0E+10	1E-30	1.0E-10	1.0E+10	1E-30	1.0E-10	1.0E+10	1E-30	1.0E-10	1.0E+10	1E-30	1.0E-10	1.0E+10	1E-30	1.0E-10	1.0E+10	1E-30	1.0E-10	1.0E+10	1E-30	1.0E-10
22	0.000000000022	1.0E+10	100000000000	1E-30	1.69929473340802E-10	1.0E+10	1E-30	1.0E+10	0.100700328531256	1E-30	2.01425501189949E-11	0.148315715036624	1E-30	2.75437464747101E-11	3.67022385119253E-02	1.32855240253357E-10	1.23801632569991E-11	1.89242890642093	1.43917486927993E-11	3.18994721677413E-11	4.74413085887599	1.90896032071103E-12	1.38198415656445E-10	100000	1.0E+10	1E-30	1.0E-10	1.0E+10	1E-30	1.0E-10	1.0E+10	1E-30	1.0E-10	1.0E+10	1E-30	1.0E-10	1.0E+10	1E-30	1.0E-10	1.0E+10	1E-30	1.0E-10	1.0E+10	1E-30	1.0E-10	1.0E+10	1E-30	1.0E-10	1.0E+10	1E-30	1.0E-10	1.0E+10	1E-30	1.0E-10
23	0.000000000027	1.0E+10	100000000000	1E-30	2.43433586138663E-10	1.0E+10	1E-30	1.0E+10	9.66159859531839E-02	1E-30	1.05945917956718E-11	0.13296381116055	1E-30	3.78863087620914E-11	8.53048199289747E-02	1.53131296659527E-10	1.30609007633537E-11	1.48372785458112	4.91682752927043E-11	1.37778948001107E-11	1.53829487626068	3.85588744278275E-11	9.54225651649072E-12	2.02896285558477	3.17965156711597E-12	7.57502209564284E-11	100000	1.0E+10	1E-30	1.0E-10	1.0E+10	1E-30	1.0E-10	1.0E+10	1E-30	1.0E-10	1.0E+10	1E-30	1.0E-10	1.0E+10	1E-30	1.0E-10	1.0E+10	1E-30	1.0E-10	1.0E+10	1E-30	1.0E-10	1.0E+10	1E-30	1.0E-10	1.0E+10	1E-30	1.0E-10
24	0.000000000033	1.0E+10	100000000000	1E-30	2.3247209733551E-10	1.0E+10	1E-30	1.0E+10	8.05361229815985E-02	1E-30	1.24088027507348E-11	0.141726144145	1E-30	3.924920627042E-11	8.57790550268822E-02	1.81150862033614E-10	1.35904437632997E-11	1.18292564207595	7.61602558336673E-11	1.07540806943876E-11	1.33764666193966	5.35054617342882E-11	7.8245145813573E-12	1.22477635578399	2.94637660985266E-12	7.19314188180442E-11	100000	1.0E+10	1E-30	1.0E-10	1.0E+10	1E-30	1.0E-10	1.0E+10	1E-30	1.0E-10	1.0E+10	1E-30	1.0E-10	1.0E+10	1E-30	1.0E-10	1.0E+10	1E-30	1.0E-10	1.0E+10	1E-30	1.0E-10	1.0E+10	1E-30	1.0E-10	1.0E+10	1E-30	1.0E-10
25	0.000000000039	1.0E+10	100000000000	1E-30	1.53557592484372E-10	1.0E+10	1E-30	1.0E+10	7.54624812247049E-02	1E-30	1.05707612479873E-11	0.263664233932848	1E-30	3.731620572389E-11	0.102964980565136	2.75687489714325E-10	1.14361460085977E-11	1.40460367372726	1.15730167455642E-10	9.27720163989221E-12	1.29667752709168	1.77837250512656E-11	2.5958235208883E-11	2.896356866128	1.64914470513793E-12	1.32886820369421E-10	100000	1.0E+10	1E-30	1.0E-10	1.0E+10	1E-30	1.0E-10	1.0E+10	1E-30	1.0E-10	1.0E+10	1E-30	1.0E-10	1.0E+10	1E-30	1.0E-10	1.0E+10	1E-30	1.0E-10	1.0E+10	1E-30	1.0E-10	1.0E+10	1E-30	1.0E-10	1.0E+10	1E-30	1.0E-10
26	0.000000000039	1.0E+10	100000000000	1E-30	1.98564351367098E-10	1.0E+10	1E-30	1.0E+10	0.154239631846312	3.50143891172107E-10	9.11909686890888E-12	1.1845685889862	1.69444252444952E-10	6.0871652098888E-12	1.09355937690695	7.60138396971726E-13	1.23678741926365E-10	17.2194708865561	1.0E+10	1E-30	1.0E-10	1.0E+10	1E-30	1.0E-10	1.0E+10	1E-30	1.0E-10	1.0E+10	1E-30	1.0E-10	1.0E+10	1E-30	1.0E-10	1.0E+10	1E-30	1.0E-10	1.0E+10	1E-30	1.0E-10	1.0E+10	1E-30	1.0E-10	1.0E+10	1E-30	1.0E-10	1.0E+10	1E-30	1.0E-10	1.0E+10	1E-30	1.0E-10	1.0E+10	1E-30	1.0E-10
27	0.000000000039	1.0E+10	100000000000	1E-30	1.98564351367098E-10	1.0E+10	1E-30	1.0E+10	0.154239631846312	3.50143891172107E-10	9.11909686890888E-12	1.1845685889862	1.69444252444952E-10	6.0871652098888E-12	1.09355937690695	7.60138396971726E-13	1.23678741926365E-10	17.2194708865561	1.0E+10	1E-30	1.0E-10	1.0E+10	1E-30	1.0E-10	1.0E+10	1E-30	1.0E-10	1.0E+10	1E-30	1.0E-10	1.0E+10	1E-30	1.0E-10	1.0E+10	1E-30	1.0E-10	1.0E+10	1E-30	1.0E-10	1.0E+10	1E-30	1.0E-10	1.0E+10	1E-30	1.0E-10	1.0E+10	1E-30	1.0E-10	1.0E+10	1E-30	1.0E-10	1.0E+10	1E-30	1.0E-10
28	0.000000000039	1.0E+10	100000000000	1E-30	1.98564351367098E-10	1.0E+10	1E-30	1.0E+10	0.154239631846312	3.50143891172107E-10	9.11909686890888E-12	1.1845685889862	1.69444252444952E-10	6.0871652098888E-12	1.09355937690695	7.60138396971726E-13	1.23678741926365E-10	17.2194708865561	1.0E+10	1E-30	1.0E-10	1.0E+10	1E-30	1.0E-10	1.0E+10	1E-30	1.0E-10	1.0E+10	1E-30	1.0E-10	1.0E+10	1E-30	1.0E-10	1.0E+10	1E-30	1.0E-10	1.0E+10	1E-30	1.0E-10	1.0E+10	1E-30	1.0E-10	1.0E+10	1E-30	1.0E-10	1.0E+10	1E-30	1.0E-10	1.0E+10	1E-30	1.0E-10	1.0E+10	1E-30	1.0E-10
29	0.000000000047	1.0E+10	100000000000	1E-30	1.00222588902467E-10	1.0E+10	1E-30	1.0E+10	7.44320468503425E-02	1E-30	3.856809998575E-11	8.54872496276451E-02	1E-30	2.4817439738064E-12	5.60932854056809E-02	4.56398267497499E-10	7.44967847859255E-12	0.745932687291892	6.3953525824865E-11	2.17570434079165E-11	2.38299371545519	1.34071905433713E-11	3.05028530529691E-11	3.03973372493999	1.13925386633987E-12	1.82294042285344E-10	100000	1.0E+10	1E-30	1.0E-10	1.0E+10	1E-30	1.0E-10	1.0E+10	1E-30	1.0E-10	1.0E+10	1E-30	1.0E-10	1.0E+10	1E-30	1.0E-10	1.0E+10	1E-30	1.0E-10	1.0E+10	1E-30	1.0E-10	1.0E+10	1E-30	1.0E-10	1.0E+10	1E-30	1.0E-10
30	0.000000000047	1.0E+10	100000000000	1E-30	2.3713669917204E-10	1.0E+10	1E-30	1.0E+10	0.135949903393471	4.87242534354718E-10	7.93758540477195E-12	0.827050453689781	8.49469119713649E-11	1.46497817202381E-11	1.57771469626742	1.96802678005844E-10	2.22528814425023E-12	0.262270127466205	2.24650054899385E-12	6.7250841875067E-11	9.6655002790271	1.0E+10	1E-30	1.0E-10	1.0E+10	1E-30	1.0E-10	1.0E+10	1E-30	1.0E-10	1.0E+10	1E-30	1.0E-10	1.0E+10	1E-30	1.0E-10	1.0E+10	1E-30	1.0E-10	1.0E+10	1E-30	1.0E-10	1.0E+10	1E-30	1.0E-10	1.0E+10	1E-30	1.0E-10	1.0E+10	1E-30	1.0E-10	1.0E+10	1E-30	1.0E-10
31	0.000000000047	1.0E+10	100000000000	1E-30	2.3713669917204E-10	1.0E+10	1E-30	1.0E+10	0.135949903393471	4.87242534354718E-10	7.93758540477195E-12	0.827050453689781	8.49469119713649E-11	1.46497817202381E-11	1.57771469626742	1.96802678005844E-10	2.22528814425023E-12	0.262270127466205	2.24650054899385E-12	6.7250841875067E-11	9.6655002790271	1.0E+10	1E-30	1.0E-10	1.0E+10	1E-30	1.0E-10	1.0E+10	1E-30	1.0E-10	1.0E+10	1E-30	1.0E-10	1.0E+10	1E-30	1.0E-10	1.0E+10	1E-30	1.0E-10	1.0E+10	1E-30	1.0E-10	1.0E+10	1E-30	1.0E-10	1.0E+10	1E-30	1.0E-10	1.0E+10	1E-30	1.0E-10	1.0E+10	1E-30	1.0E-10
32	0.000000000047	1.0E+10	100000000000	1E-30	2.3713669917204E-10	1.0E+10	1E-30	1.0E+10	0.135949903393471	4.87242534354718E-10	7.93758540477195E-12	0.827050453689781	8.49469119713649E-11	1.46497817202381E-11	1.57771469626742	1.96802678005844E-10	2.22528814425023E-12	0.262270127466205	2.24650054899385E-12	6.7250841875067E-11	9.6655002790271	1.0E+10	1E-30	1.0E-10	1.0E+10	1E-30	1.0E-10	1.0E+10	1E-30	1.0E-10	1.0E+10	1E-30	1.0E-10	1.0E+10	1E-30	1.0E-10	1.0E+10	1E-30	1.0E-10	1.0E+10	1E-30	1.0E-10	1.0E+10	1E-30	1.0E-10	1.0E+10	1E-30	1.0E-10	1.0E+10	1E-30	1.0E-10	1.0E+10	1E-30	1.0E-10
33	0.000000000056	1.0E+10	100000000000	1E-30	2.47677972907147E-10	1.0E+10	1E-30	1.0E+10	6.86405676808697E-02	1E-30	3.71013654053863E-11	0.078739890364195	1E-30	2.88759535842259E-12	2.56375156070009E-02	3.53717951331466E-10	1.12876970627153E-11	1.00838572145655	8.93723953321467E-11	1.90557374971403E-11	2.0472225224214	2.95716884715267E-11	1.82446591213095E-11	1.42570761610841	7.56940291251997E-12	2.73300510292494E-11	100000	1.0E+10	1E-30	1.0E-10	1.0E+10	1E-30	1.0E-10	1.0E+10	1E-30	1.0E-10	1.0E+10	1E-30	1.0E-10	1.0E+10	1E-30	1.0E-10	1.0E+10	1E-30	1.0E-10	1.0E+10	1E-30	1.0E-10	1.0E+10	1E-30	1.0E-10	1.0E+10	1E-30	1.0E-10
34	0.000000000056	1.0E+10	100000000000	1E-30	2.90044226623943E-10	1.0E+10	1E-30	1.0E+10	0.12728196317123	1E-30	1.4194278209106E-11	0.237696308394928	5.19324878243283E-10	7.78247034168523E-12	0.816405503994404	8.39997365605732E-11	2.11084734377537E-11	2.05035174234297	1.81923509875739E-11	1.91808586171776E-11	1.83554852215395	1.0E+10	1E-30	1.0E-10	1.0E+10	1E-30	1.0E-10	1.0E+10	1E-30	1.0E-10	1.0E+10	1E-30	1.0E-10	1.0E+10	1E-30	1.0E-10	1.0E+10	1E-30	1.0E-10	1.0E+10	1E-30	1.0E-10	1.0E+10	1E-30	1.0E-10	1.0E+10	1E-30	1.0E-10	1.0E+10	1E-30	1.0E-10	1.0E+10	1E-30	1.0E-10
35	0.000000000056	1.0E+10	100000000000	1E-30	2.90044226623943E-10	1.0E+10	1E-30	1.0E+10	0.12728196317123	1E-30	1.4194278209106E-11	0.237696308394928	5.19324878243283E-10	7.78247034168523E-12	0.816405503994404	8.39997365605732E-11	2.11084734377537E-11	2.05035174234297	1.81923509875739E-11	1.91808586171776E-11	1.83554852215395	1.0E+10	1E-30	1.0E-10	1.0E+10	1E-30	1.0E-10	1.0E+10	1E-30	1.0E-10	1.0E+10	1E-30	1.0E-10	1.0E+10	1E-30	1.0E-10	1.0E+10	1E-30	1.0E-10	1.0E+10	1E-30	1.0E-10	1.0E+10	1E-30	1.0E-10	1.0E+10	1E-30	1.0E-10	1.0E+10	1E-30	1.0E-10	1.0E+10	1E-30	1.0E-10
36	0.000000000056	1.0E+10	100000000000	1E-30	2.90044226623943E-10	1.0E+10	1E-30	1.0E+10	0.12728196317123	1E-30	1.4194278209106E-11	0.237696308394928	5.19324878243283E-10	7.78247034168523E-12	0.816405503994404	8.39997365605732E-11	2.11084734377537E-11	2.05035174234297	1.81923509875739E-11	1.91808586171776E-11	1.83554852215395	1.0E+10	1E-30	1.0E-10	1.0E+10	1E-30	1.0E-10	1.0E+10	1E-30	1.0E-10	1.0E+10	1E-30	1.0E-10	1.0E+10	1E-30	1.0E-10	1.0E+10	1E-30	1.0E-10	1.0E+10	1E-30	1.0E-10	1.0E+10	1E-30	1.0E-10	1.0E+10	1E-30	1.0E-10	1.0E+10	1E-30	1.0E-10	1.0E+10	1E-30	1.0E-10
37	0.000000000068	1.0E+10	100000000000	1E-30	2.48327082102289E-10	1.0E+10	1E-30	1.0E+10	0.12744370138043	1E-30	8.26798015746508E-12	9.27335178209692E-02	1E-30	2.93639302626424E-11	6.90341256619355E-02	6.74876344625283E-10	5.84815162669018E-12	0.314001373002321	7.63537496440766E-11	2.04381620004398E-11	1.3792758509429	2.68083611889436E-11	1.52110708119519E-11	1.25118325873038	2.46015911750206E-12	8.79201096899507E-11	100000	1.0E+10	1E-30	1.0E-10	1.0E+10	1E-30	1.0E-10	1.0E+10	1E-30	1.0E-10	1.0E+10	1E-30	1.0E-10	1.0E+10	1E-30	1.0E-10	1.0E+10	1E-30	1.0E-10	1.0E+10	1E-30	1.0E-10	1.0E+10	1E-30	1.0E-10	1.0E+10	1E-30	1.0E-10
38	0.000000000082	1.0E+10	100000000000	1E-30	1.10679718105893E-12	1.0E+10	1E-30	1.0E+10	8.77582945523075E-02	1E-30	3.61122613169384E-11	7.30592894414945E-02	1E-30	3.86827254406387E-12	5.36195617439131E-02	8.52804710474167E-10	6.17164656968637E-12	0.417225498452345	1.09416893216304E-10	1.92672144380088E-11	1.54853561377297	1.53111394537505E-11	3.32179377975198E-11	2.55880800385901	6.03983274800358E-13	2.97608963995331E-10	100000	1.0E+10	1E-30	1.0E-10	1.0E+10	1E-30	1.0E-10	1.0E+10	1E-30	1.0E-10	1.0E+10	1E-30	1.0E-10	1.0E+10	1E-30	1.0E-10	1.0E+10	1E-30	1.0E-10	1.0E+10	1E-30	1.0E-10	1.0E+10	1E-30	1.0E-10	1.0E+10	1E-30	1.0E-10
39	1.0E-10	1.0E+10	100000000000	1E-30	2.65036164287074E-10	1.0E+10	1E-30	1.0E+10	7.86504140490515E-02	1E-30	1.32088003639041E-11	6.82874476371687E-02	1E-30	1.7564909651754E-11	2.48213900209067E-02	1.07917113017451E-09	6.6389208251395E-12	0.444895973448223	1.58040391487075E-10	1.89351014860554E-11	1.24059107794462	2.8905705421808E-11	2.30117203088304E-11	1.17400212168822	8.66192727029823E-12	2.97638964808589E-11	100000	1.0E+10	1E-30	1.0E-10	1.0E+10	1E-30	1.0E-10	1.0E+10	1E-30	1.0E-10	1.0E+10	1E-30	1.0E-10	1.0E+10	1E-30	1.0E-10	1.0E+10	1E-30	1.0E-10	1.0E+10	1E-30	1.0E-10	1.0E+10	1E-30	1.0E-10	1.0E+10	1E-30	1.0E-10
40	0.00000000012	1.0E+10	100000000000	1E-30	0.000000000145	1.0E+10	1E-30	1.0E+10	0.12	2.74134372509241E-12	1.02667801109231E-10	1.0E+10	2.68441687149246E-12	7.25850117210328E-11	4.39173779938642	2.15395636595705E-10	1.73962910906439E-11	1.1560955556328	8.88720698659568E-10	9.86227538840755E-12	0.569392725831552	1.0E+10	1E-30	1.0E-10	1.0E+10	1E-30	1.0E-10	1.0E+10	1E-30	1.0E-10	1.0E+10	1E-30	1.0E-10	1.0E+10	1E-30	1.0E-10	1.0E+10	1E-30	1.0E-10	1.0E+10	1E-30	1.0E-10	1.0E+10	1E-30	1.0E-10	1.0E+10	1E-30	1.0E-10	1.0E+10	1E-30	1.0E-10	1.0E+10	1E-30	1.0E-10
41	0.00000000015	1.0E+10	100000000000	1E-30	1.49302831580557E-10	1.0E+10	1E-30	1.0E+10	8.71356517742513E-02	1E-30	1.15195558316491E-11	4.61486288701062E-02	1.47446620376668E-09	7.15167112798697E-12	0.275234866081611	2.51101993678052E-10	1.72821398793645E-11	0.855366318309253	6.99094389383351E-12	4.64389063753606E-11	1.71245157463578	1.46332826073665E-12	1.5125102674213E-10	100000	1.0E+10	1E-30	1.0E-10	1.0E+10	1E-30	1.0E-10	1.0E+10	1E-30	1.0E-10	1.0E+10	1E-30	1.0E-10	1.0E+10	1E-30	1.0E-10	1.0E+10	1E-30	1.0E-10	1.0E+10	1E-30	1.0E-10	1.0E+10	1E-30	1.0E-10	1.0E+10	1E-30	1.0E-10	1.0E+10	1E-30	1.0E-10
42	0.00000000018	1.0E+10	100000000000	1E-30	0.000000000115	1.0E+10	1E-30	1.0E+10	0.1	1E-30	1.74357681686693E-11	0.547760811883862	1E-30	1.17191340066995E-10	13.2540283086774	3.3650390257082E-12	8.36387721478486E-11	1.0E+10	2.98019775370239E-10	2.02249500704812E-11	0.998727056569335	1.78059943568076E-09	7.8056036469351E-12	0.429724945600452	1.0E+10	1E-30	1.0E-10	1.0E+10	1E-30	1.0E-10	1.0E+10	1E-30	1.0E-10	1.0E+10	1E-30	1.0E-10	1.0E+10	1E-30	1.0E-10	1.0E+10	1E-30	1.0E-10	1.0E+10	1E-30	1.0E-10	1.0E+10	1E-30	1.0E-10	1.0E+10	1E-30	1.0E-10	1.0E+10	1E-30	1.0E-10
43	0.0000000002	1.0E+10	100000000000	1E-30	2.32236658313049E-10	1.0E+10	1E-30	1.0E+10	9.22467314267523E-02	1E-30	3.02724735908363E-11	0.491732854517198	4.72953501304314E-09	2.57270201079701E-12	0.119467524248962	3.23284119185396E-10	1.52689011253008E-11	0.601183537865131	1.86494791950491E-12	1.19299594451238E-10	39.1343712855993	1.0E+10	1E-30	1.0E-10	1.0E+10	1E-30	1.0E-10	1.0E+10	1E-30	1.0E-10	1.0E+10	1E-30	1.0E-10	1.0E+10	1E-30	1.0E-10	1.0E+10	1E-30	1.0E-10	1.0E+10	1E-30	1.0E-10	1.0E+10	1E-30	1.0E-10	1.0E+10	1E-30	1.0E-10	1.0E+10	1E-30	1.0E-10	1.0E+10	1E-30	1.0E-10
44	0.0000000002	1.0E+10	100000000000	1E-30	2.32236658313049E-10	1.0E+10	1E-30	1.0E+10	9.22467314267523E-02	1E-30	3.02724735908363E-11	0.491732854517198	4.72953501304314E-09	2.57270201079701E-12	0.119467524248962	3.23284119185396E-10	1.52689011253008E-11	0.601183537865131	1.86494791950491E-12	1.19299594451238E-10	39.1343712855993	1.0E+10	1E-30	1.0E-10	1.0E+10	1E-30	1.0E-10	1.0E+10	1E-30	1.0E-10	1.0E+10	1E-30	1.0E-10	1.0E+10	1E-30	1.0E-10	1.0E+10	1E-30	1.0E-10	1.0E+10	1E-30	1.0E-10	1.0E+10	1E-30	1.0E-10	1.0E+10	1E-30	1.0E-10	1.0E+10	1E-30	1.0E-10	1.0E+10	1E-30	1.0E-10
45	0.0000000002	1.0E+10	100000000000	1E-30	2.32236658313049E-10	1.0E+10	1E-30	1.0E+10	9.22467314267523E-02	1E-30	3.02724735908363E-11	0.491732854517198	4.72953501304314E-09	2.57270201079701E-12	0.119467524248962	3.23284119185396E-10	1.52689011253008E-11	0.601183537865131	1.86494791950491E-12	1.19299594451238E-10	39.1343712855993	1.0E+10	1E-30	1.0E-10	1.0E+10	1E-30	1.0E-10	1.0E+10	1E-30	1.0E-10	1.0E+10	1E-30	1.0E-10	1.0E+10	1E-30	1.0E-10	1.0E+10	1E-30	1.0E-10	1.0E+10	1E-30	1.0E-10	1.0E+10	1E-30	1.0E-10	1.0E+10	1E-30	1.0E-10	1.0E+10	1E-30	1.0E-10	1.0E+10	1E-30	1.0E-10
46	0.00000000022	1.0E+10	100000000000	1E-30	2.06095279374456E-10	1.0E+10	1E-30	1.0E+10	0.095	1E-30	4.83827046680692E-11	1.04006960761915	2.61980492430005E-09	5.20008973243593E-12	0.133972637226374	3.4123427664977E-10	1.62125393519295E-11	0.56240044449034	6.81052921626979E-11	5.32910677146342E-12	1.13776429937261	1.66417254376572E-12	1.29969587020711E-10	824748801.672243	1.0E+10	1E-30	1.0E-10	1.0E+10	1E-30	1.0E-10	1.0E+10	1E-30	1.0E-10	1.0E+10	1E-30	1.0E-10	1.0E+10	1E-30	1.0E-10	1.0E+10	1E-30	1.0E-10	1.0E+10	1E-30	1.0E-10	1.0E+10	1E-30	1.0E-10	1.0E+10	1E-30	1.0E-10	1.0E+10	1E-30	1.0E-10
47	0.00000000022	1.0E+10	1.0E+10	1E-30	0.00000000015	1.0E+10	1E-30	1.0E+10	0.520442889865125	2.20782760879518E-08	1.0E+10	9.01083391077953	8.2206389297765E-09	1.0E+10	2.97852467058266	4.92568152628962E-08	1.0E+10	1.07704177410067	2.44469274291753E-09	1.0E+10	1.00157273061114	1.25868815991887E-09	1.0E+10	0.505780377252947	6.9600332987544E-11	4.32745888230579E-11	0.796142441389017	1.66132486101597E-12	1.78592022677572E-10	19.9342998197694	1.0E+10	1E-30	1.0E-10	1.0E+10	1E-30	1.0E-10	1.0E+10	1E-30	1.0E-10	1.0E+10	1E-30	1.0E-10	1.0E+10	1E-30	1.0E-10	1.0E+10	1E-30	1.0E-10	1.0E+10	1E-30	1.0E-10	1.0E+10	1E-30	1.0E-10
48	0.00000000022	1.0E+10	1.0E+10	1E-30	0.00000000015	1.0E+10	1E-30	1.0E+10	0.520442889865125	2.20782760879518E-08	1.0E+10	9.01083391077953	8.2206389297765E-09	1.0E+10	2.97852467058266	4.92568152628962E-08	1.0E+10	1.07704177410067	2.44469274291753E-09	1.0E+10	1.00157273061114	1.25868815991887E-09	1.0E+10	0.505780377252947	6.9600332987544E-11	4.32745888230579E-11	0.796142441389017	1.66132486101597E-12	1.78592022677572E-10	19.9342998197694	1.0E+10	1E-30	1.0E-10	1.0E+10	1E-30	1.0E-10	1.0E+10	1E-30	1.0E-10	1.0E+10	1E-30	1.0E-10	1.0E+10	1E-30	1.0E-10	1.0E+10	1E-30	1.0E-10	1.0E+10	1E-30	1.0E-10	1.0E+10	1E-30	1.0E-10
49	0.00000000022	1.0E+10	1.0E+10	1E-30	0.00000000016	1.0E+10	1E-30	1.0E+10	0.482073182857828	6.08621671536355E-09	1.0E+10	87.1668725883178	2.30456384929604E-08	1.0E+10	7.67341836554798	9.32542365414511E-09	1.0E+10	3.1030506981291	2.35721316517832E-09	1.0E+10	1.22760481774908	1.00003222393297E-09	1.0E+10	0.454713756168387	9.22654652422965E-11	3.26441294592112E-11	0.600569009007606	1.90069552813364E-12	1.79522952688314E-10	17.5941643516372	1.0E+10	1E-30	1.0E-10	1.0E+10	1E-30	1.0E-10	1.0E+10	1E-30	1.0E-10	1.0E+10	1E-30	1.0E-10	1.0E+10	1E-30	1.0E-10	1.0E+10	1E-30	1.0E-10	1.0E+10	1E-30	1.0E-10	1.0E+10	1E-30	1.0E-10
50	2.25124458301766E-10	1.0E+10	1.0E+10	1E-30	0.000000000165	1.0E+10	1E-30	1.0E+10	0.528112976059979	6.23770609612299E-09	1.0E+10	85.0499316251408	1.8367859729145E-08	1.0E+10	9.62762282951585	7.71033008584873E-09	1.0E+10	2.75223743246311	1.75302219831973E-09	1.0E+10	1.21051856041865	1.79478841862714E-09	1.0E+10	0.295587196500178	7.67235506901064E-11	3.92568613534236E-11	0.722226467985105	1.90671212682429E-12	1.70130784298992E-10	18.1267051211024	1.0E+10	1E-30	1.0E-10	1.0E+10	1E-30	1.0E-10	1.0E+10	1E-30	1.0E-10	1.0E+10	1E-30	1.0E-10	1.0E+10	1E-30	1.0E-10	1.0E+10	1E-30	1.0E-10	1.0E+10	1E-30	1.0E-10	1.0E+10	1E-30	1.0E-10
51	2.25124458301766E-10	1.0E+10	1.0E+10	1E-30	0.000000000165	1.0E+10	1E-30	1.0E+10	0.528112976059979	6.23770609612299E-09	1.0E+10	85.0499316251408	1.8367859729145E-08	1.0E+10	9.62762282951585	7.71033008584873E-09	1.0E+10	2.75223743246311	1.75302219831973E-09	1.0E+10	1.21051856041865	1.79478841862714E-09	1.0E+10	0.295587196500178	7.67235506901064E-11	3.92568613534236E-11	0.722226467985105	1.90671212682429E-12	1.70130784298992E-10	18.1267051211024	1.0E+10	1E-30	1.0E-10	1.0E+10	1E-30	1.0E-10	1.0E+10	1E-30	1.0E-10	1.0E+10	1E-30	1.0E-10	1.0E+10	1E-30	1.0E-10	1.0E+10	1E-30	1.0E-10	1.0E+10	1E-30	1.0E-10	1.0E+10	1E-30	1.0E-10
52	0.00000000022	1.0E+10	100000000000	1E-30	2.52613697717307E-10	1.0E+10	1E-30	1.0E+10	8.82399654479005E-02	1E-30	3.76562471295589E-11	0.676534208031365	7.45543863999513E-09	1.94473640642641E-12	0.104776833757543	3.63784810945733E-10	1.59150547850901E-11	0.604746406983313	2.83833888183779E-12	9.38073518342886E-11	26.9735705647765	1.0E+10	1E-30	1.0E-10	1.0E+10	1E-30	1.0E-10	1.0E+10	1E-30	1.0E-10	1.0E+10	1E-30	1.0E-10	1.0E+10	1E-30	1.0E-10	1.0E+10	1E-30	1.0E-10	1.0E+10	1E-30	1.0E-10	1.0E+10	1E-30	1.0E-10	1.0E+10	1E-30	1.0E-10	1.0E+10	1E-30	1.0E-10	1.0E+10	1E-30	1.0E-10
53	0.00000000022	1.0E+10	100000000000	1E-30	2.52613697717307E-10	1.0E+10	1E-30	1.0E+10	8.82399654479005E-02	1E-30	3.76562471295589E-11	0.676534208031365	7.45543863999513E-09	1.94473640642641E-12	0.104776833757543	3.63784810945733E-10	1.59150547850901E-11	0.604746406983313	2.83833888183779E-12	9.38073518342886E-11	26.9735705647765	1.0E+10	1E-30	1.0E-10	1.0E+10	1E-30	1.0E-10	1.0E+10	1E-30	1.0E-10	1.0E+10	1E-30	1.0E-10	1.0E+10	1E-30	1.0E-10	1.0E+10	1E-30	1.0E-10	1.0E+10	1E-30	1.0E-10	1.0E+10	1E-30	1.0E-10	1.0E+10	1E-30	1.0E-10	1.0E+10	1E-30	1.0E-10	1.0E+10	1E-30	1.0E-10
54	0.00000000022	1.0E+10	100000000000	1E-30	2.52613697717307E-10	1.0E+10	1E-30	1.0E+10	8.82399654479005E-02	1E-30	3.76562471295589E-11	0.676534208031365	7.45543863999513E-09	1.94473640642641E-12	0.104776833757543	3.63784810945733E-10	1.59150547850901E-11	0.604746406983313	2.83833888183779E-12	9.38073518342886E-11	26.9735705647765	1.0E+10	1E-30	1.0E-10	1.0E+10	1E-30	1.0E-10	1.0E+10	1E-30	1.0E-10	1.0E+10	1E-30	1.0E-10	1.0E+10	1E-30	1.0E-10	1.0E+10	1E-30	1.0E-10	1.0E+10	1E-30	1.0E-10	1.0E+10	1E-30	1.0E-10	1.0E+10	1E-30	1.0E-10	1.0E+10	1E-30	1.0E-10	1.0E+10	1E-30	1.0E-10
55	0.00000000027	1.0E+10	100000000000	1E-30	0.000000000123	1.0E+10	1E-30	1.0E+10	0.1	1E-30	6.58147568023286E-11	2.48115787761594	2.12604419199679E-12	1.32380941750552E-10	1.0E+10	6.72314205288218E-12	4.18625294729823E-11	1.0E+10	1.43954948839421E-11	2.43543090229863E-11	7.55792347651656	4.28996699457988E-10	1.82238990996265E-11	0.562111208487639	3.52097463488213E-09	5.16670127186069E-12	0.130982942795946	1.0E+10	1E-30	1.0E-10	1.0E+10	1E-30	1.0E-10	1.0E+10	1E-30	1.0E-10	1.0E+10	1E-30	1.0E-10	1.0E+10	1E-30	1.0E-10	1.0E+10	1E-30	1.0E-10	1.0E+10	1E-30	1.0E-10	1.0E+10	1E-30	1.0E-10	1.0E+10	1E-30	1.0E-10
56	0.00000000033	1.0E+10	100000000000	1E-30	1.98153778016855E-10	1.0E+10	1E-30	1.0E+10	7.51122076816265E-02	1E-30	6.23811760672933E-11	0.9536973751895	4.12893795421875E-09	5.92264770642547E-12	0.188545180691521	7.02424727385407E-10	1.49625489809783E-11	0.46398372891104	6.026008462725E-11	5.81125558509052E-12	0.777607424863811	2.32571640059326E-12	1.04347809355809E-10	100000	1.0E+10	1E-30	1.0E-10	1.0E+10	1E-30	1.0E-10	1.0E+10	1E-30	1.0E-10	1.0E+10	1E-30	1.0E-10	1.0E+10	1E-30	1.0E-10	1.0E+10	1E-30	1.0E-10	1.0E+10	1E-30	1.0E-10	1.0E+10	1E-30	1.0E-10	1.0E+10	1E-30	1.0E-10	1.0E+10	1E-30	1.0E-10
57	0.00000000034	1.0E+10	1.0E+10	1E-30	0.00000000001	1.0E+10	1E-30	1.0E+10	0.46	3.75626130974847E-09	1.0E+10	282.470484998558	5.29023975204153E-08	1.0E+10	10.0282123653896	1.8433052399197E-08	1.0E+10	3.75400665314209	8.11455288574495E-09	1.0E+10	1.12077255576908	1.69584629251568E-09	1.0E+10	0.647240438021792	2.19605617636728E-10	2.38315042631923E-11	0.352299668186119	1.44841205881817E-12	2.42052894276792E-10	23.8078458359293	2.57651090906884E-12	9.63847013196787E-11	100000	1.0E+10	1E-30	1.0E-10	1.0E+10	1E-30	1.0E-10	1.0E+10	1E-30	1.0E-10	1.0E+10	1E-30	1.0E-10	1.0E+10	1E-30	1.0E-10	1.0E+10	1E-30	1.0E-10	1.0E+10	1E-30	1.0E-10
58	0.00000000034	1.0E+10	1.0E+10	1E-30	0.00000000001	1.0E+10	1E-30	1.0E+10	0.46	3.75626130974847E-09	1.0E+10	282.470484998558	5.29023975204153E-08	1.0E+10	10.0282123653896	1.8433052399197E-08	1.0E+10	3.75400665314209	8.11455288574495E-09	1.0E+10	1.12077255576908	1.69584629251568E-09	1.0E+10	0.647240438021792	2.19605617636728E-10	2.38315042631923E-11	0.352299668186119	1.44841205881817E-12	2.42052894276792E-10	23.8078458359293	2.57651090906884E-12	9.63847013196787E-11	100000	1.0E+10	1E-30	1.0E-10	1.0E+10	1E-30	1.0E-10	1.0E+10	1E-30	1.0E-10	1.0E+10	1E-30	1.0E-10	1.0E+10	1E-30	1.0E-10	1.0E+10	1E-30	1.0E-10	1.0E+10	1E-30	1.0E-10
59	0.00000000034	1.0E+10	1.0E+10	1E-30	0.00000000001	1.0E+10	1E-30	1.0E+10	0.46	3.75626130974847E-09	1.0E+10	282.470484998558	5.29023975204153E-08	1.0E+10	10.0282123653896	1.8433052399197E-08	1.0E+10	3.75400665314209	8.11455288574495E-09	1.0E+10	1.12077255576908	1.69584629251568E-09	1.0E+10	0.647240438021792	2.19605617636728E-10	2.38315042631923E-11	0.352299668186119	1.44841205881817E-12	2.42052894276792E-10	23.8078458359293	2.57651090906884E-12	9.63847013196787E-11	100000	1.0E+10	1E-30	1.0E-10	1.0E+10	1E-30	1.0E-10	1.0E+10	1E-30	1.0E-10	1.0E+10	1E-30	1.0E-10	1.0E+10	1E-30	1.0E-10	1.0E+10	1E-30	1.0E-10	1.0E+10	1E-30	1.0E-10
60	0.00000000039	1.0E+10	100000000000	1E-30	0.000000000158	1.0E+10	1E-30	1.0E+10	0.075	1E-30	4.36801675120368E-11	0.914835289089243	2.35318002568497E-12	1.19603145219585E-10	1.0E+10	1.15389590819269E-11	2.96808768844756E-11	4.871199111408	9.05112868373459E-10	4.82513568305012E-12	0.195377650497281	6.9601272052083E-10	1.96763830942447E-11	0.590172189137159	3.21848242867039E-09	9.50399799910317E-12	0.245931349696579	1.0E+10	1E-30	1.0E-10	1.0E+10	1E-30	1.0E-10	1.0E+10	1E-30	1.0E-10	1.0E+10	1E-30	1.0E-10	1.0E+10	1E-30	1.0E-10	1.0E+10	1E-30	1.0E-10	1.0E+10	1E-30	1.0E-10	1.0E+10	1E-30	1.0E-10	1.0E+10	1E-30	1.0E-10
61	0.00000000047	1.0E+10	100000000000	1E-30	0.00000000013	1.0E+10	1E-30	1.0E+10	5.29062938571426E-02	1E-30	7.92543921792337E-11	0.677281073641942	6.71769320427336E-09	5.61473232170162E-12	0.207117189926581	1.85034004621793E-09	9.34973521699605E-12	0.401684660529288	7.68865626093125E-11	4.5756976705078E-12	1.64425695080452	1.49929698923675E-12	1.25647086500321E-10	100000	1.0E+10	1E-30	1.0E-10	1.0E+10	1E-30	1.0E-10	1.0E+10	1E-30	1.0E-10	1.0E+10	1E-30	1.0E-10	1.0E+10	1E-30	1.0E-10	1.0E+10	1E-30	1.0E-10	1.0E+10	1E-30	1.0E-10	1.0E+10	1E-30	1.0E-10	1.0E+10	1E-30	1.0E-10	1.0E+10	1E-30	1.0E-10
62	4.6379796172127E-10	1.0E+10	1.0E+10	1E-30	0.000000000172	1.0E+10	1E-30	1.0E+10	0.385701243628588	5.05108962810902E-08	1.0E+10	25.6115024812743	3.0568131499156E-08	1.0E+10	5.93555388071761	1.88349485081839E-08	1.0E+10	1.34656897195544	6.9972155493028E-09	1.0E+10	0.498316046641705	3.65141525325982E-09	1.0E+10	0.22189551726208	1.54246146057846E-10	3.09478117017141E-11	0.452259576732858	2.0389984770974E-12	1.70712542126157E-10	16.7149721928309	1.0E+10	1E-30	1.0E-10	1.0E+10	1E-30	1.0E-10	1.0E+10	1E-30	1.0E-10	1.0E+10	1E-30	1.0E-10	1.0E+10	1E-30	1.0E-10	1.0E+10	1E-30	1.0E-10	1.0E+10	1E-30	1.0E-10	1.0E+10	1E-30	1.0E-10
63	4.6379796172127E-10	1.0E+10	1.0E+10	1E-30	0.000000000172	1.0E+10	1E-30	1.0E+10	0.385701243628588	5.05108962810902E-08	1.0E+10	25.6115024812743	3.0568131499156E-08	1.0E+10	5.93555388071761	1.88349485081839E-08	1.0E+10	1.34656897195544	6.9972155493028E-09	1.0E+10	0.498316046641705	3.65141525325982E-09	1.0E+10	0.22189551726208	1.54246146057846E-10	3.09478117017141E-11	0.452259576732858	2.0389984770974E-12	1.70712542126157E-10	16.7149721928309	1.0E+10	1E-30	1.0E-10	1.0E+10	1E-30	1.0E-10	1.0E+10	1E-30	1.0E-10	1.0E+10	1E-30	1.0E-10	1.0E+10	1E-30	1.0E-10	1.0E+10	1E-30	1.0E-10	1.0E+10	1E-30	1.0E-10	1.0E+10	1E-30	1.0E-10
64	4.75726524071926E-10	1.0E+10	1.0E+10	1E-30	0.000000000144	1.0E+10	1E-30	1.0E+10	0.410868097402298	4.70683105949876E-08	1.0E+10	33.8136085786865	3.35786490770526E-08	1.0E+10	5.26640679474243	2.3909977884888E-08	1.0E+10	1.1282074041742	8.900375434174E-09	1.0E+10	0.458508296295705	4.12866474283111E-09	1.0E+10	0.321239740944186	6.24837350842377E-11	4.82033570484117E-11	0.886819249065187	1.91540063717806E-12	1.92450234009833E-10	18.8433741886459	1.0E+10	1E-30	1.0E-10	1.0E+10	1E-30	1.0E-10	1.0E+10	1E-30	1.0E-10	1.0E+10	1E-30	1.0E-10	1.0E+10	1E-30	1.0E-10	1.0E+10	1E-30	1.0E-10	1.0E+10	1E-30	1.0E-10	1.0E+10	1E-30	1.0E-10
65	4.73615698211527E-10	1.0E+10	1.0E+10	1E-30	0.00000000018	1.0E+10	1E-30	1.0E+10	0.402501750477577	6.92047171180272E-09	1.0E+10	459.954031227264	3.84965716842973E-08	1.0E+10	13.7808759004216	2.12617088451038E-08	1.0E+10	2.4146838147967	1.0325301749003E-08	1.0E+10	0.616562874231789	3.7533267561663E-09	1.0E+10	0.353364169600612	6.27085338125631E-11	4.74642825537516E-11	0.897890396652	1.91683881632409E-12	0.00000000017	16.1432172192017	1.0E+10	1E-30	1.0E-10	1.0E+10	1E-30	1.0E-10	1.0E+10	1E-30	1.0E-10	1.0E+10	1E-30	1.0E-10	1.0E+10	1E-30	1.0E-10	1.0E+10	1E-30	1.0E-10	1.0E+10	1E-30	1.0E-10	1.0E+10	1E-30	1.0E-10
66	4.73615698211527E-10	1.0E+10	1.0E+10	1E-30	0.00000000018	1.0E+10	1E-30	1.0E+10	0.402501750477577	6.92047171180272E-09	1.0E+10	459.954031227264	3.84965716842973E-08	1.0E+10	13.7808759004216	2.12617088451038E-08	1.0E+10	2.4146838147967	1.0325301749003E-08	1.0E+10	0.616562874231789	3.7533267561663E-09	1.0E+10	0.353364169600612	6.27085338125631E-11	4.74642825537516E-11	0.897890396652	1.91683881632409E-12	0.00000000017	16.1432172192017	1.0E+10	1E-30	1.0E-10	1.0E+10	1E-30	1.0E-10	1.0E+10	1E-30	1.0E-10	1.0E+10	1E-30	1.0E-10	1.0E+10	1E-30	1.0E-10	1.0E+10	1E-30	1.0E-10	1.0E+10	1E-30	1.0E-10	1.0E+10	1E-30	1.0E-10
67	0.00000000062	1.0E+10	100000000000	1E-30	2.79420282466774E-10	1.0E+10	1E-30	1.0E+10	5.45610400465363E-02	1E-30	3.2380140088147E-11	1.00299827703112	4.0926143273376E-09	1.11225442124025E-11	0.2815477945334	1.03230111514456E-09	1.88453697172087E-11	0.513249118295702	3.56820432995076E-10	1.54486934881315E-11	0.279070602481786	1.0E+10	1E-30	1.0E-10	1.0E+10	1E-30	1.0E-10	1.0E+10	1E-30	1.0E-10	1.0E+10	1E-30	1.0E-10	1.0E+10	1E-30	1.0E-10	1.0E+10	1E-30	1.0E-10	1.0E+10	1E-30	1.0E-10	1.0E+10	1E-30	1.0E-10	1.0E+10	1E-30	1.0E-10	1.0E+10	1E-30	1.0E-10	1.0E+10	1E-30	1.0E-10
68	0.00000000062	1.0E+10	100000000000	1E-30	2.79420282466774E-10	1.0E+10	1E-30	1.0E+10	5.45610400465363E-02	1E-30	3.2380140088147E-11	1.00299827703112	4.0926143273376E-09	1.11225442124025E-11	0.2815477945334	1.03230111514456E-09	1.88453697172087E-11	0.513249118295702	3.56820432995076E-10	1.54486934881315E-11	0.279070602481786	1.0E+10	1E-30	1.0E-10	1.0E+10	1E-30	1.0E-10	1.0E+10	1E-30	1.0E-10	1.0E+10	1E-30	1.0E-10	1.0E+10	1E-30	1.0E-10	1.0E+10	1E-30	1.0E-10	1.0E+10	1E-30	1.0E-10	1.0E+10	1E-30	1.0E-10	1.0E+10	1E-30	1.0E-10	1.0E+10	1E-30	1.0E-10	1.0E+10	1E-30	1.0E-10
69	0.00000000062	1.0E+10	100000000000	1E-30	2.79420282466774E-10	1.0E+10	1E-30	1.0E+10	5.45610400465363E-02	1E-30	3.2380140088147E-11	1.00299827703112	4.0926143273376E-09	1.11225442124025E-11	0.2815477945334	1.03230111514456E-09	1.88453697172087E-11	0.513249118295702	3.56820432995076E-10	1.54486934881315E-11	0.279070602481786	1.0E+10	1E-30	1.0E-10	1.0E+10	1E-30	1.0E-10	1.0E+10	1E-30	1.0E-10	1.0E+10	1E-30	1.0E-10	1.0E+10	1E-30	1.0E-10	1.0E+10	1E-30	1.0E-10	1.0E+10	1E-30	1.0E-10	1.0E+10	1E-30	1.0E-10	1.0E+10	1E-30	1.0E-10	1.0E+10	1E-30	1.0E-10	1.0E+10	1E-30	1.0E-10
70	0.00000000062	1.0E+10	100000000000	1E-30	2.79420282466774E-10	1.0E+10	1E-30	1.0E+10	5.45610400465363E-02	1E-30	3.2380140088147E-11	1.00299827703112	4.0926143273376E-09	1.11225442124025E-11	0.2815477945334	1.03230111514456E-09	1.88453697172087E-11	0.513249118295702	3.56820432995076E-10	1.54486934881315E-11	0.279070602481786	1.0E+10	1E-30	1.0E-10	1.0E+10	1E-30	1.0E-10	1.0E+10	1E-30	1.0E-10	1.0E+10	1E-30	1.0E-10	1.0E+10	1E-30	1.0E-10	1.0E+10	1E-30	1.0E-10	1.0E+10	1E-30	1.0E-10	1.0E+10	1E-30	1.0E-10	1.0E+10	1E-30	1.0E-10	1.0E+10	1E-30	1.0E-10	1.0E+10	1E-30	1.0E-10
71	0.00000000062	1.0E+10	100000000000	1E-30	2.79420282466774E-10	1.0E+10	1E-30	1.0E+10	5.45610400465363E-02	1E-30	3.2380140088147E-11	1.00299827703112	4.0926143273376E-09	1.11225442124025E-11	0.2815477945334	1.03230111514456E-09	1.88453697172087E-11	0.513249118295702	3.56820432995076E-10	1.54486934881315E-11	0.279070602481786	1.0E+10	1E-30	1.0E-10	1.0E+10	1E-30	1.0E-10	1.0E+10	1E-30	1.0E-10	1.0E+10	1E-30	1.0E-10	1.0E+10	1E-30	1.0E-10	1.0E+10	1E-30	1.0E-10	1.0E+10	1E-30	1.0E-10	1.0E+10	1E-30	1.0E-10	1.0E+10	1E-30	1.0E-10	1.0E+10	1E-30	1.0E-10	1.0E+10	1E-30	1.0E-10
72	0.00000000062	1.0E+10	100000000000	1E-30	2.79420282466774E-10	1.0E+10	1E-30	1.0E+10	5.45610400465363E-02	1E-30	3.2380140088147E-11	1.00299827703112	4.0926143273376E-09	1.11225442124025E-11	0.2815477945334	1.03230111514456E-09	1.88453697172087E-11	0.513249118295702	3.56820432995076E-10	1.54486934881315E-11	0.279070602481786	1.0E+10	1E-30	1.0E-10	1.0E+10	1E-30	1.0E-10	1.0E+10	1E-30	1.0E-10	1.0E+10	1E-30	1.0E-10	1.0E+10	1E-30	1.0E-10	1.0E+10	1E-30	1.0E-10	1.0E+10	1E-30	1.0E-10	1.0E+10	1E-30	1.0E-10	1.0E+10	1E-30	1.0E-10	1.0E+10	1E-30	1.0E-10	1.0E+10	1E-30	1.0E-10
73	6.60370837580278E-10	1.0E+10	1.0E+10	1E-30	2.13106809409566E-10	1.0E+10	1E-30	1.0E+10	0.396452533988088	2.77767323867643E-08	1.0E+10	16.5958690743756	4.65158540793532E-08	1.0E+10	2.22442229830163	2.44268142036614E-08	1.0E+10	0.755018804326176	7.70835957400747E-09	1.0E+10	0.285728461039481	2.52566089268853E-10	2.46648947626082E-11	0.312514970644181	3.70790956111937E-12	1.1350620298466E-10	6.43335669927334	1.0E+10	1E-30	1.0E-10	1.0E+10	1E-30	1.0E-10	1.0E+10	1E-30	1.0E-10	1.0E+10	1E-30	1.0E-10	1.0E+10	1E-30	1.0E-10	1.0E+10	1E-30	1.0E-10	1.0E+10	1E-30	1.0E-10	1.0E+10	1E-30	1.0E-10	1.0E+10	1E-30	1.0E-10
74	6.60370837580278E-10	1.0E+10	1.0E+10	1E-30	2.13106809409566E-10	1.0E+10	1E-30	1.0E+10	0.396452533988088	2.77767323867643E-08	1.0E+10	16.5958690743756	4.65158540793532E-08	1.0E+10	2.22442229830163	2.44268142036614E-08	1.0E+10	0.755018804326176	7.70835957400747E-09	1.0E+10	0.285728461039481	2.52566089268853E-10	2.46648947626082E-11	0.312514970644181	3.70790956111937E-12	1.1350620298466E-10	6.43335669927334	1.0E+10	1E-30	1.0E-10	1.0E+10	1E-30	1.0E-10	1.0E+10	1E-30	1.0E-10	1.0E+10	1E-30	1.0E-10	1.0E+10	1E-30	1.0E-10	1.0E+10	1E-30	1.0E-10	1.0E+10	1E-30	1.0E-10	1.0E+10	1E-30	1.0E-10	1.0E+10	1E-30	1.0E-10
75	6.60370837580278E-10	1.0E+10	1.0E+10	1E-30	2.13106809409566E-10	1.0E+10	1E-30	1.0E+10	0.396452533988088	2.77767323867643E-08	1.0E+10	16.5958690743756	4.65158540793532E-08	1.0E+10	2.22442229830163	2.44268142036614E-08	1.0E+10	0.755018804326176	7.70835957400747E-09	1.0E+10	0.285728461039481	2.52566089268853E-10	2.46648947626082E-11	0.312514970644181	3.70790956111937E-12	1.1350620298466E-10	6.43335669927334	1.0E+10	1E-30	1.0E-10	1.0E+10	1E-30	1.0E-10	1.0E+10	1E-30	1.0E-10	1.0E+10	1E-30	1.0E-10	1.0E+10	1E-30	1.0E-10	1.0E+10	1E-30	1.0E-10	1.0E+10	1E-30	1.0E-10	1.0E+10	1E-30	1.0E-10	1.0E+10	1E-30	1.0E-10
76	0.00000000068	1.0E+10	100000000000	1E-30	2.78671642404862E-10	1.0E+10	1E-30	1.0E+10	5.20030973253547E-02	1E-30	3.64943608057038E-11	0.772327707501811	5.11108421683087E-09	9.69712748647589E-12	0.266434573727971	1.09566990359575E-09	1.90008013062291E-11	0.533706669494134	6.62211711525027E-10	9.26386082437903E-12	0.21801988261431	6.55185602440196E-11	3.52181445549802E-12	0.659624039241665	1.0E+10	1E-30	1.0E-10	1.0E+10	1E-30	1.0E-10	1.0E+10	1E-30	1.0E-10	1.0E+10	1E-30	1.0E-10	1.0E+10	1E-30	1.0E-10	1.0E+10	1E-30	1.0E-10	1.0E+10	1E-30	1.0E-10	1.0E+10	1E-30	1.0E-10	1.0E+10	1E-30	1.0E-10	1.0E+10	1E-30	1.0E-10
77	0.00000000068	1.0E+10	100000000000	1E-30	2.78671642404862E-10	1.0E+10	1E-30	1.0E+10	5.20030973253547E-02	1E-30	3.64943608057038E-11	0.772327707501811	5.11108421683087E-09	9.69712748647589E-12	0.266434573727971	1.09566990359575E-09	1.90008013062291E-11	0.533706669494134	6.62211711525027E-10	9.26386082437903E-12	0.21801988261431	6.55185602440196E-11	3.52181445549802E-12	0.659624039241665	1.0E+10	1E-30	1.0E-10	1.0E+10	1E-30	1.0E-10	1.0E+10	1E-30	1.0E-10	1.0E+10	1E-30	1.0E-10	1.0E+10	1E-30	1.0E-10	1.0E+10	1E-30	1.0E-10	1.0E+10	1E-30	1.0E-10	1.0E+10	1E-30	1.0E-10	1.0E+10	1E-30	1.0E-10	1.0E+10	1E-30	1.0E-10
78	0.00000000068	1.0E+10	100000000000	1E-30	2.78671642404862E-10	1.0E+10	1E-30	1.0E+10	5.20030973253547E-02	1E-30	3.64943608057038E-11	0.772327707501811	5.11108421683087E-09	9.69712748647589E-12	0.266434573727971	1.09566990359575E-09	1.90008013062291E-11	0.533706669494134	6.62211711525027E-10	9.26386082437903E-12	0.21801988261431	6.55185602440196E-11	3.52181445549802E-12	0.659624039241665	1.0E+10	1E-30	1.0E-10	1.0E+10	1E-30	1.0E-10	1.0E+10	1E-30	1.0E-10	1.0E+10	1E-30	1.0E-10	1.0E+10	1E-30	1.0E-10	1.0E+10	1E-30	1.0E-10	1.0E+10	1E-30	1.0E-10	1.0E+10	1E-30	1.0E-10	1.0E+10	1E-30	1.0E-10	1.0E+10	1E-30	1.0E-10
79	0.00000000068	1.0E+10	100000000000	1E-30	2.78671642404862E-10	1.0E+10	1E-30	1.0E+10	5.20030973253547E-02	1E-30	3.64943608057038E-11	0.772327707501811	5.11108421683087E-09	9.69712748647589E-12	0.266434573727971	1.09566990359575E-09	1.90008013062291E-11	0.533706669494134	6.62211711525027E-10	9.26386082437903E-12	0.21801988261431	6.55185602440196E-11	3.52181445549802E-12	0.659624039241665	1.0E+10	1E-30	1.0E-10	1.0E+10	1E-30	1.0E-10	1.0E+10	1E-30	1.0E-10	1.0E+10	1E-30	1.0E-10	1.0E+10	1E-30	1.0E-10	1.0E+10	1E-30	1.0E-10	1.0E+10	1E-30	1.0E-10	1.0E+10	1E-30	1.0E-10	1.0E+10	1E-30	1.0E-10	1.0E+10	1E-30	1.0E-10
80	0.00000000068	1.0E+10	100000000000	1E-30	2.78671642404862E-10	1.0E+10	1E-30	1.0E+10	5.20030973253547E-02	1E-30	3.64943608057038E-11	0.772327707501811	5.11108421683087E-09	9.69712748647589E-12	0.266434573727971	1.09566990359575E-09	1.90008013062291E-11	0.533706669494134	6.62211711525027E-10	9.26386082437903E-12	0.21801988261431	6.55185602440196E-11	3.52181445549802E-12	0.659624039241665	1.0E+10	1E-30	1.0E-10	1.0E+10	1E-30	1.0E-10	1.0E+10	1E-30	1.0E-10	1.0E+10	1E-30	1.0E-10	1.0E+10	1E-30	1.0E-10	1.0E+10	1E-30	1.0E-10	1.0E+10	1E-30	1.0E-10	1.0E+10	1E-30	1.0E-10	1.0E+10	1E-30	1.0E-10	1.0E+10	1E-30	1.0E-10
81	0.00000000068	1.0E+10	100000000000	1E-30	2.78671642404862E-10	1.0E+10	1E-30	1.0E+10	5.20030973253547E-02	1E-30	3.64943608057038E-11	0.772327707501811	5.11108421683087E-09	9.69712748647589E-12	0.266434573727971	1.09566990359575E-09	1.90008013062291E-11	0.533706669494134	6.62211711525027E-10	9.26386082437903E-12	0.21801988261431	6.55185602440196E-11	3.52181445549802E-12	0.659624039241665	1.0E+10	1E-30	1.0E-10	1.0E+10	1E-30	1.0E-10	1.0E+10	1E-30	1.0E-10	1.0E+10	1E-30	1.0E-10	1.0E+10	1E-30	1.0E-10	1.0E+10	1E-30	1.0E-10	1.0E+10	1E-30	1.0E-10	1.0E+10	1E-30	1.0E-10	1.0E+10	1E-30	1.0E-10	1.0E+10	1E-30	1.0E-10
82	0.00000000082	1.0E+10	100000000000	1E-30	2.34757217205335E-10	1.0E+10	1E-30	1.0E+10	4.68148176857352E-02	1E-30	4.04930812863113E-11	0.767745457422804	5.48352164294376E-09	1.1621232875358E-11	0.382115127217389	1.60905355741366E-09	1.80237747906779E-11	0.501385998075853	8.07468485756675E-10	1.14439103655016E-11	0.211825885857057	1.1305776416017E-10	2.70732173745182E-12	0.400425925702566	1.0E+10	1E-30	1.0E-10	1.0E+10	1E-30	1.0E-10	1.0E+10	1E-30	1.0E-10	1.0E+10	1E-30	1.0E-10	1.0E+10	1E-30	1.0E-10	1.0E+10	1E-30	1.0E-10	1.0E+10	1E-30	1.0E-10	1.0E+10	1E-30	1.0E-10	1.0E+10	1E-30	1.0E-10	1.0E+10	1E-30	1.0E-10
83	0.00000000082	1.0E+10	100000000000	1E-30	2.34757217205335E-10	1.0E+10	1E-30	1.0E+10	4.68148176857352E-02	1E-30	4.04930812863113E-11	0.767745457422804	5.48352164294376E-09	1.1621232875358E-11	0.382115127217389	1.60905355741366E-09	1.80237747906779E-11	0.501385998075853	8.07468485756675E-10	1.14439103655016E-11	0.211825885857057	1.1305776416017E-10	2.70732173745182E-12	0.400425925702566	1.0E+10	1E-30	1.0E-10	1.0E+10	1E-30	1.0E-10	1.0E+10	1E-30	1.0E-10	1.0E+10	1E-30	1.0E-10	1.0E+10	1E-30	1.0E-10	1.0E+10	1E-30	1.0E-10	1.0E+10	1E-30	1.0E-10	1.0E+10	1E-30	1.0E-10	1.0E+10	1E-30	1.0E-10	1.0E+10	1E-30	1.0E-10
84	0.00000000082	1.0E+10	100000000000	1E-30	2.34757217205335E-10	1.0E+10	1E-30	1.0E+10	4.68148176857352E-02	1E-30	4.04930812863113E-11	0.767745457422804	5.48352164294376E-09	1.1621232875358E-11	0.382115127217389	1.60905355741366E-09	1.80237747906779E-11	0.501385998075853	8.07468485756675E-10	1.14439103655016E-11	0.211825885857057	1.1305776416017E-10	2.70732173745182E-12	0.400425925702566	1.0E+10	1E-30	1.0E-10	1.0E+10	1E-30	1.0E-10	1.0E+10	1E-30	1.0E-10	1.0E+10	1E-30	1.0E-10	1.0E+10	1E-30	1.0E-10	1.0E+10	1E-30	1.0E-10	1.0E+10	1E-30	1.0E-10	1.0E+10	1E-30	1.0E-10	1.0E+10	1E-30	1.0E-10	1.0E+10	1E-30	1.0E-10
85	0.00000000082	1.0E+10	100000000000	1E-30	2.34757217205335E-10	1.0E+10	1E-30	1.0E+10	4.68148176857352E-02	1E-30	4.04930812863113E-11	0.767745457422804	5.48352164294376E-09	1.1621232875358E-11	0.382115127217389	1.60905355741366E-09	1.80237747906779E-11	0.501385998075853	8.07468485756675E-10	1.14439103655016E-11	0.211825885857057	1.1305776416017E-10	2.70732173745182E-12	0.400425925702566	1.0E+10	1E-30	1.0E-10	1.0E+10	1E-30	1.0E-10	1.0E+10	1E-30	1.0E-10	1.0E+10	1E-30	1.0E-10	1.0E+10	1E-30	1.0E-10	1.0E+10	1E-30	1.0E-10	1.0E+10	1E-30	1.0E-10	1.0E+10	1E-30	1.0E-10	1.0E+10	1E-30	1.0E-10	1.0E+10	1E-30	1.0E-10
86	0.00000000082	1.0E+10	100000000000	1E-30	2.34757217205335E-10	1.0E+10	1E-30	1.0E+10	4.68148176857352E-02	1E-30	4.04930812863113E-11	0.767745457422804	5.48352164294376E-09	1.1621232875358E-11	0.382115127217389	1.60905355741366E-09	1.80237747906779E-11	0.501385998075853	8.07468485756675E-10	1.14439103655016E-11	0.211825885857057	1.1305776416017E-10	2.70732173745182E-12	0.400425925702566	1.0E+10	1E-30	1.0E-10	1.0E+10	1E-30	1.0E-10	1.0E+10	1E-30	1.0E-10	1.0E+10	1E-30	1.0E-10	1.0E+10	1E-30	1.0E-10	1.0E+10	1E-30	1.0E-10	1.0E+10	1E-30	1.0E-10	1.0E+10	1E-30	1.0E-10	1.0E+10	1E-30	1.0E-10	1.0E+10	1E-30	1.0E-10
87	0.00000000082	1.0E+10	100000000000	1E-30	2.34757217205335E-10	1.0E+10	1E-30	1.0E+10	4.68148176857352E-02	1E-30	4.04930812863113E-11	0.767745457422804	5.48352164294376E-09	1.1621232875358E-11	0.382115127217389	1.60905355741366E-09	1.80237747906779E-11	0.501385998075853	8.07468485756675E-10	1.14439103655016E-11	0.211825885857057	1.1305776416017E-10	2.70732173745182E-12	0.400425925702566	1.0E+10	1E-30	1.0E-10	1.0E+10	1E-30	1.0E-10	1.0E+10	1E-30	1.0E-10	1.0E+10	1E-30	1.0E-10	1.0E+10	1E-30	1.0E-10	1.0E+10	1E-30	1.0E-10	1.0E+10	1E-30	1.0E-10	1.0E+10	1E-30	1.0E-10	1.0E+10	1E-30	1.0E-10	1.0E+10	1E-30	1.0E-10
88	1.00856668387992E-09	1.0E+10	1.0E+10	1E-30	1.44676703981414E-10	1.0E+10	1E-30	1.0E+10	0.245400631009476	2.89484783426526E-08	1.0E+10	109.95738097736	7.87098823689998E-08	1.0E+10	3.37007540225934	5.50038589481492E-08	1.0E+10	1.03340115023259	2.93302921471443E-08	1.0E+10	0.387592805547848	1.0186420647356E-08	1.0E+10	0.173602516310342	1E-30	4.07832710447173E-11	0.549104677300479	1.85282304786454E-09	1.12985041263655E-11	0.12055946680009	2.04178450309505E-12	1.58833736227939E-10	21.6405984768019	1.0E+10	1E-30	1.0E-10	1.0E+10	1E-30	1.0E-10	1.0E+10	1E-30	1.0E-10	1.0E+10	1E-30	1.0E-10	1.0E+10	1E-30	1.0E-10	1.0E+10	1E-30	1.0E-10	1.0E+10	1E-30	1.0E-10
89	1.00856668387992E-09	1.0E+10	1.0E+10	1E-30	1.44676703981414E-10	1.0E+10	1E-30	1.0E+10	0.245400631009476	2.89484783426526E-08	1.0E+10	109.95738097736	7.87098823689998E-08	1.0E+10	3.37007540225934	5.50038589481492E-08	1.0E+10	1.03340115023259	2.93302921471443E-08	1.0E+10	0.387592805547848	1.0186420647356E-08	1.0E+10	0.173602516310342	1E-30	4.07832710447173E-11	0.549104677300479	1.85282304786454E-09	1.12985041263655E-11	0.12055946680009	2.04178450309505E-12	1.58833736227939E-10	21.6405984768019	1.0E+10	1E-30	1.0E-10	1.0E+10	1E-30	1.0E-10	1.0E+10	1E-30	1.0E-10	1.0E+10	1E-30	1.0E-10	1.0E+10	1E-30	1.0E-10	1.0E+10	1E-30	1.0E-10	1.0E+10	1E-30	1.0E-10
90	1.00856668387992E-09	1.0E+10	1.0E+10	1E-30	1.44676703981414E-10	1.0E+10	1E-30	1.0E+10	0.245400631009476	2.89484783426526E-08	1.0E+10	109.95738097736	7.87098823689998E-08	1.0E+10	3.37007540225934	5.50038589481492E-08	1.0E+10	1.03340115023259	2.93302921471443E-08	1.0E+10	0.387592805547848	1.0186420647356E-08	1.0E+10	0.173602516310342	1E-30	4.07832710447173E-11	0.549104677300479	1.85282304786454E-09	1.12985041263655E-11	0.12055946680009	2.04178450309505E-12	1.58833736227939E-10	21.6405984768019	1.0E+10	1E-30	1.0E-10	1.0E+10	1E-30	1.0E-10	1.0E+10	1E-30	1.0E-10	1.0E+10	1E-30	1.0E-10	1.0E+10	1E-30	1.0E-10	1.0E+10	1E-30	1.0E-10	1.0E+10	1E-30	1.0E-10
91	9.75175611148657E-10	1.0E+10	1.0E+10	1E-30	0.000000000175	1.0E+10	1E-30	1.0E+10	0.243454988799894	1.63686284619027E-07	1.0E+10	10.2272967916153	7.97816903108638E-08	1.0E+10	3.31853875594611	3.93913389424904E-08	1.0E+10	0.876933603137093	1.64387392184596E-08	1.0E+10	0.265190441217397	1.0134898324101E-08	1.0E+10	7.81635338852002E-02	1E-30	1.82925929500338E-11	0.595576165588232	9.65004061842744E-10	1.82284033474936E-11	0.195383556473379	2.1951185201022E-12	1.35295763413159E-10	12.3061927881385	1.0E+10	1E-30	1.0E-10	1.0E+10	1E-30	1.0E-10	1.0E+10	1E-30	1.0E-10	1.0E+10	1E-30	1.0E-10	1.0E+10	1E-30	1.0E-10	1.0E+10	1E-30	1.0E-10	1.0E+10	1E-30	1.0E-10
92	9.75175611148657E-10	1.0E+10	1.0E+10	1E-30	0.000000000175	1.0E+10	1E-30	1.0E+10	0.243454988799894	1.63686284619027E-07	1.0E+10	10.2272967916153	7.97816903108638E-08	1.0E+10	3.31853875594611	3.93913389424904E-08	1.0E+10	0.876933603137093	1.64387392184596E-08	1.0E+10	0.265190441217397	1.0134898324101E-08	1.0E+10	7.81635338852002E-02	1E-30	1.82925929500338E-11	0.595576165588232	9.65004061842744E-10	1.82284033474936E-11	0.195383556473379	2.1951185201022E-12	1.35295763413159E-10	12.3061927881385	1.0E+10	1E-30	1.0E-10	1.0E+10	1E-30	1.0E-10	1.0E+10	1E-30	1.0E-10	1.0E+10	1E-30	1.0E-10	1.0E+10	1E-30	1.0E-10	1.0E+10	1E-30	1.0E-10	1.0E+10	1E-30	1.0E-10
93	9.77237220955811E-10	1.0E+10	100000000000	1E-30	2.14459359839186E-10	1.0E+10	1E-30	1.0E+10	6.26241277358256E-03	1E-30	4.61917219564415E-11	0.510526877440269	1E-30	1.65211539240424E-11	2.04367026351323E-02	1E-30	8.1652735860847E-11	1.17590042382083E-02	5.95884392876992E-09	1.37984685193589E-11	0.331180326373594	2.1808630015656E-09	1.73455619236225E-11	0.534103033107721	7.84611035116729E-09	2.15962104515713E-12	6.47691967643747E-02	2.6091573696595E-09	4.4184738228582E-12	0.143060863691201	5.3233729561637E-11	5.05351389365038E-12	0.405747505379068	1.0E+10	1E-30	1.0E-10	1.0E+10	1E-30	1.0E-10	1.0E+10	1E-30	1.0E-10	1.0E+10	1E-30	1.0E-10	1.0E+10	1E-30	1.0E-10	1.0E+10	1E-30	1.0E-10	1.0E+10	1E-30	1.0E-10
94	9.77237220955811E-10	1.0E+10	100000000000	1E-30	2.14459359839186E-10	1.0E+10	1E-30	1.0E+10	6.26241277358256E-03	1E-30	4.61917219564415E-11	0.510526877440269	1E-30	1.65211539240424E-11	2.04367026351323E-02	1E-30	8.1652735860847E-11	1.17590042382083E-02	5.95884392876992E-09	1.37984685193589E-11	0.331180326373594	2.1808630015656E-09	1.73455619236225E-11	0.534103033107721	7.84611035116729E-09	2.15962104515713E-12	6.47691967643747E-02	2.6091573696595E-09	4.4184738228582E-12	0.143060863691201	5.3233729561637E-11	5.05351389365038E-12	0.405747505379068	1.0E+10	1E-30	1.0E-10	1.0E+10	1E-30	1.0E-10	1.0E+10	1E-30	1.0E-10	1.0E+10	1E-30	1.0E-10	1.0E+10	1E-30	1.0E-10	1.0E+10	1E-30	1.0E-10	1.0E+10	1E-30	1.0E-10
95	9.77237220955811E-10	1.0E+10	100000000000	1E-30	2.14459359839186E-10	1.0E+10	1E-30	1.0E+10	6.26241277358256E-03	1E-30	4.61917219564415E-11	0.510526877440269	1E-30	1.65211539240424E-11	2.04367026351323E-02	1E-30	8.1652735860847E-11	1.17590042382083E-02	5.95884392876992E-09	1.37984685193589E-11	0.331180326373594	2.1808630015656E-09	1.73455619236225E-11	0.534103033107721	7.84611035116729E-09	2.15962104515713E-12	6.47691967643747E-02	2.6091573696595E-09	4.4184738228582E-12	0.143060863691201	5.3233729561637E-11	5.05351389365038E-12	0.405747505379068	1.0E+10	1E-30	1.0E-10	1.0E+10	1E-30	1.0E-10	1.0E+10	1E-30	1.0E-10	1.0E+10	1E-30	1.0E-10	1.0E+10	1E-30	1.0E-10	1.0E+10	1E-30	1.0E-10	1.0E+10	1E-30	1.0E-10
96	9.77237220955811E-10	1.0E+10	100000000000	1E-30	2.14459359839186E-10	1.0E+10	1E-30	1.0E+10	6.26241277358256E-03	1E-30	4.61917219564415E-11	0.510526877440269	1E-30	1.65211539240424E-11	2.04367026351323E-02	1E-30	8.1652735860847E-11	1.17590042382083E-02	5.95884392876992E-09	1.37984685193589E-11	0.331180326373594	2.1808630015656E-09	1.73455619236225E-11	0.534103033107721	7.84611035116729E-09	2.15962104515713E-12	6.47691967643747E-02	2.6091573696595E-09	4.4184738228582E-12	0.143060863691201	5.3233729561637E-11	5.05351389365038E-12	0.405747505379068	1.0E+10	1E-30	1.0E-10	1.0E+10	1E-30	1.0E-10	1.0E+10	1E-30	1.0E-10	1.0E+10	1E-30	1.0E-10	1.0E+10	1E-30	1.0E-10	1.0E+10	1E-30	1.0E-10	1.0E+10	1E-30	1.0E-10
97	9.77237220955811E-10	1.0E+10	100000000000	1E-30	2.14459359839186E-10	1.0E+10	1E-30	1.0E+10	6.26241277358256E-03	1E-30	4.61917219564415E-11	0.510526877440269	1E-30	1.65211539240424E-11	2.04367026351323E-02	1E-30	8.1652735860847E-11	1.17590042382083E-02	5.95884392876992E-09	1.37984685193589E-11	0.331180326373594	2.1808630015656E-09	1.73455619236225E-11	0.534103033107721	7.84611035116729E-09	2.15962104515713E-12	6.47691967643747E-02	2.6091573696595E-09	4.4184738228582E-12	0.143060863691201	5.3233729561637E-11	5.05351389365038E-12	0.405747505379068	1.0E+10	1E-30	1.0E-10	1.0E+10	1E-30	1.0E-10	1.0E+10	1E-30	1.0E-10	1.0E+10	1E-30	1.0E-10	1.0E+10	1E-30	1.0E-10	1.0E+10	1E-30	1.0E-10	1.0E+10	1E-30	1.0E-10
98	9.77237220955811E-10	1.0E+10	100000000000	1E-30	2.14459359839186E-10	1.0E+10	1E-30	1.0E+10	6.26241277358256E-03	1E-30	4.61917219564415E-11	0.510526877440269	1E-30	1.65211539240424E-11	2.04367026351323E-02	1E-30	8.1652735860847E-11	1.17590042382083E-02	5.95884392876992E-09	1.37984685193589E-11	0.331180326373594	2.1808630015656E-09	1.73455619236225E-11	0.534103033107721	7.84611035116729E-09	2.15962104515713E-12	6.47691967643747E-02	2.6091573696595E-09	4.4184738228582E-12	0.143060863691201	5.3233729561637E-11	5.05351389365038E-12	0.405747505379068	1.0E+10	1E-30	1.0E-10	1.0E+10	1E-30	1.0E-10	1.0E+10	1E-30	1.0E-10	1.0E+10	1E-30	1.0E-10	1.0E+10	1E-30	1.0E-10	1.0E+10	1E-30	1.0E-10	1.0E+10	1E-30	1.0E-10
99	1.54604356684644E-09	1.0E+10	1.0E+10	1E-30	5.57350038774896E-11	1.0E+10	1E-30	1.0E+10	0.21	2.34228116547509E-08	1.0E+10	113.247821139649	9.5418321452061E-08	1.0E+10	1.8533005293591	5.85541544358786E-08	1.0E+10	0.427732677982858	2.55620142044477E-08	1.0E+10	0.137054267665495	1E-30	3.7107464421426E-11	2.76742563218932	1E-30	2.67762381365458E-11	0.336480132082173	1.62340820269575E-09	1.40291885877368E-11	0.100550819538421	2.90996875324316E-12	1.20479757918916E-10	13.5838390585666	2.56894500809246E-12	9.02163565525086E-11	100000	1.0E+10	1E-30	1.0E-10	1.0E+10	1E-30	1.0E-10	1.0E+10	1E-30	1.0E-10	1.0E+10	1E-30	1.0E-10	1.0E+10	1E-30	1.0E-10	1.0E+10	1E-30	1.0E-10
100	1.54604356684644E-09	1.0E+10	1.0E+10	1E-30	5.57350038774896E-11	1.0E+10	1E-30	1.0E+10	0.21	2.34228116547509E-08	1.0E+10	113.247821139649	9.5418321452061E-08	1.0E+10	1.8533005293591	5.85541544358786E-08	1.0E+10	0.427732677982858	2.55620142044477E-08	1.0E+10	0.137054267665495	1E-30	3.7107464421426E-11	2.76742563218932	1E-30	2.67762381365458E-11	0.336480132082173	1.62340820269575E-09	1.40291885877368E-11	0.100550819538421	2.90996875324316E-12	1.20479757918916E-10	13.5838390585666	2.56894500809246E-12	9.02163565525086E-11	100000	1.0E+10	1E-30	1.0E-10	1.0E+10	1E-30	1.0E-10	1.0E+10	1E-30	1.0E-10	1.0E+10	1E-30	1.0E-10	1.0E+10	1E-30	1.0E-10	1.0E+10	1E-30	1.0E-10
101	1.54604356684644E-09	1.0E+10	1.0E+10	1E-30	5.57350038774896E-11	1.0E+10	1E-30	1.0E+10	0.21	2.34228116547509E-08	1.0E+10	113.247821139649	9.5418321452061E-08	1.0E+10	1.8533005293591	5.85541544358786E-08	1.0E+10	0.427732677982858	2.55620142044477E-08	1.0E+10	0.137054267665495	1E-30	3.7107464421426E-11	2.76742563218932	1E-30	2.67762381365458E-11	0.336480132082173	1.62340820269575E-09	1.40291885877368E-11	0.100550819538421	2.90996875324316E-12	1.20479757918916E-10	13.5838390585666	2.56894500809246E-12	9.02163565525086E-11	100000	1.0E+10	1E-30	1.0E-10	1.0E+10	1E-30	1.0E-10	1.0E+10	1E-30	1.0E-10	1.0E+10	1E-30	1.0E-10	1.0E+10	1E-30	1.0E-10	1.0E+10	1E-30	1.0E-10
102	2.14690959302802E-09	1.0E+10	1.0E+10	1E-30	0.000000000196	1.0E+10	1E-30	1.0E+10	0.165407204063842	1.19432883137277E-07	1.0E+10	13.3258897308006	1.22513579696023E-07	1.0E+10	1.12122442442431	7.3959121556523E-08	1.0E+10	0.215193122555223	2.16595967119947E-08	1.0E+10	9.18501306881202E-02	1E-30	3.52237802009369E-11	0.331976307332775	1.84713771903946E-09	2.43791443974136E-11	0.137860813691495	3.04650964525242E-12	1.03780854580589E-10	15.3531482338763	1.0E+10	1E-30	1.0E-10	1.0E+10	1E-30	1.0E-10	1.0E+10	1E-30	1.0E-10	1.0E+10	1E-30	1.0E-10	1.0E+10	1E-30	1.0E-10	1.0E+10	1E-30	1.0E-10	1.0E+10	1E-30	1.0E-10	1.0E+10	1E-30	1.0E-10
103	2.14690959302802E-09	1.0E+10	1.0E+10	1E-30	0.000000000196	1.0E+10	1E-30	1.0E+10	0.165407204063842	1.19432883137277E-07	1.0E+10	13.3258897308006	1.22513579696023E-07	1.0E+10	1.12122442442431	7.3959121556523E-08	1.0E+10	0.215193122555223	2.16595967119947E-08	1.0E+10	9.18501306881202E-02	1E-30	3.52237802009369E-11	0.331976307332775	1.84713771903946E-09	2.43791443974136E-11	0.137860813691495	3.04650964525242E-12	1.03780854580589E-10	15.3531482338763	1.0E+10	1E-30	1.0E-10	1.0E+10	1E-30	1.0E-10	1.0E+10	1E-30	1.0E-10	1.0E+10	1E-30	1.0E-10	1.0E+10	1E-30	1.0E-10	1.0E+10	1E-30	1.0E-10	1.0E+10	1E-30	1.0E-10	1.0E+10	1E-30	1.0E-10
104	2.14690959302802E-09	1.0E+10	1.0E+10	1E-30	0.000000000196	1.0E+10	1E-30	1.0E+10	0.165407204063842	1.19432883137277E-07	1.0E+10	13.3258897308006	1.22513579696023E-07	1.0E+10	1.12122442442431	7.3959121556523E-08	1.0E+10	0.215193122555223	2.16595967119947E-08	1.0E+10	9.18501306881202E-02	1E-30	3.52237802009369E-11	0.331976307332775	1.84713771903946E-09	2.43791443974136E-11	0.137860813691495	3.04650964525242E-12	1.03780854580589E-10	15.3531482338763	1.0E+10	1E-30	1.0E-10	1.0E+10	1E-30	1.0E-10	1.0E+10	1E-30	1.0E-10	1.0E+10	1E-30	1.0E-10	1.0E+10	1E-30	1.0E-10	1.0E+10	1E-30	1.0E-10	1.0E+10	1E-30	1.0E-10	1.0E+10	1E-30	1.0E-10
105	2.1520471523414E-09	1.0E+10	1.0E+10	1E-30	0.00000000018	1.0E+10	1E-30	1.0E+10	0.150127913172203	1.64426878227283E-07	1.0E+10	9.67937510021322	1.51955559200016E-07	1.0E+10	1.49625459979202	8.03437628897773E-08	1.0E+10	0.396184936745465	2.54826235746626E-08	1.0E+10	0.104093771078673	1E-30	3.81887283633366E-11	0.359920285428583	1.83727299043914E-09	2.45100414629233E-11	0.138601019158382	3.05160419486201E-12	1.1063386814419E-10	15.3343079563186	1.0E+10	1E-30	1.0E-10	1.0E+10	1E-30	1.0E-10	1.0E+10	1E-30	1.0E-10	1.0E+10	1E-30	1.0E-10	1.0E+10	1E-30	1.0E-10	1.0E+10	1E-30	1.0E-10	1.0E+10	1E-30	1.0E-10	1.0E+10	1E-30	1.0E-10
106	2.1520471523414E-09	1.0E+10	1.0E+10	1E-30	0.00000000018	1.0E+10	1E-30	1.0E+10	0.150127913172203	1.64426878227283E-07	1.0E+10	9.67937510021322	1.51955559200016E-07	1.0E+10	1.49625459979202	8.03437628897773E-08	1.0E+10	0.396184936745465	2.54826235746626E-08	1.0E+10	0.104093771078673	1E-30	3.81887283633366E-11	0.359920285428583	1.83727299043914E-09	2.45100414629233E-11	0.138601019158382	3.05160419486201E-12	1.1063386814419E-10	15.3343079563186	1.0E+10	1E-30	1.0E-10	1.0E+10	1E-30	1.0E-10	1.0E+10	1E-30	1.0E-10	1.0E+10	1E-30	1.0E-10	1.0E+10	1E-30	1.0E-10	1.0E+10	1E-30	1.0E-10	1.0E+10	1E-30	1.0E-10	1.0E+10	1E-30	1.0E-10
107	3.24590269072618E-09	1.0E+10	1.0E+10	1E-30	0.000000000147	1.0E+10	1E-30	1.0E+10	0.13	8.68631292510753E-08	1.0E+10	30.537495111392	1.73759795400509E-07	1.0E+10	1.14493504326655	1.26404105666383E-07	1.0E+10	0.192735143426271	9.5603461627112E-08	1.0E+10	3.20142380876769E-02	1E-30	3.82753182975584E-11	0.338190352811495	3.09198363242289E-09	2.43526983810691E-11	0.101874458486664	3.29708153605898E-12	0.000000000103	14.5333431251007	6.17283402965765E-12	0.000000000047	100000	1.0E+10	1E-30	1.0E-10	1.0E+10	1E-30	1.0E-10	1.0E+10	1E-30	1.0E-10	1.0E+10	1E-30	1.0E-10	1.0E+10	1E-30	1.0E-10	1.0E+10	1E-30	1.0E-10	1.0E+10	1E-30	1.0E-10
108	3.24590269072618E-09	1.0E+10	1.0E+10	1E-30	0.000000000147	1.0E+10	1E-30	1.0E+10	0.13	8.68631292510753E-08	1.0E+10	30.537495111392	1.73759795400509E-07	1.0E+10	1.14493504326655	1.26404105666383E-07	1.0E+10	0.192735143426271	9.5603461627112E-08	1.0E+10	3.20142380876769E-02	1E-30	3.82753182975584E-11	0.338190352811495	3.09198363242289E-09	2.43526983810691E-11	0.101874458486664	3.29708153605898E-12	0.000000000103	14.5333431251007	6.17283402965765E-12	0.000000000047	100000	1.0E+10	1E-30	1.0E-10	1.0E+10	1E-30	1.0E-10	1.0E+10	1E-30	1.0E-10	1.0E+10	1E-30	1.0E-10	1.0E+10	1E-30	1.0E-10	1.0E+10	1E-30	1.0E-10	1.0E+10	1E-30	1.0E-10
109	3.24590269072618E-09	1.0E+10	1.0E+10	1E-30	0.000000000147	1.0E+10	1E-30	1.0E+10	0.13	8.68631292510753E-08	1.0E+10	30.537495111392	1.73759795400509E-07	1.0E+10	1.14493504326655	1.26404105666383E-07	1.0E+10	0.192735143426271	9.5603461627112E-08	1.0E+10	3.20142380876769E-02	1E-30	3.82753182975584E-11	0.338190352811495	3.09198363242289E-09	2.43526983810691E-11	0.101874458486664	3.29708153605898E-12	0.000000000103	14.5333431251007	6.17283402965765E-12	0.000000000047	100000	1.0E+10	1E-30	1.0E-10	1.0E+10	1E-30	1.0E-10	1.0E+10	1E-30	1.0E-10	1.0E+10	1E-30	1.0E-10	1.0E+10	1E-30	1.0E-10	1.0E+10	1E-30	1.0E-10	1.0E+10	1E-30	1.0E-10
110	4.61117424415399E-09	1.0E+10	1.0E+10	1E-30	0.000000000155	1.0E+10	1E-30	1.0E+10	0.102284830369065	3.05523850616829E-07	1.0E+10	3.47283183229009	2.34798254075279E-07	1.0E+10	0.451891330335783	1.52709372356181E-07	1.0E+10	6.94805392475324E-02	1.53804414368184E-07	1.0E+10	2.06957574976883E-02	1E-30	4.75596332466154E-11	0.18676624301874	6.41065461269414E-09	1.95124973340833E-11	5.60149564280349E-02	2.25679193336645E-12	0.000000000132	17.8987071578581	1.0E+10	1E-30	1.0E-10	1.0E+10	1E-30	1.0E-10	1.0E+10	1E-30	1.0E-10	1.0E+10	1E-30	1.0E-10	1.0E+10	1E-30	1.0E-10	1.0E+10	1E-30	1.0E-10	1.0E+10	1E-30	1.0E-10	1.0E+10	1E-30	1.0E-10
111	4.61117424415399E-09	1.0E+10	1.0E+10	1E-30	0.000000000155	1.0E+10	1E-30	1.0E+10	0.102284830369065	3.05523850616829E-07	1.0E+10	3.47283183229009	2.34798254075279E-07	1.0E+10	0.451891330335783	1.52709372356181E-07	1.0E+10	6.94805392475324E-02	1.53804414368184E-07	1.0E+10	2.06957574976883E-02	1E-30	4.75596332466154E-11	0.18676624301874	6.41065461269414E-09	1.95124973340833E-11	5.60149564280349E-02	2.25679193336645E-12	0.000000000132	17.8987071578581	1.0E+10	1E-30	1.0E-10	1.0E+10	1E-30	1.0E-10	1.0E+10	1E-30	1.0E-10	1.0E+10	1E-30	1.0E-10	1.0E+10	1E-30	1.0E-10	1.0E+10	1E-30	1.0E-10	1.0E+10	1E-30	1.0E-10	1.0E+10	1E-30	1.0E-10
112	4.61117424415399E-09	1.0E+10	1.0E+10	1E-30	0.000000000155	1.0E+10	1E-30	1.0E+10	0.102284830369065	3.05523850616829E-07	1.0E+10	3.47283183229009	2.34798254075279E-07	1.0E+10	0.451891330335783	1.52709372356181E-07	1.0E+10	6.94805392475324E-02	1.53804414368184E-07	1.0E+10	2.06957574976883E-02	1E-30	4.75596332466154E-11	0.18676624301874	6.41065461269414E-09	1.95124973340833E-11	5.60149564280349E-02	2.25679193336645E-12	0.000000000132	17.8987071578581	1.0E+10	1E-30	1.0E-10	1.0E+10	1E-30	1.0E-10	1.0E+10	1E-30	1.0E-10	1.0E+10	1E-30	1.0E-10	1.0E+10	1E-30	1.0E-10	1.0E+10	1E-30	1.0E-10	1.0E+10	1E-30	1.0E-10	1.0E+10	1E-30	1.0E-10
113	4.81195118395658E-09	1.0E+10	1.0E+10	1E-30	1.86240893762535E-10	1.0E+10	1E-30	1.0E+10	0.092984715038828	3.29149200730225E-07	1.0E+10	6.90763349607353	2.89208901147824E-07	1.0E+10	0.78615908263757	2.55573590900962E-07	1.0E+10	0.13838583637242	1.01343107054826E-07	1.0E+10	4.61898976065982E-02	1E-30	5.24923000038718E-11	0.284729689140297	6.08609590475912E-09	2.25094332554215E-11	8.26678004070581E-02	3.8204363182876E-12	8.8369023454448E-11	11.3268745754874	1.0E+10	1E-30	1.0E-10	1.0E+10	1E-30	1.0E-10	1.0E+10	1E-30	1.0E-10	1.0E+10	1E-30	1.0E-10	1.0E+10	1E-30	1.0E-10	1.0E+10	1E-30	1.0E-10	1.0E+10	1E-30	1.0E-10	1.0E+10	1E-30	1.0E-10
114	4.81195118395658E-09	1.0E+10	1.0E+10	1E-30	1.86240893762535E-10	1.0E+10	1E-30	1.0E+10	0.092984715038828	3.29149200730225E-07	1.0E+10	6.90763349607353	2.89208901147824E-07	1.0E+10	0.78615908263757	2.55573590900962E-07	1.0E+10	0.13838583637242	1.01343107054826E-07	1.0E+10	4.61898976065982E-02	1E-30	5.24923000038718E-11	0.284729689140297	6.08609590475912E-09	2.25094332554215E-11	8.26678004070581E-02	3.8204363182876E-12	8.8369023454448E-11	11.3268745754874	1.0E+10	1E-30	1.0E-10	1.0E+10	1E-30	1.0E-10	1.0E+10	1E-30	1.0E-10	1.0E+10	1E-30	1.0E-10	1.0E+10	1E-30	1.0E-10	1.0E+10	1E-30	1.0E-10	1.0E+10	1E-30	1.0E-10	1.0E+10	1E-30	1.0E-10
115	6.59976291909913E-09	1.0E+10	1.0E+10	1E-30	0.00000000015	1.0E+10	1E-30	1.0E+10	9.67738250001174E-02	2.12183357292639E-07	1.0E+10	12.5013687157685	3.47417998015144E-07	1.0E+10	0.50900882126997	2.60456929561552E-07	1.0E+10	8.72943579576607E-02	1E-30	3.34752432728132E-11	1.57748367514502	1E-30	3.72235774169411E-11	0.225220314902831	7.62561115285996E-09	2.07608736228017E-11	5.35156578916922E-02	5.55966618448323E-12	6.30599606718892E-11	7.39225823964343	3.81612733108676E-12	6.37226459686037E-11	100000	1.0E+10	1E-30	1.0E-10	1.0E+10	1E-30	1.0E-10	1.0E+10	1E-30	1.0E-10	1.0E+10	1E-30	1.0E-10	1.0E+10	1E-30	1.0E-10	1.0E+10	1E-30	1.0E-10	1.0E+10	1E-30	1.0E-10
116	0.00000000677	1.0E+10	1.0E+10	1E-30	2.99289347245332E-11	1.0E+10	1E-30	1.0E+10	0.07	2.29805867060356E-07	1.0E+10	11.5427095869935	3.54012515811284E-07	1.0E+10	0.628867289909449	2.88184939419079E-07	1.0E+10	7.88952416720015E-02	1E-30	2.50603720376011E-11	1.18094221034332	1E-30	4.90402254818903E-11	0.235690409260488	6.35978649092339E-09	2.48930289825133E-11	0.064167185211948	5.00549327782624E-12	7.0041514688558E-11	11.2166389551566	9.71543334616555E-13	1.6503570583136E-10	100000	1.0E+10	1E-30	1.0E-10	1.0E+10	1E-30	1.0E-10	1.0E+10	1E-30	1.0E-10	1.0E+10	1E-30	1.0E-10	1.0E+10	1E-30	1.0E-10	1.0E+10	1E-30	1.0E-10	1.0E+10	1E-30	1.0E-10
117	9.29746950966458E-09	1.0E+10	1.0E+10	1E-30	1.77092311904079E-10	1.0E+10	1E-30	1.0E+10	7.26273000703297E-02	1.05810015643715E-06	1.0E+10	16.4927605243236	1.91359806104103E-06	1.0E+10	2.67481255516708	9.92857196244898E-07	1.0E+10	1.39615406041113	6.07894058519858E-07	1.0E+10	0.410104177253661	7.94788172499241E-07	1.0E+10	6.59946522435363E-02	3.28418920755295E-07	1.0E+10	3.09935968324826E-02	1E-30	6.49450244800625E-11	0.213646487711261	1.79554914107322E-08	1.53716178876397E-11	4.08815297096996E-02	2.60086773659631E-12	1.20315444975362E-10	17.7288560611541	1.0E+10	1E-30	1.0E-10	1.0E+10	1E-30	1.0E-10	1.0E+10	1E-30	1.0E-10	1.0E+10	1E-30	1.0E-10	1.0E+10	1E-30	1.0E-10	1.0E+10	1E-30	1.0E-10
118	9.29746950966458E-09	1.0E+10	1.0E+10	1E-30	1.77092311904079E-10	1.0E+10	1E-30	1.0E+10	7.26273000703297E-02	1.05810015643715E-06	1.0E+10	16.4927605243236	1.91359806104103E-06	1.0E+10	2.67481255516708	9.92857196244898E-07	1.0E+10	1.39615406041113	6.07894058519858E-07	1.0E+10	0.410104177253661	7.94788172499241E-07	1.0E+10	6.59946522435363E-02	3.28418920755295E-07	1.0E+10	3.09935968324826E-02	1E-30	6.49450244800625E-11	0.213646487711261	1.79554914107322E-08	1.53716178876397E-11	4.08815297096996E-02	2.60086773659631E-12	1.20315444975362E-10	17.7288560611541	1.0E+10	1E-30	1.0E-10	1.0E+10	1E-30	1.0E-10	1.0E+10	1E-30	1.0E-10	1.0E+10	1E-30	1.0E-10	1.0E+10	1E-30	1.0E-10	1.0E+10	1E-30	1.0E-10
119	9.29746950966458E-09	1.0E+10	1.0E+10	1E-30	1.77092311904079E-10	1.0E+10	1E-30	1.0E+10	7.26273000703297E-02	1.05810015643715E-06	1.0E+10	16.4927605243236	1.91359806104103E-06	1.0E+10	2.67481255516708	9.92857196244898E-07	1.0E+10	1.39615406041113	6.07894058519858E-07	1.0E+10	0.410104177253661	7.94788172499241E-07	1.0E+10	6.59946522435363E-02	3.28418920755295E-07	1.0E+10	3.09935968324826E-02	1E-30	6.49450244800625E-11	0.213646487711261	1.79554914107322E-08	1.53716178876397E-11	4.08815297096996E-02	2.60086773659631E-12	1.20315444975362E-10	17.7288560611541	1.0E+10	1E-30	1.0E-10	1.0E+10	1E-30	1.0E-10	1.0E+10	1E-30	1.0E-10	1.0E+10	1E-30	1.0E-10	1.0E+10	1E-30	1.0E-10	1.0E+10	1E-30	1.0E-10
120	9.74132071347337E-09	1.0E+10	1.0E+10	1E-30	0.000000000175	1.0E+10	1E-30	1.0E+10	4.93253524879162E-02	1.58788761408742E-06	1.0E+10	6.62431865638471	1.55123971851822E-06	1.0E+10	2.46116774961257	1.11167352533218E-06	1.0E+10	0.924363670964881	6.61241521673818E-07	1.0E+10	0.300066495102617	5.63748314495794E-07	1.0E+10	4.42218426763093E-02	1E-30	5.45070861581519E-11	0.180589637321085	2.31256445944381E-08	1.37031019244312E-11	4.28114938706755E-02	4.55271511855844E-12	0.000000000064	8.35101947863466	0.000000000013	0.000000000022	100000	1.0E+10	1E-30	1.0E-10	1.0E+10	1E-30	1.0E-10	1.0E+10	1E-30	1.0E-10	1.0E+10	1E-30	1.0E-10	1.0E+10	1E-30	1.0E-10	1.0E+10	1E-30	1.0E-10
121	1.47298907061381E-08	1.0E+10	1.0E+10	1E-30	2.1380934236914E-10	1.0E+10	1E-30	1.0E+10	0.06212643895972	1.13392836857069E-06	1.0E+10	18.0815023039172	5.18473382821704E-06	1.0E+10	12.509343294592	8.17737265422005E-07	1.0E+10	5.0960597464979	1.03504346947053E-06	1.0E+10	0.532725544065712	6.53638946203035E-07	1.0E+10	0.10534012579855	1E-30	5.02978483017924E-11	0.193562979245626	1.34147273957131E-08	3.18808690374732E-11	5.38819987684398E-02	2.64598148990665E-12	1.13411164069674E-10	12.5997708318297	1.0E+10	1E-30	1.0E-10	1.0E+10	1E-30	1.0E-10	1.0E+10	1E-30	1.0E-10	1.0E+10	1E-30	1.0E-10	1.0E+10	1E-30	1.0E-10	1.0E+10	1E-30	1.0E-10	1.0E+10	1E-30	1.0E-10
122	1.44154592102958E-08	1.0E+10	1.0E+10	1E-30	1.85916402431288E-10	1.0E+10	1E-30	1.0E+10	4.55336934424537E-02	2.73279955690194E-06	1.0E+10	4.70169666339995	9.82294203767816E-07	1.0E+10	3.32854633230696	1.0704478767478E-05	1.0E+10	1.48680703235579	1.30133004414922E-06	1.0E+10	0.706795373526039	8.59327290716207E-07	1.0E+10	0.187383696926564	9.30054778429664E-07	1.0E+10	2.59758842244739E-02	1E-30	6.20979849293524E-11	0.176566452802822	3.74863011203209E-07	2.98374133127581E-12	1.00219232617106E-02	1.8387359227136E-08	2.73122399698693E-11	4.63512106351316E-02	5.43447357037721E-12	5.82012024943067E-11	6.41261604223148	5.00316986116518E-12	4.12852428704923E-11	100000	1.0E+10	1E-30	1.0E-10	1.0E+10	1E-30	1.0E-10	1.0E+10	1E-30	1.0E-10	1.0E+10	1E-30	1.0E-10
123	1.44154592102958E-08	1.0E+10	1.0E+10	1E-30	1.85916402431288E-10	1.0E+10	1E-30	1.0E+10	4.55336934424537E-02	2.73279955690194E-06	1.0E+10	4.70169666339995	9.82294203767816E-07	1.0E+10	3.32854633230696	1.0704478767478E-05	1.0E+10	1.48680703235579	1.30133004414922E-06	1.0E+10	0.706795373526039	8.59327290716207E-07	1.0E+10	0.187383696926564	9.30054778429664E-07	1.0E+10	2.59758842244739E-02	1E-30	6.20979849293524E-11	0.176566452802822	3.74863011203209E-07	2.98374133127581E-12	1.00219232617106E-02	1.8387359227136E-08	2.73122399698693E-11	4.63512106351316E-02	5.43447357037721E-12	5.82012024943067E-11	6.41261604223148	5.00316986116518E-12	4.12852428704923E-11	100000	1.0E+10	1E-30	1.0E-10	1.0E+10	1E-30	1.0E-10	1.0E+10	1E-30	1.0E-10	1.0E+10	1E-30	1.0E-10
124	2.1461361898679E-08	1.0E+10	1.0E+10	1E-30	2.05139042664529E-10	1.0E+10	1E-30	1.0E+10	4.33884150692067E-02	1.831822280609E-06	1.0E+10	5.21998420557863	1.79400884086594E-06	1.0E+10	0.887146927409087	1.87997010272818E-05	1.0E+10	0.82731174321761	1.32513122152537E-06	1.0E+10	0.18477699010145	1.0197595860414E-06	1.0E+10	2.94787105463261E-02	1E-30	7.04836062547547E-11	0.152246552871407	3.35597107789841E-08	2.66464609148714E-11	3.16490929713108E-02	3.92939974271329E-12	8.73311167875993E-11	12.2431396785594	1.0E+10	1E-30	1.0E-10	1.0E+10	1E-30	1.0E-10	1.0E+10	1E-30	1.0E-10	1.0E+10	1E-30	1.0E-10	1.0E+10	1E-30	1.0E-10	1.0E+10	1E-30	1.0E-10	1.0E+10	1E-30	1.0E-10
125	2.1461361898679E-08	1.0E+10	1.0E+10	1E-30	2.05139042664529E-10	1.0E+10	1E-30	1.0E+10	4.33884150692067E-02	1.831822280609E-06	1.0E+10	5.21998420557863	1.79400884086594E-06	1.0E+10	0.887146927409087	1.87997010272818E-05	1.0E+10	0.82731174321761	1.32513122152537E-06	1.0E+10	0.18477699010145	1.0197595860414E-06	1.0E+10	2.94787105463261E-02	1E-30	7.04836062547547E-11	0.152246552871407	3.35597107789841E-08	2.66464609148714E-11	3.16490929713108E-02	3.92939974271329E-12	8.73311167875993E-11	12.2431396785594	1.0E+10	1E-30	1.0E-10	1.0E+10	1E-30	1.0E-10	1.0E+10	1E-30	1.0E-10	1.0E+10	1E-30	1.0E-10	1.0E+10	1E-30	1.0E-10	1.0E+10	1E-30	1.0E-10	1.0E+10	1E-30	1.0E-10
126	2.11561550308838E-08	1.0E+10	1.0E+10	1E-30	1.80005235418138E-10	1.0E+10	1E-30	1.0E+10	5.15310932130672E-02	1.63580931257629E-06	1.0E+10	5.53551303653479	2.09833885007804E-06	1.0E+10	0.954870574233469	1.36186209833152E-06	1.0E+10	0.26459946292015	1.25260580769803E-06	1.0E+10	4.12909105702394E-02	2.131386711385E-06	1.0E+10	8.77319692838373E-03	1E-30	6.50084131093979E-11	0.167175506573529	2.71565811655379E-07	5.61261337122521E-12	8.33670163288402E-03	3.02013967105277E-08	2.19560011021809E-11	3.18225065341737E-02	2.57221711999896E-12	1.18265655939025E-10	16.4407044501614	1.0E+10	1E-30	1.0E-10	1.0E+10	1E-30	1.0E-10	1.0E+10	1E-30	1.0E-10	1.0E+10	1E-30	1.0E-10	1.0E+10	1E-30	1.0E-10	1.0E+10	1E-30	1.0E-10
127	2.0791923811319E-08	1.0E+10	1.0E+10	1E-30	1.89147477614492E-10	1.0E+10	1E-30	1.0E+10	3.44757148037483E-02	1.42006075547505E-06	1.0E+10	1.37883788036153	1.44873096897144E-06	1.0E+10	0.189460714220255	1.29060422532284E-06	1.0E+10	2.83821302393912E-02	1E-30	6.39794894585472E-11	0.134956776689805	1E-30	1.2075958953095E-11	0.133607688201851	2.16044831917294E-07	8.05012472277557E-12	1.73466213190077E-02	3.45229532628953E-08	2.32170919223876E-11	4.39089244302069E-02	6.61192559167823E-12	4.28223465415021E-11	7.5553308117682	1.0E+10	1E-30	1.0E-10	1.0E+10	1E-30	1.0E-10	1.0E+10	1E-30	1.0E-10	1.0E+10	1E-30	1.0E-10	1.0E+10	1E-30	1.0E-10	1.0E+10	1E-30	1.0E-10	1.0E+10	1E-30	1.0E-10
128	2.04026180646265E-08	1.0E+10	1.0E+10	1E-30	1.49880178351597E-10	1.0E+10	1E-30	1.0E+10	3.37344383698033E-02	2.16748783369352E-06	1.0E+10	7.34282982436337	5.9042934738256E-06	1.0E+10	1.46508716337818	2.80042711512169E-06	1.0E+10	0.924407506037114	2.04406628706241E-06	1.0E+10	0.534270617900282	1.50313829365807E-06	1.0E+10	0.136057395527528	1.58923379818935E-06	1.0E+10	2.47918183971035E-02	1E-30	2.09272101557616E-11	0.678428889765793	1E-30	7.35999984745372E-11	0.170196174894374	1.12939188323445E-07	1.45927471010506E-11	2.25196831033008E-02	3.35975288905314E-08	2.22955711049452E-11	4.60005080549395E-02	9.12870303588698E-12	3.12700639356541E-11	4.98335519006203	8.68997239519689E-12	3.13344224777501E-11	100000	1.0E+10	1E-30	1.0E-10	1.0E+10	1E-30	1.0E-10	1.0E+10	1E-30	1.0E-10
129	3.25799703483507E-08	1.0E+10	1.0E+10	1E-30	1.53025369682782E-10	1.0E+10	1E-30	1.0E+10	2.93063341184626E-02	7.85256190523056E-06	1.0E+10	2.02679004651823	3.99994133989524E-06	1.0E+10	1.27881806557003	3.85707031093912E-06	1.0E+10	0.301997809787324	1.05687944946684E-05	1.0E+10	0.222233109416727	2.85370996321727E-06	1.0E+10	0.159428847332345	1.98239652582924E-06	1.0E+10	3.36743841774879E-02	1E-30	1.27257562483913E-11	0.310420755584511	1E-30	6.34858514949633E-11	0.129107172485185	1.72129469037737E-07	1.26208745844618E-11	1.57017916376711E-02	3.56598730879981E-08	2.86119578688701E-11	3.62155746436458E-02	4.82815928072419E-12	5.91229723347009E-11	7.4842680441614	3.76598882927598E-12	6.59418404236842E-11	100000	1.0E+10	1E-30	1.0E-10	1.0E+10	1E-30	1.0E-10	1.0E+10	1E-30	1.0E-10
130	3.25799703483507E-08	1.0E+10	1.0E+10	1E-30	1.53025369682782E-10	1.0E+10	1E-30	1.0E+10	2.93063341184626E-02	7.85256190523056E-06	1.0E+10	2.02679004651823	3.99994133989524E-06	1.0E+10	1.27881806557003	3.85707031093912E-06	1.0E+10	0.301997809787324	1.05687944946684E-05	1.0E+10	0.222233109416727	2.85370996321727E-06	1.0E+10	0.159428847332345	1.98239652582924E-06	1.0E+10	3.36743841774879E-02	1E-30	1.27257562483913E-11	0.310420755584511	1E-30	6.34858514949633E-11	0.129107172485185	1.72129469037737E-07	1.26208745844618E-11	1.57017916376711E-02	3.56598730879981E-08	2.86119578688701E-11	3.62155746436458E-02	4.82815928072419E-12	5.91229723347009E-11	7.4842680441614	3.76598882927598E-12	6.59418404236842E-11	100000	1.0E+10	1E-30	1.0E-10	1.0E+10	1E-30	1.0E-10	1.0E+10	1E-30	1.0E-10
131	3.00643578091082E-08	1.0E+10	1515151515.15152	1E-30	1.94526700553193E-10	1.0E+10	1E-30	1.0E+10	2.85237401492999E-02	1.64225608893735E-06	1.0E+10	1.53595768377452	2.09591563895455E-06	1.0E+10	0.145930872551637	2.56021931250998E-06	1.0E+10	1.90233913642957E-02	1E-30	6.99153779615929E-11	0.120646602407298	1.56954831493947E-07	1.38533698611748E-11	1.45220364170873E-02	5.32424217164727E-08	1.79769549043321E-11	2.81921028839288E-02	2.23024741216166E-11	7.00346342779953E-11	1.456296200218	1.83876132316475E-11	1.72974389613691E-11	2.35564845608385	1.0E+10	1E-30	1.0E-10	1.0E+10	1E-30	1.0E-10	1.0E+10	1E-30	1.0E-10	1.0E+10	1E-30	1.0E-10	1.0E+10	1E-30	1.0E-10	1.0E+10	1E-30	1.0E-10	1.0E+10	1E-30	1.0E-10
132	3.00643578091082E-08	1.0E+10	1515151515.15152	1E-30	1.94526700553193E-10	1.0E+10	1E-30	1.0E+10	2.85237401492999E-02	1.64225608893735E-06	1.0E+10	1.53595768377452	2.09591563895455E-06	1.0E+10	0.145930872551637	2.56021931250998E-06	1.0E+10	1.90233913642957E-02	1E-30	6.99153779615929E-11	0.120646602407298	1.56954831493947E-07	1.38533698611748E-11	1.45220364170873E-02	5.32424217164727E-08	1.79769549043321E-11	2.81921028839288E-02	2.23024741216166E-11	7.00346342779953E-11	1.456296200218	1.83876132316475E-11	1.72974389613691E-11	2.35564845608385	1.0E+10	1E-30	1.0E-10	1.0E+10	1E-30	1.0E-10	1.0E+10	1E-30	1.0E-10	1.0E+10	1E-30	1.0E-10	1.0E+10	1E-30	1.0E-10	1.0E+10	1E-30	1.0E-10	1.0E+10	1E-30	1.0E-10
133	4.51145114459432E-08	1.0E+10	1.0E+10	1E-30	0.00000000019	1.0E+10	1E-30	1.0E+10	2.19740249471747E-02	3.84040857894743E-06	1.0E+10	2.46655377240105	3.67531183548017E-06	1.0E+10	0.485876549354499	4.07126661408258E-05	1.0E+10	0.390922428271771	3.41365458370396E-06	1.0E+10	8.38498939052994E-02	3.79622849735328E-06	1.0E+10	1.31636946491411E-02	1E-30	1.47839627121866E-11	0.126738762848524	1E-30	7.68576443840011E-11	9.70692372407776E-02	7.5596438686479E-07	5.68778074513752E-12	1.11564672051414E-02	6.89602687263341E-08	2.89905161587315E-11	3.28883947934061E-02	7.5397257375873E-12	4.01238513411908E-11	6.04019296343958	0.000000000022	0.000000000012	100000	1.0E+10	1E-30	1.0E-10	1.0E+10	1E-30	1.0E-10	1.0E+10	1E-30	1.0E-10	1.0E+10	1E-30	1.0E-10
134	4.51145114459432E-08	1.0E+10	1.0E+10	1E-30	0.00000000019	1.0E+10	1E-30	1.0E+10	2.19740249471747E-02	3.84040857894743E-06	1.0E+10	2.46655377240105	3.67531183548017E-06	1.0E+10	0.485876549354499	4.07126661408258E-05	1.0E+10	0.390922428271771	3.41365458370396E-06	1.0E+10	8.38498939052994E-02	3.79622849735328E-06	1.0E+10	1.31636946491411E-02	1E-30	1.47839627121866E-11	0.126738762848524	1E-30	7.68576443840011E-11	9.70692372407776E-02	7.5596438686479E-07	5.68778074513752E-12	1.11564672051414E-02	6.89602687263341E-08	2.89905161587315E-11	3.28883947934061E-02	7.5397257375873E-12	4.01238513411908E-11	6.04019296343958	0.000000000022	0.000000000012	100000	1.0E+10	1E-30	1.0E-10	1.0E+10	1E-30	1.0E-10	1.0E+10	1E-30	1.0E-10	1.0E+10	1E-30	1.0E-10
135	4.51145114459432E-08	1.0E+10	1.0E+10	1E-30	0.00000000019	1.0E+10	1E-30	1.0E+10	2.19740249471747E-02	3.84040857894743E-06	1.0E+10	2.46655377240105	3.67531183548017E-06	1.0E+10	0.485876549354499	4.07126661408258E-05	1.0E+10	0.390922428271771	3.41365458370396E-06	1.0E+10	8.38498939052994E-02	3.79622849735328E-06	1.0E+10	1.31636946491411E-02	1E-30	1.47839627121866E-11	0.126738762848524	1E-30	7.68576443840011E-11	9.70692372407776E-02	7.5596438686479E-07	5.68778074513752E-12	1.11564672051414E-02	6.89602687263341E-08	2.89905161587315E-11	3.28883947934061E-02	7.5397257375873E-12	4.01238513411908E-11	6.04019296343958	0.000000000022	0.000000000012	100000	1.0E+10	1E-30	1.0E-10	1.0E+10	1E-30	1.0E-10	1.0E+10	1E-30	1.0E-10	1.0E+10	1E-30	1.0E-10
136	4.66690200158739E-08	1.0E+10	1.0E+10	1E-30	0.00000000016	1.0E+10	1E-30	1.0E+10	2.28892045138546E-02	3.78284185483459E-06	1.0E+10	3.62303365743268	5.53028818432292E-06	1.0E+10	0.739728529319512	4.97145006742497E-06	1.0E+10	0.260217829383651	3.31883295480547E-06	1.0E+10	7.17359241914207E-02	3.75902768004759E-06	1.0E+10	9.85495444210113E-03	1E-30	7.11181310568896E-11	9.19125642357803E-02	1E-30	1.23424841378207E-11	7.49067893411665E-02	8.47046007063672E-07	5.076181987475E-12	7.90899006809585E-03	5.5989209099173E-08	3.57067695183926E-11	3.21763879500999E-02	5.57562872983681E-12	5.52997236214248E-11	7.60085950443012	0.000000000012	0.000000000024	100000	1.0E+10	1E-30	1.0E-10	1.0E+10	1E-30	1.0E-10	1.0E+10	1E-30	1.0E-10	1.0E+10	1E-30	1.0E-10
137	4.33714547299741E-08	1.0E+10	1063829787.23404	1E-30	1.76578657556368E-10	1.0E+10	1E-30	1.0E+10	2.31482721943476E-02	1.92301330585986E-06	1.0E+10	1.36087240607588	2.64064464124142E-06	1.0E+10	8.45930504451261E-02	3.5801755506472E-06	1.0E+10	8.16032106831687E-03	1E-30	1.70614054251184E-11	0.26420778307521	1E-30	8.21056591049224E-11	0.132526448608185	1.11735178991691E-07	2.74807657992524E-11	2.44696376642295E-02	7.09922131091532E-08	1.80666249960953E-11	2.61826737474353E-02	9.59022644315094E-12	3.077001004018E-11	6.01964812446484	1.0E+10	1E-30	1.0E-10	1.0E+10	1E-30	1.0E-10	1.0E+10	1E-30	1.0E-10	1.0E+10	1E-30	1.0E-10	1.0E+10	1E-30	1.0E-10	1.0E+10	1E-30	1.0E-10	1.0E+10	1E-30	1.0E-10
138	4.33714547299741E-08	1.0E+10	1063829787.23404	1E-30	1.76578657556368E-10	1.0E+10	1E-30	1.0E+10	2.31482721943476E-02	1.92301330585986E-06	1.0E+10	1.36087240607588	2.64064464124142E-06	1.0E+10	8.45930504451261E-02	3.5801755506472E-06	1.0E+10	8.16032106831687E-03	1E-30	1.70614054251184E-11	0.26420778307521	1E-30	8.21056591049224E-11	0.132526448608185	1.11735178991691E-07	2.74807657992524E-11	2.44696376642295E-02	7.09922131091532E-08	1.80666249960953E-11	2.61826737474353E-02	9.59022644315094E-12	3.077001004018E-11	6.01964812446484	1.0E+10	1E-30	1.0E-10	1.0E+10	1E-30	1.0E-10	1.0E+10	1E-30	1.0E-10	1.0E+10	1E-30	1.0E-10	1.0E+10	1E-30	1.0E-10	1.0E+10	1E-30	1.0E-10	1.0E+10	1E-30	1.0E-10
139	6.50388385415303E-08	1.0E+10	7352941176.47059	1E-30	6.81421808397675E-11	1.0E+10	1E-30	1.0E+10	2.24764560819836E-02	3.17067541404524E-06	1.0E+10	0.58075363701794	4.77635117703857E-06	1.0E+10	5.02667625321544E-02	7.31351214461289E-06	1.0E+10	8.30288801376375E-03	1E-30	8.1459690811265E-11	8.09293730942106E-02	1E-30	8.22511875350912E-12	6.04716863301018E-02	7.90036196842101E-07	7.5128734352951E-12	7.66098234704117E-03	8.48514905947009E-08	3.12301176456581E-11	2.54605449465066E-02	3.24727808370956E-12	6.42910381166148E-11	5.33410993157223	1.23034746568625E-12	1.44527685923438E-10	100000	1.0E+10	1E-30	1.0E-10	1.0E+10	1E-30	1.0E-10	1.0E+10	1E-30	1.0E-10	1.0E+10	1E-30	1.0E-10	1.0E+10	1E-30	1.0E-10	1.0E+10	1E-30	1.0E-10
140	6.76928234621652E-08	1.0E+10	735294117.647059	1E-30	1.68344592388703E-10	1.0E+10	1E-30	1.0E+10	1.69312441317458E-02	2.47217532644058E-06	1.0E+10	1.53010216535421	5.15377697592575E-06	1.0E+10	5.47194036318474E-02	5.98558246592197E-06	1.0E+10	1.01743302906344E-02	1E-30	2.25336402109513E-11	0.165669002910221	1E-30	9.84798395397753E-11	7.68630795417754E-02	1.45709082485775E-06	4.35681645555509E-12	7.34325295175075E-03	1.2382766345209E-07	2.53664781546547E-11	0.025275393046638	5.14596726170827E-12	4.98438555062586E-11	10.9401888611145	1.0E+10	1E-30	1.0E-10	1.0E+10	1E-30	1.0E-10	1.0E+10	1E-30	1.0E-10	1.0E+10	1E-30	1.0E-10	1.0E+10	1E-30	1.0E-10	1.0E+10	1E-30	1.0E-10	1.0E+10	1E-30	1.0E-10
141	6.76928234621652E-08	1.0E+10	735294117.647059	1E-30	1.68344592388703E-10	1.0E+10	1E-30	1.0E+10	1.69312441317458E-02	2.47217532644058E-06	1.0E+10	1.53010216535421	5.15377697592575E-06	1.0E+10	5.47194036318474E-02	5.98558246592197E-06	1.0E+10	1.01743302906344E-02	1E-30	2.25336402109513E-11	0.165669002910221	1E-30	9.84798395397753E-11	7.68630795417754E-02	1.45709082485775E-06	4.35681645555509E-12	7.34325295175075E-03	1.2382766345209E-07	2.53664781546547E-11	0.025275393046638	5.14596726170827E-12	4.98438555062586E-11	10.9401888611145	1.0E+10	1E-30	1.0E-10	1.0E+10	1E-30	1.0E-10	1.0E+10	1E-30	1.0E-10	1.0E+10	1E-30	1.0E-10	1.0E+10	1E-30	1.0E-10	1.0E+10	1E-30	1.0E-10	1.0E+10	1E-30	1.0E-10
142	9.99896220513843E-08	1.0E+10	5000000000	1E-30	2.00675973516497E-10	1.0E+10	1E-30	1.0E+10	1.42201348423039E-02	5.65072050700224E-06	1.0E+10	3.40053532412874	1.30039609888575E-05	1.0E+10	0.458719593319145	8.04511118747349E-06	1.0E+10	0.227137102312039	7.31363980916345E-06	1.0E+10	3.93184670113908E-02	8.17102491391661E-06	1.0E+10	6.62815027930776E-03	1E-30	2.12936780951704E-11	0.149354775584985	1E-30	9.47643633186298E-11	6.49551332997647E-02	2.58381578460088E-06	4.02674092607884E-12	5.2872475653378E-03	1.53802455427567E-07	3.36109597902472E-11	0.02155835530625	1.01038743081767E-11	3.08417998880433E-11	3.95320877563195	1.0E+10	1E-30	1.0E-10	1.0E+10	1E-30	1.0E-10	1.0E+10	1E-30	1.0E-10	1.0E+10	1E-30	1.0E-10	1.0E+10	1E-30	1.0E-10
143	9.21531758675029E-08	1.0E+10	500000000	1E-30	1.79802892673054E-10	1.0E+10	1E-30	1.0E+10	1.66736136262099E-02	4.60007912019823E-06	1.0E+10	0.700182796876572	9.19151325329486E-06	1.0E+10	4.91075774954232E-02	6.72332088062552E-06	1.0E+10	1.58210671638363E-02	1E-30	1.73600109123985E-11	9.26218417893985E-02	1E-30	8.86074167878414E-11	6.61606510355088E-02	5.02700326427071E-07	1.50423552808104E-11	1.10784039455344E-02	2.17698828041165E-07	1.69034301472627E-11	1.67243799474854E-02	1.1289400280371E-11	2.90074483160579E-11	6.66577391828617	1.0E+10	1E-30	1.0E-10	1.0E+10	1E-30	1.0E-10	1.0E+10	1E-30	1.0E-10	1.0E+10	1E-30	1.0E-10	1.0E+10	1E-30	1.0E-10	1.0E+10	1E-30	1.0E-10	1.0E+10	1E-30	1.0E-10
144	9.21531758675029E-08	1.0E+10	500000000	1E-30	1.79802892673054E-10	1.0E+10	1E-30	1.0E+10	1.66736136262099E-02	4.60007912019823E-06	1.0E+10	0.700182796876572	9.19151325329486E-06	1.0E+10	4.91075774954232E-02	6.72332088062552E-06	1.0E+10	1.58210671638363E-02	1E-30	1.73600109123985E-11	9.26218417893985E-02	1E-30	8.86074167878414E-11	6.61606510355088E-02	5.02700326427071E-07	1.50423552808104E-11	1.10784039455344E-02	2.17698828041165E-07	1.69034301472627E-11	1.67243799474854E-02	1.1289400280371E-11	2.90074483160579E-11	6.66577391828617	1.0E+10	1E-30	1.0E-10	1.0E+10	1E-30	1.0E-10	1.0E+10	1E-30	1.0E-10	1.0E+10	1E-30	1.0E-10	1.0E+10	1E-30	1.0E-10	1.0E+10	1E-30	1.0E-10	1.0E+10	1E-30	1.0E-10
145	9.37592911971145E-08	1.0E+10	333333333.333333	1E-30	1.8804885510935E-10	1.0E+10	1E-30	1.0E+10	2.45550015838679E-02	6.09834355323166E-07	1.0E+10	4.97288303756806	1.70911540690111E-06	1.0E+10	0.143712845133522	1.48515032641581E-06	1.0E+10	2.58861286824441E-02	1E-30	2.48382835568958E-11	0.150232422548416	1E-30	7.62439298403786E-11	7.43712645292106E-02	8.03066937542318E-08	4.02881686698313E-11	2.42096092153718E-02	3.74877702267152E-12	9.73546868429531E-11	15.7756067515345	1.0E+10	1E-30	1.0E-10	1.0E+10	1E-30	1.0E-10	1.0E+10	1E-30	1.0E-10	1.0E+10	1E-30	1.0E-10	1.0E+10	1E-30	1.0E-10	1.0E+10	1E-30	1.0E-10	1.0E+10	1E-30	1.0E-10	1.0E+10	1E-30	1.0E-10
146	1.39651455965486E-07	1.0E+10	227272727.272727	1E-30	1.24526402413867E-10	1.0E+10	1E-30	1.0E+10	1.70361218543109E-02	1.14225677842329E-06	1.0E+10	2.78007420214754	2.5281184848299E-06	1.0E+10	0.110187293504036	2.24351615531176E-06	1.0E+10	1.70667044286131E-02	1E-30	2.35911184428343E-11	0.169830497690843	1E-30	1.12017060830052E-10	6.50126642069014E-02	9.56494968630786E-07	1.19369895823303E-11	8.34006785960105E-03	3.40582199333083E-07	1.83571180013347E-11	1.55003495163482E-02	2.24973968063002E-12	1.00277745098543E-10	28.016827055091	1.0E+10	1E-30	1.0E-10	1.0E+10	1E-30	1.0E-10	1.0E+10	1E-30	1.0E-10	1.0E+10	1E-30	1.0E-10	1.0E+10	1E-30	1.0E-10	1.0E+10	1E-30	1.0E-10	1.0E+10	1E-30	1.0E-10
147	3.65397399629435E-07	1.0E+10	106382978.723404	1E-30	1.63839836962857E-10	1.0E+10	1E-30	1.0E+10	3.15031898308142E-02	6.01706234276161E-06	1.0E+10	1.61590262386076	1.35958055784896E-05	1.0E+10	0.117061796870426	5.98459792637376E-06	1.0E+10	2.57570888479132E-02	1E-30	4.55169109453336E-11	0.309213051218694	1E-30	1.07673136029005E-10	5.73326768736547E-02	4.59431179468385E-12	4.66451687404836E-11	7.49402810879104	1.0E+10	1E-30	1.0E-10	1.0E+10	1E-30	1.0E-10	1.0E+10	1E-30	1.0E-10	1.0E+10	1E-30	1.0E-10	1.0E+10	1E-30	1.0E-10	1.0E+10	1E-30	1.0E-10	1.0E+10	1E-30	1.0E-10	1.0E+10	1E-30	1.0E-10	1.0E+10	1E-30	1.0E-10
148	3.65397399629435E-07	1.0E+10	106382978.723404	1E-30	1.63839836962857E-10	1.0E+10	1E-30	1.0E+10	3.15031898308142E-02	6.01706234276161E-06	1.0E+10	1.61590262386076	1.35958055784896E-05	1.0E+10	0.117061796870426	5.98459792637376E-06	1.0E+10	2.57570888479132E-02	1E-30	4.55169109453336E-11	0.309213051218694	1E-30	1.07673136029005E-10	5.73326768736547E-02	4.59431179468385E-12	4.66451687404836E-11	7.49402810879104	1.0E+10	1E-30	1.0E-10	1.0E+10	1E-30	1.0E-10	1.0E+10	1E-30	1.0E-10	1.0E+10	1E-30	1.0E-10	1.0E+10	1E-30	1.0E-10	1.0E+10	1E-30	1.0E-10	1.0E+10	1E-30	1.0E-10	1.0E+10	1E-30	1.0E-10	1.0E+10	1E-30	1.0E-10
149	3.65397399629435E-07	1.0E+10	106382978.723404	1E-30	1.63839836962857E-10	1.0E+10	1E-30	1.0E+10	3.15031898308142E-02	6.01706234276161E-06	1.0E+10	1.61590262386076	1.35958055784896E-05	1.0E+10	0.117061796870426	5.98459792637376E-06	1.0E+10	2.57570888479132E-02	1E-30	4.55169109453336E-11	0.309213051218694	1E-30	1.07673136029005E-10	5.73326768736547E-02	4.59431179468385E-12	4.66451687404836E-11	7.49402810879104	1.0E+10	1E-30	1.0E-10	1.0E+10	1E-30	1.0E-10	1.0E+10	1E-30	1.0E-10	1.0E+10	1E-30	1.0E-10	1.0E+10	1E-30	1.0E-10	1.0E+10	1E-30	1.0E-10	1.0E+10	1E-30	1.0E-10	1.0E+10	1E-30	1.0E-10	1.0E+10	1E-30	1.0E-10
150	3.65397399629435E-07	1.0E+10	106382978.723404	1E-30	1.63839836962857E-10	1.0E+10	1E-30	1.0E+10	3.15031898308142E-02	6.01706234276161E-06	1.0E+10	1.61590262386076	1.35958055784896E-05	1.0E+10	0.117061796870426	5.98459792637376E-06	1.0E+10	2.57570888479132E-02	1E-30	4.55169109453336E-11	0.309213051218694	1E-30	1.07673136029005E-10	5.73326768736547E-02	4.59431179468385E-12	4.66451687404836E-11	7.49402810879104	1.0E+10	1E-30	1.0E-10	1.0E+10	1E-30	1.0E-10	1.0E+10	1E-30	1.0E-10	1.0E+10	1E-30	1.0E-10	1.0E+10	1E-30	1.0E-10	1.0E+10	1E-30	1.0E-10	1.0E+10	1E-30	1.0E-10	1.0E+10	1E-30	1.0E-10	1.0E+10	1E-30	1.0E-10
151	4.97992953080308E-07	1.0E+10	73529411.7647059	1E-30	1.92078856807244E-10	1.0E+10	1E-30	1.0E+10	2.01324804901036E-02	1.02105242733076E-05	1.0E+10	0.36203591446156	1.28287162542576E-05	1.0E+10	2.01916573526541E-02	1E-30	3.13670959340713E-11	0.283768070857723	1E-30	2.97245298535205E-11	5.92436380808497E-02	1E-30	1.02461094157072E-10	3.64121635459676E-02	1.69982569986099E-06	3.65165087108015E-11	3.12074397611804E-03	5.14233214677396E-07	3.52444936466837E-11	5.37128226363159E-03	9.14156829322661E-12	4.15379195428537E-11	7.66358762749837	1.0E+10	1E-30	1.0E-10	1.0E+10	1E-30	1.0E-10	1.0E+10	1E-30	1.0E-10	1.0E+10	1E-30	1.0E-10	1.0E+10	1E-30	1.0E-10	1.0E+10	1E-30	1.0E-10	1.0E+10	1E-30	1.0E-10
152	4.97992953080308E-07	1.0E+10	73529411.7647059	1E-30	1.92078856807244E-10	1.0E+10	1E-30	1.0E+10	2.01324804901036E-02	1.02105242733076E-05	1.0E+10	0.36203591446156	1.28287162542576E-05	1.0E+10	2.01916573526541E-02	1E-30	3.13670959340713E-11	0.283768070857723	1E-30	2.97245298535205E-11	5.92436380808497E-02	1E-30	1.02461094157072E-10	3.64121635459676E-02	1.69982569986099E-06	3.65165087108015E-11	3.12074397611804E-03	5.14233214677396E-07	3.52444936466837E-11	5.37128226363159E-03	9.14156829322661E-12	4.15379195428537E-11	7.66358762749837	1.0E+10	1E-30	1.0E-10	1.0E+10	1E-30	1.0E-10	1.0E+10	1E-30	1.0E-10	1.0E+10	1E-30	1.0E-10	1.0E+10	1E-30	1.0E-10	1.0E+10	1E-30	1.0E-10	1.0E+10	1E-30	1.0E-10
153	4.97992953080308E-07	1.0E+10	73529411.7647059	1E-30	1.92078856807244E-10	1.0E+10	1E-30	1.0E+10	2.01324804901036E-02	1.02105242733076E-05	1.0E+10	0.36203591446156	1.28287162542576E-05	1.0E+10	2.01916573526541E-02	1E-30	3.13670959340713E-11	0.283768070857723	1E-30	2.97245298535205E-11	5.92436380808497E-02	1E-30	1.02461094157072E-10	3.64121635459676E-02	1.69982569986099E-06	3.65165087108015E-11	3.12074397611804E-03	5.14233214677396E-07	3.52444936466837E-11	5.37128226363159E-03	9.14156829322661E-12	4.15379195428537E-11	7.66358762749837	1.0E+10	1E-30	1.0E-10	1.0E+10	1E-30	1.0E-10	1.0E+10	1E-30	1.0E-10	1.0E+10	1E-30	1.0E-10	1.0E+10	1E-30	1.0E-10	1.0E+10	1E-30	1.0E-10	1.0E+10	1E-30	1.0E-10
154	4.97992953080308E-07	1.0E+10	73529411.7647059	1E-30	1.92078856807244E-10	1.0E+10	1E-30	1.0E+10	2.01324804901036E-02	1.02105242733076E-05	1.0E+10	0.36203591446156	1.28287162542576E-05	1.0E+10	2.01916573526541E-02	1E-30	3.13670959340713E-11	0.283768070857723	1E-30	2.97245298535205E-11	5.92436380808497E-02	1E-30	1.02461094157072E-10	3.64121635459676E-02	1.69982569986099E-06	3.65165087108015E-11	3.12074397611804E-03	5.14233214677396E-07	3.52444936466837E-11	5.37128226363159E-03	9.14156829322661E-12	4.15379195428537E-11	7.66358762749837	1.0E+10	1E-30	1.0E-10	1.0E+10	1E-30	1.0E-10	1.0E+10	1E-30	1.0E-10	1.0E+10	1E-30	1.0E-10	1.0E+10	1E-30	1.0E-10	1.0E+10	1E-30	1.0E-10	1.0E+10	1E-30	1.0E-10
155	7.87976993520154E-07	1.0E+10	50000000	1E-30	1.4872092339663E-10	1.0E+10	1E-30	1.0E+10	1.47527555930575E-02	4.54142591700491E-05	1.0E+10	52.8918806562219	4.2328696991582E-05	1.0E+10	5.82391344659904	3.21830394534127E-05	1.0E+10	0.732336692988459	2.84822396872484E-05	1.0E+10	9.70976820576053E-02	2.57240020827362E-05	1.0E+10	1.57396519272542E-02	1E-30	2.01701951543867E-11	0.229074694259785	1E-30	3.78984576188135E-11	0.084984658073424	1E-30	1.22843810147208E-10	3.95641584060357E-02	1.1082008444942E-06	6.06218442490066E-11	8.62802065244569E-03	3.74303478071136E-12	6.43922005386003E-11	17.6137529495288	1.0E+10	1E-30	1.0E-10	1.0E+10	1E-30	1.0E-10	1.0E+10	1E-30	1.0E-10	1.0E+10	1E-30	1.0E-10	1.0E+10	1E-30	1.0E-10
156	7.87976993520154E-07	1.0E+10	50000000	1E-30	1.4872092339663E-10	1.0E+10	1E-30	1.0E+10	1.47527555930575E-02	4.54142591700491E-05	1.0E+10	52.8918806562219	4.2328696991582E-05	1.0E+10	5.82391344659904	3.21830394534127E-05	1.0E+10	0.732336692988459	2.84822396872484E-05	1.0E+10	9.70976820576053E-02	2.57240020827362E-05	1.0E+10	1.57396519272542E-02	1E-30	2.01701951543867E-11	0.229074694259785	1E-30	3.78984576188135E-11	0.084984658073424	1E-30	1.22843810147208E-10	3.95641584060357E-02	1.1082008444942E-06	6.06218442490066E-11	8.62802065244569E-03	3.74303478071136E-12	6.43922005386003E-11	17.6137529495288	1.0E+10	1E-30	1.0E-10	1.0E+10	1E-30	1.0E-10	1.0E+10	1E-30	1.0E-10	1.0E+10	1E-30	1.0E-10	1.0E+10	1E-30	1.0E-10
END DSCRDATA
