BEGIN DSCRDATA
% INDEX	K01	L01	M01	K02	L02	M02	K03	L03	M03	K04	L04	M04	K05	L05	M05	K06	L06	M06	K07	L07	M07	K08	L08	M08	K09	L09	M09	K10	L10	M10	K11	L11	M11	K12	L12	M12	K13	L13	M13	K14	L14	M14	K15	L15	M15	K16	L16	M16	K17	L17	M17	K18	L18	M18
0	0.000000000005	1.0E+10	1.0E+10	1E-30	1.04747715108291E-12	1.0E+10	1E-30	1.0E+10	0.25	1.02700242130451E-12	8.13210663472877E-10	1116.54550115202	1.0E+10	1E-30	1.0E-10	1.0E+10	1E-30	1.0E-10	1.0E+10	1E-30	1.0E-10	1.0E+10	1E-30	1.0E-10	1.0E+10	1E-30	1.0E-10	1.0E+10	1E-30	1.0E-10	1.0E+10	1E-30	1.0E-10	1.0E+10	1E-30	1.0E-10	1.0E+10	1E-30	1.0E-10	1.0E+10	1E-30	1.0E-10	1.0E+10	1E-30	1.0E-10	1.0E+10	1E-30	1.0E-10	1.0E+10	1E-30	1.0E-10	1.0E+10	1E-30	1.0E-10
1	0.00000000001	1.0E+10	1.0E+10	1E-30	8.87968877663354E-11	1.0E+10	1E-30	1.0E+10	0.24	2.40430253511482E-12	3.95741521391913E-10	193.540509365298	1.70695700629705E-12	4.15114965256223E-10	194.803855973819	1.0E+10	1E-30	1.0E-10	1.0E+10	1E-30	1.0E-10	1.0E+10	1E-30	1.0E-10	1.0E+10	1E-30	1.0E-10	1.0E+10	1E-30	1.0E-10	1.0E+10	1E-30	1.0E-10	1.0E+10	1E-30	1.0E-10	1.0E+10	1E-30	1.0E-10	1.0E+10	1E-30	1.0E-10	1.0E+10	1E-30	1.0E-10	1.0E+10	1E-30	1.0E-10	1.0E+10	1E-30	1.0E-10	1.0E+10	1E-30	1.0E-10
2	0.00000000001	1.0E+10	1.0E+10	1E-30	6.04580473360577E-10	1.0E+10	1E-30	1.0E+10	0.124388337321398	6.73531197972226E-10	1.0E+10	1.08832113545515	1E-30	1.21629467565539E-12	0.894012069877125	1E-30	3.04444222902414E-11	0.5690940755049	1E-30	1.74221703566586E-12	0.388095570723033	1E-30	6.53267233867372E-14	6.26308630022898E-04	4.5003414378134E-12	2.46519408182804E-10	158.019679519098	8.5141428138078E-12	8.70863422480099E-11	141.093790881986	2.02529185735932E-14	3.68059350358516E-14	3.18639476733339	1.0E+10	1E-30	1.0E-10	1.0E+10	1E-30	1.0E-10	1.0E+10	1E-30	1.0E-10	1.0E+10	1E-30	1.0E-10	1.0E+10	1E-30	1.0E-10	1.0E+10	1E-30	1.0E-10	1.0E+10	1E-30	1.0E-10
3	0.000000000012	1.0E+10	1.0E+10	1E-30	1.27834863622274E-10	1.0E+10	1E-30	1.0E+10	0.23	1.39797391031786E-12	6.89935517856804E-10	546.199201423875	5.71478337773491E-12	1.05533708580287E-10	32.7205321944018	1.0E+10	1E-30	1.0E-10	1.0E+10	1E-30	1.0E-10	1.0E+10	1E-30	1.0E-10	1.0E+10	1E-30	1.0E-10	1.0E+10	1E-30	1.0E-10	1.0E+10	1E-30	1.0E-10	1.0E+10	1E-30	1.0E-10	1.0E+10	1E-30	1.0E-10	1.0E+10	1E-30	1.0E-10	1.0E+10	1E-30	1.0E-10	1.0E+10	1E-30	1.0E-10	1.0E+10	1E-30	1.0E-10	1.0E+10	1E-30	1.0E-10
4	0.000000000012	1.0E+10	1.0E+10	1E-30	7.12667657549636E-12	1.0E+10	1E-30	1.0E+10	6.30523855311866E-03	9.08024668018606E-10	1.0E+10	0.74986789508179	4.96669371836909E-11	1.0E+10	6.64818521853359E-02	1E-30	6.56056123665884E-09	8.35235099638851E-02	1.84346919988058E-02	1.6199797739917E-14	3.63674888319827E-06	5.83451586115753E-10	3.39989266901541E-08	13.5416315769302	3.45793060711287E-10	4.66348825561501E-12	0.797317410858321	2.51154246521523E-12	4.18512274728196E-10	351.698458928399	3.21557970700648E-12	1.88529815993697E-10	128.117304718701	1.22807336264077E-14	3.63792114476731E-10	366331.271143764	6.44558219426524E-13	1.4680027916611E-12	4.81746971739233	3.2659940956828E-14	1.13349019791996E-11	83.1808083774406	7.41751081467645E-14	2.59506046310907E-14	4724829.07865768	1.0E+10	1E-30	1.0E-10	1.0E+10	1E-30	1.0E-10	1.0E+10	1E-30	1.0E-10
5	0.000000000015	1.0E+10	1.0E+10	1E-30	1.89072977113129E-10	1.0E+10	1E-30	1.0E+10	0.22	2.42802528615612E-12	4.52898374763193E-10	204.592060514675	2.97835758238257E-12	2.91664882679967E-10	176.138663523234	1.0E+10	1E-30	1.0E-10	1.0E+10	1E-30	1.0E-10	1.0E+10	1E-30	1.0E-10	1.0E+10	1E-30	1.0E-10	1.0E+10	1E-30	1.0E-10	1.0E+10	1E-30	1.0E-10	1.0E+10	1E-30	1.0E-10	1.0E+10	1E-30	1.0E-10	1.0E+10	1E-30	1.0E-10	1.0E+10	1E-30	1.0E-10	1.0E+10	1E-30	1.0E-10	1.0E+10	1E-30	1.0E-10	1.0E+10	1E-30	1.0E-10
6	0.000000000015	1.0E+10	1.0E+10	1E-30	6.35523601390338E-10	1.0E+10	1E-30	1.0E+10	0.18947516912213	1.12277240607386E-09	1.0E+10	0.635024785520569	1E-30	6.13667106936086E-08	1.68869922233149E-04	1E-30	8.42157607606173E-14	1.02889367925521E-06	1.20790591712831E-03	2.30390676114398E-03	9.29747787488705E-03	11671.9438289942	8.13143383596533E-13	4.57523182811801E-06	7.36886356058082E-02	2.63840021068877E-14	1.17907747826525E-06	1.08767939172181E-04	3.60417702451867E-14	1.71741566388919E-06	6.85053698196804E-08	3.86483372178133E-14	1.12476963122688E-03	5.40609937442781E-12	1.86906258060784E-10	57.9725322783393	1.05341344403606E-12	1.06733144953461E-10	143.280160176113	5.54256272546987E-10	3.52680055593404E-14	8.31831494464639E-05	5.36709324073332E-14	5.61798946975834E-11	3226212237.40549	3.34599337270447E-12	3.65958714135733E-15	287681036325.735	4.79731512166357E-14	9.53456856822621E-14	918.875808697185	1.0E+10	1E-30	1.0E-10
7	0.000000000018	1.0E+10	1.0E+10	1E-30	2.25062680047878E-10	1.0E+10	1E-30	1.0E+10	0.21	1.30576186014684E-11	1.10977479197654E-10	28.3704461465127	1.70769634232495E-12	5.67686230518204E-10	281.45533388359	1.0E+10	1E-30	1.0E-10	1.0E+10	1E-30	1.0E-10	1.0E+10	1E-30	1.0E-10	1.0E+10	1E-30	1.0E-10	1.0E+10	1E-30	1.0E-10	1.0E+10	1E-30	1.0E-10	1.0E+10	1E-30	1.0E-10	1.0E+10	1E-30	1.0E-10	1.0E+10	1E-30	1.0E-10	1.0E+10	1E-30	1.0E-10	1.0E+10	1E-30	1.0E-10	1.0E+10	1E-30	1.0E-10	1.0E+10	1E-30	1.0E-10
8	0.000000000018	1.0E+10	1.0E+10	1E-30	4.35849724420035E-10	1.0E+10	1E-30	1.0E+10	0.210823675531818	1.04601321302363E-09	1.0E+10	2.30964502165118	1E-30	3.40366438109355E-14	4.33434415882073E-06	1E-30	5.62453437125856E-14	1.06265221453703E-06	3.60853017939754E-11	5.93409414508652E-11	11.9984340345526	3.56201673911935E-12	2.61537908381766E-10	135.017128386599	4.5663940298633E-12	1.10512862497284E-10	49.0091009393713	2.94931083027577E-12	8.82158820154059E-11	33.0173655011753	2.99170791114126E-14	1.17106219862054E-14	226.081988315658	1.0E+10	1E-30	1.0E-10	1.0E+10	1E-30	1.0E-10	1.0E+10	1E-30	1.0E-10	1.0E+10	1E-30	1.0E-10	1.0E+10	1E-30	1.0E-10	1.0E+10	1E-30	1.0E-10	1.0E+10	1E-30	1.0E-10
9	0.000000000022	1.0E+10	1.0E+10	1E-30	7.64480051355716E-12	1.0E+10	1E-30	1.0E+10	0.2	1.97116467209283E-11	8.90709553088946E-11	18.496826575134	1.15651612860258E-12	7.74684390730886E-10	565.688277087766	1.0E+10	1E-30	1.0E-10	1.0E+10	1E-30	1.0E-10	1.0E+10	1E-30	1.0E-10	1.0E+10	1E-30	1.0E-10	1.0E+10	1E-30	1.0E-10	1.0E+10	1E-30	1.0E-10	1.0E+10	1E-30	1.0E-10	1.0E+10	1E-30	1.0E-10	1.0E+10	1E-30	1.0E-10	1.0E+10	1E-30	1.0E-10	1.0E+10	1E-30	1.0E-10	1.0E+10	1E-30	1.0E-10	1.0E+10	1E-30	1.0E-10
10	0.000000000022	1.0E+10	1.0E+10	1E-30	4.35849724420035E-10	1.0E+10	1E-30	1.0E+10	0.210823675531818	1.04601321302363E-09	1.0E+10	2.30964502165118	1E-30	3.40366438109355E-14	4.33434415882073E-06	1E-30	5.62453437125856E-14	1.06265221453703E-06	3.60853017939754E-11	5.93409414508652E-11	11.9984340345526	3.56201673911935E-12	2.61537908381766E-10	135.017128386599	4.5663940298633E-12	1.10512862497284E-10	49.0091009393713	2.94931083027577E-12	8.82158820154059E-11	33.0173655011753	2.99170791114126E-14	1.17106219862054E-14	226.081988315658	1.0E+10	1E-30	1.0E-10	1.0E+10	1E-30	1.0E-10	1.0E+10	1E-30	1.0E-10	1.0E+10	1E-30	1.0E-10	1.0E+10	1E-30	1.0E-10	1.0E+10	1E-30	1.0E-10	1.0E+10	1E-30	1.0E-10
11	0.000000000027	1.0E+10	1.0E+10	1E-30	1.28679398274241E-10	1.0E+10	1E-30	1.0E+10	0.170671246977388	4.64748082189919E-11	6.2134480269639E-11	9.85309181354225	2.17704773220266E-12	4.8388517481924E-10	179.453602235787	3.12509935943845E-12	2.32020919207348E-10	111.418242017396	1.0E+10	1E-30	1.0E-10	1.0E+10	1E-30	1.0E-10	1.0E+10	1E-30	1.0E-10	1.0E+10	1E-30	1.0E-10	1.0E+10	1E-30	1.0E-10	1.0E+10	1E-30	1.0E-10	1.0E+10	1E-30	1.0E-10	1.0E+10	1E-30	1.0E-10	1.0E+10	1E-30	1.0E-10	1.0E+10	1E-30	1.0E-10	1.0E+10	1E-30	1.0E-10	1.0E+10	1E-30	1.0E-10
12	0.000000000027	1.0E+10	1.0E+10	1E-30	2.24186933040051E-10	1.0E+10	1E-30	1.0E+10	0.195	3.06426899965473E-11	5.51089474921828E-11	8.21227054644319	1.30354013529608E-12	7.77287369649871E-10	581.902008773607	1.0E+10	1E-30	1.0E-10	1.0E+10	1E-30	1.0E-10	1.0E+10	1E-30	1.0E-10	1.0E+10	1E-30	1.0E-10	1.0E+10	1E-30	1.0E-10	1.0E+10	1E-30	1.0E-10	1.0E+10	1E-30	1.0E-10	1.0E+10	1E-30	1.0E-10	1.0E+10	1E-30	1.0E-10	1.0E+10	1E-30	1.0E-10	1.0E+10	1E-30	1.0E-10	1.0E+10	1E-30	1.0E-10	1.0E+10	1E-30	1.0E-10
13	0.000000000033	1.0E+10	1.0E+10	1E-30	1.16794084594726E-11	1.0E+10	1E-30	1.0E+10	0.166398866648617	1.89329202831458E-11	8.00447163520483E-11	11.055350846726	1.01828172861079E-12	9.43500895024273E-10	783.343385284504	1.0E+10	1E-30	1.0E-10	1.0E+10	1E-30	1.0E-10	1.0E+10	1E-30	1.0E-10	1.0E+10	1E-30	1.0E-10	1.0E+10	1E-30	1.0E-10	1.0E+10	1E-30	1.0E-10	1.0E+10	1E-30	1.0E-10	1.0E+10	1E-30	1.0E-10	1.0E+10	1E-30	1.0E-10	1.0E+10	1E-30	1.0E-10	1.0E+10	1E-30	1.0E-10	1.0E+10	1E-30	1.0E-10	1.0E+10	1E-30	1.0E-10
14	0.000000000033	1.0E+10	1.0E+10	1E-30	5.14627960946354E-11	1.0E+10	1E-30	1.0E+10	0.19	4.09875499786596E-11	5.41951502257914E-11	6.53498892090611	1.3210087321038E-12	8.13302945264924E-10	441.761970162187	1.02016848128829E-11	6.48214992057393E-11	15.6008488804625	1.0E+10	1E-30	1.0E-10	1.0E+10	1E-30	1.0E-10	1.0E+10	1E-30	1.0E-10	1.0E+10	1E-30	1.0E-10	1.0E+10	1E-30	1.0E-10	1.0E+10	1E-30	1.0E-10	1.0E+10	1E-30	1.0E-10	1.0E+10	1E-30	1.0E-10	1.0E+10	1E-30	1.0E-10	1.0E+10	1E-30	1.0E-10	1.0E+10	1E-30	1.0E-10	1.0E+10	1E-30	1.0E-10
15	0.000000000039	1.0E+10	1.0E+10	1E-30	4.19461124511086E-12	1.0E+10	1E-30	1.0E+10	0.162629010279627	2.67434607292931E-11	7.64421106663949E-11	9.19544031113592	1.30305978957545E-12	9.59044388748912E-10	698.155527015678	1.0E+10	1E-30	1.0E-10	1.0E+10	1E-30	1.0E-10	1.0E+10	1E-30	1.0E-10	1.0E+10	1E-30	1.0E-10	1.0E+10	1E-30	1.0E-10	1.0E+10	1E-30	1.0E-10	1.0E+10	1E-30	1.0E-10	1.0E+10	1E-30	1.0E-10	1.0E+10	1E-30	1.0E-10	1.0E+10	1E-30	1.0E-10	1.0E+10	1E-30	1.0E-10	1.0E+10	1E-30	1.0E-10	1.0E+10	1E-30	1.0E-10
16	0.000000000039	1.0E+10	1.0E+10	1E-30	3.12054153701639E-11	1.0E+10	1E-30	1.0E+10	0.185	7.2290636553334E-11	3.99455336402766E-11	4.48443865083685	1.93035484316958E-12	6.06376195116318E-10	223.39193751434	2.89313931612506E-12	2.82097146637685E-10	72.9583998744768	1.0E+10	1E-30	1.0E-10	1.0E+10	1E-30	1.0E-10	1.0E+10	1E-30	1.0E-10	1.0E+10	1E-30	1.0E-10	1.0E+10	1E-30	1.0E-10	1.0E+10	1E-30	1.0E-10	1.0E+10	1E-30	1.0E-10	1.0E+10	1E-30	1.0E-10	1.0E+10	1E-30	1.0E-10	1.0E+10	1E-30	1.0E-10	1.0E+10	1E-30	1.0E-10	1.0E+10	1E-30	1.0E-10
17	0.000000000047	1.0E+10	1.0E+10	1E-30	5.00162821600454E-12	1.0E+10	1E-30	1.0E+10	0.146923888886182	7.892554805728E-11	3.92042066715883E-11	3.26266534228918	1.21608615281691E-12	9.37213873234251E-10	420.680305374092	1.0E+10	1E-30	1.0E-10	1.0E+10	1E-30	1.0E-10	1.0E+10	1E-30	1.0E-10	1.0E+10	1E-30	1.0E-10	1.0E+10	1E-30	1.0E-10	1.0E+10	1E-30	1.0E-10	1.0E+10	1E-30	1.0E-10	1.0E+10	1E-30	1.0E-10	1.0E+10	1E-30	1.0E-10	1.0E+10	1E-30	1.0E-10	1.0E+10	1E-30	1.0E-10	1.0E+10	1E-30	1.0E-10	1.0E+10	1E-30	1.0E-10
18	0.000000000047	1.0E+10	1.0E+10	1E-30	2.22580331131193E-11	1.0E+10	1E-30	1.0E+10	0.18	1.0426119756251E-10	4.04917273520312E-11	3.92371470973135	4.8471889678391E-12	2.73602660784798E-10	48.5657590218938	1.40088742137915E-12	6.17089944500241E-10	275.761253349503	1.0E+10	1E-30	1.0E-10	1.0E+10	1E-30	1.0E-10	1.0E+10	1E-30	1.0E-10	1.0E+10	1E-30	1.0E-10	1.0E+10	1E-30	1.0E-10	1.0E+10	1E-30	1.0E-10	1.0E+10	1E-30	1.0E-10	1.0E+10	1E-30	1.0E-10	1.0E+10	1E-30	1.0E-10	1.0E+10	1E-30	1.0E-10	1.0E+10	1E-30	1.0E-10	1.0E+10	1E-30	1.0E-10
19	0.000000000056	1.0E+10	1.0E+10	1E-30	3.50887480173049E-11	1.0E+10	1E-30	1.0E+10	0.138425551107948	1.04044135570767E-10	4.10518440095077E-11	2.90785354713169	3.12582271868419E-12	4.18638059509993E-10	108.131488282748	1.94228320048715E-12	4.76657526235868E-10	215.52992501894	1.0E+10	1E-30	1.0E-10	1.0E+10	1E-30	1.0E-10	1.0E+10	1E-30	1.0E-10	1.0E+10	1E-30	1.0E-10	1.0E+10	1E-30	1.0E-10	1.0E+10	1E-30	1.0E-10	1.0E+10	1E-30	1.0E-10	1.0E+10	1E-30	1.0E-10	1.0E+10	1E-30	1.0E-10	1.0E+10	1E-30	1.0E-10	1.0E+10	1E-30	1.0E-10	1.0E+10	1E-30	1.0E-10
20	0.000000000068	1.0E+10	1.0E+10	1E-30	4.16901955610355E-12	1.0E+10	1E-30	1.0E+10	0.128963056070407	1.57477171726956E-10	3.92042066715884E-11	2.30979017492985	1.64045508218369E-11	1.05157126139665E-10	13.0002642624598	1.0922261088569E-12	8.47630264545333E-10	410.683805669155	1.0E+10	1E-30	1.0E-10	1.0E+10	1E-30	1.0E-10	1.0E+10	1E-30	1.0E-10	1.0E+10	1E-30	1.0E-10	1.0E+10	1E-30	1.0E-10	1.0E+10	1E-30	1.0E-10	1.0E+10	1E-30	1.0E-10	1.0E+10	1E-30	1.0E-10	1.0E+10	1E-30	1.0E-10	1.0E+10	1E-30	1.0E-10	1.0E+10	1E-30	1.0E-10	1.0E+10	1E-30	1.0E-10
21	0.000000000082	1.0E+10	1.0E+10	1E-30	7.24345790162271E-12	1.0E+10	1E-30	1.0E+10	0.111185307180218	1.93739246491533E-10	4.39878433717903E-11	2.7769785787469	2.72247777663146E-11	9.59044388748913E-11	9.63722903737976	1.21182641806485E-12	8.19095079280145E-10	304.444111078981	1.0E+10	1E-30	1.0E-10	1.0E+10	1E-30	1.0E-10	1.0E+10	1E-30	1.0E-10	1.0E+10	1E-30	1.0E-10	1.0E+10	1E-30	1.0E-10	1.0E+10	1E-30	1.0E-10	1.0E+10	1E-30	1.0E-10	1.0E+10	1E-30	1.0E-10	1.0E+10	1E-30	1.0E-10	1.0E+10	1E-30	1.0E-10	1.0E+10	1E-30	1.0E-10	1.0E+10	1E-30	1.0E-10
22	1.0E-10	1.0E+10	1.0E+10	1E-30	7.78420288156257E-12	1.0E+10	1E-30	1.0E+10	0.105581001810219	2.32925805646346E-10	5.28850196414248E-11	2.7769785787469	5.30840859072614E-11	7.4445544148527E-11	5.67482117386972	1.03143156011353E-12	8.38174254639021E-10	333.816329742296	1.0E+10	1E-30	1.0E-10	1.0E+10	1E-30	1.0E-10	1.0E+10	1E-30	1.0E-10	1.0E+10	1E-30	1.0E-10	1.0E+10	1E-30	1.0E-10	1.0E+10	1E-30	1.0E-10	1.0E+10	1E-30	1.0E-10	1.0E+10	1E-30	1.0E-10	1.0E+10	1E-30	1.0E-10	1.0E+10	1E-30	1.0E-10	1.0E+10	1E-30	1.0E-10	1.0E+10	1E-30	1.0E-10
END DSCRDATA
