BEGIN DSCRDATA
% INDEX	K01	L01	M01	K02	L02	M02	K03	L03	M03	K04	L04	M04	K05	L05	M05	K06	L06	M06	K07	L07	M07	K08	L08	M08	K09	L09	M09	K10	L10	M10	K11	L11	M11	K12	L12	M12	K13	L13	M13	K14	L14	M14	K15	L15	M15	K16	L16	M16	K17	L17	M17	K18	L18	M18
0	0.000000000096	1.0E+10	1000000000	1E-30	0.000000000145	1.0E+10	1E-30	1.0E+10	0.8	4.09910450694511E-09	1.0E+10	2.58845060463392	2.5194256453357E-09	1.0E+10	0.902444590249846	4.85595984198946E-10	1.0E+10	0.819379423794259	1E-30	1.22186475498634E-10	13.4351046828088	0.000000000055	0.0000000000062	2.44599533309522	0.00000000003	0.00000000001	100000	1.0E+10	1E-30	1.0E-10	1.0E+10	1E-30	1.0E-10	1.0E+10	1E-30	1.0E-10	1.0E+10	1E-30	1.0E-10	1.0E+10	1E-30	1.0E-10	1.0E+10	1E-30	1.0E-10	1.0E+10	1E-30	1.0E-10	1.0E+10	1E-30	1.0E-10	1.0E+10	1E-30	1.0E-10
1	0.000000000215	1.0E+10	1000000000	1E-30	0.000000000165	1.0E+10	1E-30	1.0E+10	0.42	9.06846970657186E-09	1.0E+10	2.50719483853184	4.75472787848591E-09	1.0E+10	0.478185524445607	1.15444558647209E-09	1.0E+10	0.34465665804627	1E-30	5.47788935456492E-11	1.80697618011528	0.00000000001	0.00000000003	5.57146439249933	0.000000000009	0.00000000003	100000	1.0E+10	1E-30	1.0E-10	1.0E+10	1E-30	1.0E-10	1.0E+10	1E-30	1.0E-10	1.0E+10	1E-30	1.0E-10	1.0E+10	1E-30	1.0E-10	1.0E+10	1E-30	1.0E-10	1.0E+10	1E-30	1.0E-10	1.0E+10	1E-30	1.0E-10	1.0E+10	1E-30	1.0E-10
2	0.000000000472	1.0E+10	1000000000	1E-30	0.00000000018	1.0E+10	1E-30	1.0E+10	0.28	2.8329841723487E-08	1.0E+10	2.44257634827989	1.51553623805239E-08	1.0E+10	0.477343623560129	2.64994509367812E-09	1.0E+10	0.15014928372628	2.04244174617499E-08	1.0E+10	0.12987309869829	1E-30	5.88950640947923E-11	0.792961288683855	0.00000000001	0.00000000003	5.57146439249933	0.000000000009	0.00000000003	100000	1.0E+10	1E-30	1.0E-10	1.0E+10	1E-30	1.0E-10	1.0E+10	1E-30	1.0E-10	1.0E+10	1E-30	1.0E-10	1.0E+10	1E-30	1.0E-10	1.0E+10	1E-30	1.0E-10	1.0E+10	1E-30	1.0E-10	1.0E+10	1E-30	1.0E-10
3	0.000000000472	1.0E+10	1000000000	1E-30	0.00000000018	1.0E+10	1E-30	1.0E+10	0.28	2.8329841723487E-08	1.0E+10	2.44257634827989	1.51553623805239E-08	1.0E+10	0.477343623560129	2.64994509367812E-09	1.0E+10	0.15014928372628	2.04244174617499E-08	1.0E+10	0.12987309869829	1E-30	5.88950640947923E-11	0.792961288683855	0.00000000001	0.00000000003	5.57146439249933	0.000000000009	0.00000000003	100000	1.0E+10	1E-30	1.0E-10	1.0E+10	1E-30	1.0E-10	1.0E+10	1E-30	1.0E-10	1.0E+10	1E-30	1.0E-10	1.0E+10	1E-30	1.0E-10	1.0E+10	1E-30	1.0E-10	1.0E+10	1E-30	1.0E-10	1.0E+10	1E-30	1.0E-10
4	0.000000000472	1.0E+10	1000000000	1E-30	0.00000000018	1.0E+10	1E-30	1.0E+10	0.28	2.8329841723487E-08	1.0E+10	2.44257634827989	1.51553623805239E-08	1.0E+10	0.477343623560129	2.64994509367812E-09	1.0E+10	0.15014928372628	2.04244174617499E-08	1.0E+10	0.12987309869829	1E-30	5.88950640947923E-11	0.792961288683855	0.00000000001	0.00000000003	5.57146439249933	0.000000000009	0.00000000003	100000	1.0E+10	1E-30	1.0E-10	1.0E+10	1E-30	1.0E-10	1.0E+10	1E-30	1.0E-10	1.0E+10	1E-30	1.0E-10	1.0E+10	1E-30	1.0E-10	1.0E+10	1E-30	1.0E-10	1.0E+10	1E-30	1.0E-10	1.0E+10	1E-30	1.0E-10
5	0.00000000097	1.0E+10	1000000000	1E-30	0.000000000162	1.0E+10	1E-30	1.0E+10	0.19	1.50553828877298E-07	1.0E+10	4.7899238217493	4.62443661357771E-08	1.0E+10	1.63499122704967	3.76239336472611E-08	1.0E+10	0.192279618152388	4.45371147251375E-08	1.0E+10	0.059558918471379	7.67092909342716E-09	1.0E+10	0.051869513182004	2.63198279238469E-10	2.7497244373953E-11	0.241878394573688	0.000000000005	0.000000000058	8.56326214155187	0.000000000009	0.00000000003	100000	1.0E+10	1E-30	1.0E-10	1.0E+10	1E-30	1.0E-10	1.0E+10	1E-30	1.0E-10	1.0E+10	1E-30	1.0E-10	1.0E+10	1E-30	1.0E-10	1.0E+10	1E-30	1.0E-10	1.0E+10	1E-30	1.0E-10
6	0.00000000097	1.0E+10	1000000000	1E-30	0.000000000162	1.0E+10	1E-30	1.0E+10	0.19	1.50553828877298E-07	1.0E+10	4.7899238217493	4.62443661357771E-08	1.0E+10	1.63499122704967	3.76239336472611E-08	1.0E+10	0.192279618152388	4.45371147251375E-08	1.0E+10	0.059558918471379	7.67092909342716E-09	1.0E+10	0.051869513182004	2.63198279238469E-10	2.7497244373953E-11	0.241878394573688	0.000000000005	0.000000000058	8.56326214155187	0.000000000009	0.00000000003	100000	1.0E+10	1E-30	1.0E-10	1.0E+10	1E-30	1.0E-10	1.0E+10	1E-30	1.0E-10	1.0E+10	1E-30	1.0E-10	1.0E+10	1E-30	1.0E-10	1.0E+10	1E-30	1.0E-10	1.0E+10	1E-30	1.0E-10
7	0.00000000097	1.0E+10	1000000000	1E-30	0.000000000162	1.0E+10	1E-30	1.0E+10	0.19	1.50553828877298E-07	1.0E+10	4.7899238217493	4.62443661357771E-08	1.0E+10	1.63499122704967	3.76239336472611E-08	1.0E+10	0.192279618152388	4.45371147251375E-08	1.0E+10	0.059558918471379	7.67092909342716E-09	1.0E+10	0.051869513182004	2.63198279238469E-10	2.7497244373953E-11	0.241878394573688	0.000000000005	0.000000000058	8.56326214155187	0.000000000009	0.00000000003	100000	1.0E+10	1E-30	1.0E-10	1.0E+10	1E-30	1.0E-10	1.0E+10	1E-30	1.0E-10	1.0E+10	1E-30	1.0E-10	1.0E+10	1E-30	1.0E-10	1.0E+10	1E-30	1.0E-10	1.0E+10	1E-30	1.0E-10
8	0.00000000211	1.0E+10	1000000000	1E-30	0.00000000017	1.0E+10	1E-30	1.0E+10	0.15	2.13039759960384E-07	1.0E+10	7.47066853255425	1.32321195878011E-07	1.0E+10	1.85045001277536	8.32676466755484E-08	1.0E+10	0.368337385327559	9.30455691325965E-08	1.0E+10	3.58899773768393E-02	4.00611704634148E-10	3.01090695358548E-11	0.172730353466572	0.000000000009	0.00000000003	100000	0.0000000000035	0.000000000065	7.34286201814831	1.0E+10	1E-30	1.0E-10	1.0E+10	1E-30	1.0E-10	1.0E+10	1E-30	1.0E-10	1.0E+10	1E-30	1.0E-10	1.0E+10	1E-30	1.0E-10	1.0E+10	1E-30	1.0E-10	1.0E+10	1E-30	1.0E-10	1.0E+10	1E-30	1.0E-10
9	0.00000000446	1.0E+10	1000000000	1E-30	0.00000000017	1.0E+10	1E-30	1.0E+10	0.091	2.07159107913176E-07	1.0E+10	1.67284656212979	1.40197350523894E-06	1.0E+10	0.802246700507367	2.20580354297102E-07	1.0E+10	0.180382046713833	3.41834200593525E-07	1.0E+10	3.87992538525878E-02	1E-30	1.06104310984468E-11	0.200001914341807	4.80187792749306E-10	4.18657236947718E-11	0.141039628081584	0.0000000000075	0.000000000034	100000	0.000000000006	0.00000000004	4.83338066999607	1.0E+10	1E-30	1.0E-10	1.0E+10	1E-30	1.0E-10	1.0E+10	1E-30	1.0E-10	1.0E+10	1E-30	1.0E-10	1.0E+10	1E-30	1.0E-10	1.0E+10	1E-30	1.0E-10	1.0E+10	1E-30	1.0E-10
10	4.43030204996501E-09	1.0E+10	1000000000	1E-30	2.23674130738163E-10	1.0E+10	1E-30	1.0E+10	0.120765814318853	1.15060561728302E-07	1.0E+10	34.8251824714745	3.17382014454667E-07	1.0E+10	2.29606137844639	2.45842265478079E-07	1.0E+10	0.679864428746263	2.20619065150762E-07	1.0E+10	0.127468274075347	1E-30	2.09759549132412E-11	0.237233600157092	1.27686777127094E-09	3.15312245159053E-11	9.40106733115251E-02	1.79571503266081E-11	2.00300961676463E-11	4.88633904007452	1.0E+10	1E-30	1.0E-10	1.0E+10	1E-30	1.0E-10	1.0E+10	1E-30	1.0E-10	1.0E+10	1E-30	1.0E-10	1.0E+10	1E-30	1.0E-10	1.0E+10	1E-30	1.0E-10	1.0E+10	1E-30	1.0E-10	1.0E+10	1E-30	1.0E-10
11	0.0000000095	1.0E+10	5000000000	1E-30	0.00000000016	1.0E+10	1E-30	1.0E+10	0.055	7.14006618339502E-07	1.0E+10	5.86867999942851	7.81937426103276E-07	1.0E+10	1.19568872938505	1.01289512059725E-06	1.0E+10	0.27241163758937	6.36558189332441E-07	1.0E+10	0.1382847029123	6.85391643934079E-07	1.0E+10	2.38183307618577E-02	1E-30	4.02073229223136E-11	0.16228320911129	1E-30	5.07497265413999E-12	5.51317953907593E-02	1.02612366025238E-08	2.05053237435602E-11	4.27402278801035E-02	0.0000000000075	0.000000000034	100000	0.000000000008	0.000000000025	3.13274697619779	1.0E+10	1E-30	1.0E-10	1.0E+10	1E-30	1.0E-10	1.0E+10	1E-30	1.0E-10	1.0E+10	1E-30	1.0E-10	1.0E+10	1E-30	1.0E-10
12	0.0000000095	1.0E+10	1000000000	1E-30	0.00000000016	1.0E+10	1E-30	1.0E+10	0.055	7.14006618339502E-07	1.0E+10	5.86867999942851	7.81937426103276E-07	1.0E+10	1.19568872938505	1.01289512059725E-06	1.0E+10	0.27241163758937	6.36558189332441E-07	1.0E+10	0.1382847029123	6.85391643934079E-07	1.0E+10	2.38183307618577E-02	1E-30	4.02073229223136E-11	0.16228320911129	1E-30	5.07497265413999E-12	5.51317953907593E-02	1.02612366025238E-08	2.05053237435602E-11	4.27402278801035E-02	0.0000000000075	0.000000000034	100000	0.000000000008	0.000000000025	3.13274697619779	1.0E+10	1E-30	1.0E-10	1.0E+10	1E-30	1.0E-10	1.0E+10	1E-30	1.0E-10	1.0E+10	1E-30	1.0E-10	1.0E+10	1E-30	1.0E-10
13	0.0000000095	1.0E+10	1000000000	1E-30	0.00000000016	1.0E+10	1E-30	1.0E+10	0.055	7.14006618339502E-07	1.0E+10	5.86867999942851	7.81937426103276E-07	1.0E+10	1.19568872938505	1.01289512059725E-06	1.0E+10	0.27241163758937	6.36558189332441E-07	1.0E+10	0.1382847029123	6.85391643934079E-07	1.0E+10	2.38183307618577E-02	1E-30	4.02073229223136E-11	0.16228320911129	1E-30	5.07497265413999E-12	5.51317953907593E-02	1.02612366025238E-08	2.05053237435602E-11	4.27402278801035E-02	0.0000000000075	0.000000000034	100000	0.000000000008	0.000000000025	3.13274697619779	1.0E+10	1E-30	1.0E-10	1.0E+10	1E-30	1.0E-10	1.0E+10	1E-30	1.0E-10	1.0E+10	1E-30	1.0E-10	1.0E+10	1E-30	1.0E-10
14	0.0000000095	1.0E+10	1000000000	1E-30	0.00000000016	1.0E+10	1E-30	1.0E+10	0.055	7.14006618339502E-07	1.0E+10	5.86867999942851	7.81937426103276E-07	1.0E+10	1.19568872938505	1.01289512059725E-06	1.0E+10	0.27241163758937	6.36558189332441E-07	1.0E+10	0.1382847029123	6.85391643934079E-07	1.0E+10	2.38183307618577E-02	1E-30	4.02073229223136E-11	0.16228320911129	1E-30	5.07497265413999E-12	5.51317953907593E-02	1.02612366025238E-08	2.05053237435602E-11	4.27402278801035E-02	0.0000000000075	0.000000000034	100000	0.000000000008	0.000000000025	3.13274697619779	1.0E+10	1E-30	1.0E-10	1.0E+10	1E-30	1.0E-10	1.0E+10	1E-30	1.0E-10	1.0E+10	1E-30	1.0E-10	1.0E+10	1E-30	1.0E-10
15	0.0000000095	1.0E+10	1000000000	1E-30	0.00000000016	1.0E+10	1E-30	1.0E+10	0.055	7.14006618339502E-07	1.0E+10	5.86867999942851	7.81937426103276E-07	1.0E+10	1.19568872938505	1.01289512059725E-06	1.0E+10	0.27241163758937	6.36558189332441E-07	1.0E+10	0.1382847029123	6.85391643934079E-07	1.0E+10	2.38183307618577E-02	1E-30	4.02073229223136E-11	0.16228320911129	1E-30	5.07497265413999E-12	5.51317953907593E-02	1.02612366025238E-08	2.05053237435602E-11	4.27402278801035E-02	0.0000000000075	0.000000000034	100000	0.000000000008	0.000000000025	3.13274697619779	1.0E+10	1E-30	1.0E-10	1.0E+10	1E-30	1.0E-10	1.0E+10	1E-30	1.0E-10	1.0E+10	1E-30	1.0E-10	1.0E+10	1E-30	1.0E-10
16	1.45169875049844E-08	1.0E+10	3333333333.33333	1E-30	1.42987355278709E-10	1.0E+10	1E-30	1.0E+10	6.48360167931784E-02	6.76750498674366E-07	1.0E+10	3.71675214177489	9.18696545070849E-07	1.0E+10	0.458949915221425	1.44453807841143E-06	1.0E+10	6.61680248681168E-02	1.3250509537276E-06	1.0E+10	1.84679790532232E-02	1E-30	1.23514475437518E-11	0.108528405269711	1E-30	4.94654664661148E-11	8.37424295293699E-02	1.58220350391198E-12	8.22027575934058E-11	20.337821087074	1.0E+10	1E-30	1.0E-10	1.0E+10	1E-30	1.0E-10	1.0E+10	1E-30	1.0E-10	1.0E+10	1E-30	1.0E-10	1.0E+10	1E-30	1.0E-10	1.0E+10	1E-30	1.0E-10	1.0E+10	1E-30	1.0E-10	1.0E+10	1E-30	1.0E-10
17	1.45169875049844E-08	1.0E+10	3333333333.33333	1E-30	1.42987355278709E-10	1.0E+10	1E-30	1.0E+10	6.48360167931784E-02	6.76750498674366E-07	1.0E+10	3.71675214177489	9.18696545070849E-07	1.0E+10	0.458949915221425	1.44453807841143E-06	1.0E+10	6.61680248681168E-02	1.3250509537276E-06	1.0E+10	1.84679790532232E-02	1E-30	1.23514475437518E-11	0.108528405269711	1E-30	4.94654664661148E-11	8.37424295293699E-02	1.58220350391198E-12	8.22027575934058E-11	20.337821087074	1.0E+10	1E-30	1.0E-10	1.0E+10	1E-30	1.0E-10	1.0E+10	1E-30	1.0E-10	1.0E+10	1E-30	1.0E-10	1.0E+10	1E-30	1.0E-10	1.0E+10	1E-30	1.0E-10	1.0E+10	1E-30	1.0E-10	1.0E+10	1E-30	1.0E-10
18	1.45169875049844E-08	1.0E+10	3333333333.33333	1E-30	1.42987355278709E-10	1.0E+10	1E-30	1.0E+10	6.48360167931784E-02	6.76750498674366E-07	1.0E+10	3.71675214177489	9.18696545070849E-07	1.0E+10	0.458949915221425	1.44453807841143E-06	1.0E+10	6.61680248681168E-02	1.3250509537276E-06	1.0E+10	1.84679790532232E-02	1E-30	1.23514475437518E-11	0.108528405269711	1E-30	4.94654664661148E-11	8.37424295293699E-02	1.58220350391198E-12	8.22027575934058E-11	20.337821087074	1.0E+10	1E-30	1.0E-10	1.0E+10	1E-30	1.0E-10	1.0E+10	1E-30	1.0E-10	1.0E+10	1E-30	1.0E-10	1.0E+10	1E-30	1.0E-10	1.0E+10	1E-30	1.0E-10	1.0E+10	1E-30	1.0E-10	1.0E+10	1E-30	1.0E-10
19	2.18856862721916E-08	1.0E+10	2272727272.72727	1E-30	1.06019007302785E-10	1.0E+10	1E-30	1.0E+10	0.036345212498617	9.22141885630017E-07	1.0E+10	2.65331208969353	1.55150677300738E-06	1.0E+10	0.214690155214837	2.98838219949421E-06	1.0E+10	3.30415735297479E-02	2.20628443115888E-06	1.0E+10	1.11167647154717E-02	1E-30	4.95105635598687E-11	0.140882955717547	2.75261646435191E-08	2.57374139236149E-11	3.43877737485805E-02	1.64047667403787E-14	9.90188535799563E-11	32.0340614279773	1.0E+10	1E-30	1.0E-10	1.0E+10	1E-30	1.0E-10	1.0E+10	1E-30	1.0E-10	1.0E+10	1E-30	1.0E-10	1.0E+10	1E-30	1.0E-10	1.0E+10	1E-30	1.0E-10	1.0E+10	1E-30	1.0E-10	1.0E+10	1E-30	1.0E-10
20	2.18856862721916E-08	1.0E+10	2272727272.72727	1E-30	1.06019007302785E-10	1.0E+10	1E-30	1.0E+10	0.036345212498617	9.22141885630017E-07	1.0E+10	2.65331208969353	1.55150677300738E-06	1.0E+10	0.214690155214837	2.98838219949421E-06	1.0E+10	3.30415735297479E-02	2.20628443115888E-06	1.0E+10	1.11167647154717E-02	1E-30	4.95105635598687E-11	0.140882955717547	2.75261646435191E-08	2.57374139236149E-11	3.43877737485805E-02	1.64047667403787E-14	9.90188535799563E-11	32.0340614279773	1.0E+10	1E-30	1.0E-10	1.0E+10	1E-30	1.0E-10	1.0E+10	1E-30	1.0E-10	1.0E+10	1E-30	1.0E-10	1.0E+10	1E-30	1.0E-10	1.0E+10	1E-30	1.0E-10	1.0E+10	1E-30	1.0E-10	1.0E+10	1E-30	1.0E-10
21	2.18856862721916E-08	1.0E+10	2272727272.72727	1E-30	1.06019007302785E-10	1.0E+10	1E-30	1.0E+10	0.036345212498617	9.22141885630017E-07	1.0E+10	2.65331208969353	1.55150677300738E-06	1.0E+10	0.214690155214837	2.98838219949421E-06	1.0E+10	3.30415735297479E-02	2.20628443115888E-06	1.0E+10	1.11167647154717E-02	1E-30	4.95105635598687E-11	0.140882955717547	2.75261646435191E-08	2.57374139236149E-11	3.43877737485805E-02	1.64047667403787E-14	9.90188535799563E-11	32.0340614279773	1.0E+10	1E-30	1.0E-10	1.0E+10	1E-30	1.0E-10	1.0E+10	1E-30	1.0E-10	1.0E+10	1E-30	1.0E-10	1.0E+10	1E-30	1.0E-10	1.0E+10	1E-30	1.0E-10	1.0E+10	1E-30	1.0E-10	1.0E+10	1E-30	1.0E-10
22	2.18856862721916E-08	1.0E+10	1000000000	1E-30	1.06019007302785E-10	1.0E+10	1E-30	1.0E+10	0.036345212498617	9.22141885630017E-07	1.0E+10	2.65331208969353	1.55150677300738E-06	1.0E+10	0.214690155214837	2.98838219949421E-06	1.0E+10	3.30415735297479E-02	2.20628443115888E-06	1.0E+10	1.11167647154717E-02	1E-30	4.95105635598687E-11	0.140882955717547	2.75261646435191E-08	2.57374139236149E-11	3.43877737485805E-02	1.64047667403787E-14	9.90188535799563E-11	32.0340614279773	1.0E+10	1E-30	1.0E-10	1.0E+10	1E-30	1.0E-10	1.0E+10	1E-30	1.0E-10	1.0E+10	1E-30	1.0E-10	1.0E+10	1E-30	1.0E-10	1.0E+10	1E-30	1.0E-10	1.0E+10	1E-30	1.0E-10	1.0E+10	1E-30	1.0E-10
23	2.0943913952492E-08	1.0E+10	1000000000	1E-30	1.88815212898826E-10	1.0E+10	1E-30	1.0E+10	3.81873266247413E-02	8.47251600780015E-07	1.0E+10	3.30469018227452	3.03925928961497E-06	1.0E+10	0.167684516158469	1.93911205702854E-06	1.0E+10	0.130910865596364	1.55831051073026E-06	1.0E+10	3.29048329198981E-02	1E-30	1.81515201073967E-11	0.165390506707928	1E-30	4.41562951918239E-11	0.090279593692651	3.64075212259421E-08	1.83641185753082E-11	2.45568541910904E-02	8.353607728119E-11	6.89461183991538E-12	0.453601517703046	1.0E+10	1E-30	1.0E-10	1.0E+10	1E-30	1.0E-10	1.0E+10	1E-30	1.0E-10	1.0E+10	1E-30	1.0E-10	1.0E+10	1E-30	1.0E-10	1.0E+10	1E-30	1.0E-10	1.0E+10	1E-30	1.0E-10
24	3.05079840253218E-08	1.0E+10	1515151515.15152	1E-30	1.76840039071058E-10	1.0E+10	1E-30	1.0E+10	3.21458042624424E-02	1.4462410337148E-06	1.0E+10	1.62849842404683	2.22700533337376E-06	1.0E+10	0.198704256279914	2.43096291801629E-06	1.0E+10	3.05132623001647E-02	6.47003490618387E-06	1.0E+10	2.39938546978955E-03	1E-30	1.02014195020746E-11	0.144049613725305	1E-30	4.87631224253982E-11	0.10552576815461	3.51330277106143E-08	2.83926594444572E-11	2.64619259938619E-02	1.87843335177343E-11	1.04937936595003E-11	0.812207579281273	1.0E+10	1E-30	1.0E-10	1.0E+10	1E-30	1.0E-10	1.0E+10	1E-30	1.0E-10	1.0E+10	1E-30	1.0E-10	1.0E+10	1E-30	1.0E-10	1.0E+10	1E-30	1.0E-10	1.0E+10	1E-30	1.0E-10
25	3.05079840253218E-08	1.0E+10	1515151515.15152	1E-30	1.76840039071058E-10	1.0E+10	1E-30	1.0E+10	3.21458042624424E-02	1.4462410337148E-06	1.0E+10	1.62849842404683	2.22700533337376E-06	1.0E+10	0.198704256279914	2.43096291801629E-06	1.0E+10	3.05132623001647E-02	6.47003490618387E-06	1.0E+10	2.39938546978955E-03	1E-30	1.02014195020746E-11	0.144049613725305	1E-30	4.87631224253982E-11	0.10552576815461	3.51330277106143E-08	2.83926594444572E-11	2.64619259938619E-02	1.87843335177343E-11	1.04937936595003E-11	0.812207579281273	1.0E+10	1E-30	1.0E-10	1.0E+10	1E-30	1.0E-10	1.0E+10	1E-30	1.0E-10	1.0E+10	1E-30	1.0E-10	1.0E+10	1E-30	1.0E-10	1.0E+10	1E-30	1.0E-10	1.0E+10	1E-30	1.0E-10
26	3.05079840253218E-08	1.0E+10	1515151515.15152	1E-30	1.76840039071058E-10	1.0E+10	1E-30	1.0E+10	3.21458042624424E-02	1.4462410337148E-06	1.0E+10	1.62849842404683	2.22700533337376E-06	1.0E+10	0.198704256279914	2.43096291801629E-06	1.0E+10	3.05132623001647E-02	6.47003490618387E-06	1.0E+10	2.39938546978955E-03	1E-30	1.02014195020746E-11	0.144049613725305	1E-30	4.87631224253982E-11	0.10552576815461	3.51330277106143E-08	2.83926594444572E-11	2.64619259938619E-02	1.87843335177343E-11	1.04937936595003E-11	0.812207579281273	1.0E+10	1E-30	1.0E-10	1.0E+10	1E-30	1.0E-10	1.0E+10	1E-30	1.0E-10	1.0E+10	1E-30	1.0E-10	1.0E+10	1E-30	1.0E-10	1.0E+10	1E-30	1.0E-10	1.0E+10	1E-30	1.0E-10
27	4.64353085729484E-08	1.0E+10	1063829787.23404	1E-30	1.8303339725185E-10	1.0E+10	1E-30	1.0E+10	2.50882395044717E-02	1.90005846512701E-06	1.0E+10	1.26841408979276	3.98051667514E-06	1.0E+10	0.109286738811826	3.39979213379864E-06	1.0E+10	2.24195618703516E-02	1E-30	1.25777670622442E-11	0.108913995879782	1E-30	6.1490585275332E-11	7.53497902666399E-02	4.62837220812399E-07	6.92174668300607E-12	6.21334288743673E-03	9.33568478931391E-08	1.69463521326405E-11	1.73479427180584E-02	1.7145901202878E-11	1.15016658056969E-11	0.598952274100065	1.0E+10	1E-30	1.0E-10	1.0E+10	1E-30	1.0E-10	1.0E+10	1E-30	1.0E-10	1.0E+10	1E-30	1.0E-10	1.0E+10	1E-30	1.0E-10	1.0E+10	1E-30	1.0E-10	1.0E+10	1E-30	1.0E-10
28	4.64353085729484E-08	1.0E+10	1063829787.23404	1E-30	1.8303339725185E-10	1.0E+10	1E-30	1.0E+10	2.50882395044717E-02	1.90005846512701E-06	1.0E+10	1.26841408979276	3.98051667514E-06	1.0E+10	0.109286738811826	3.39979213379864E-06	1.0E+10	2.24195618703516E-02	1E-30	1.25777670622442E-11	0.108913995879782	1E-30	6.1490585275332E-11	7.53497902666399E-02	4.62837220812399E-07	6.92174668300607E-12	6.21334288743673E-03	9.33568478931391E-08	1.69463521326405E-11	1.73479427180584E-02	1.7145901202878E-11	1.15016658056969E-11	0.598952274100065	1.0E+10	1E-30	1.0E-10	1.0E+10	1E-30	1.0E-10	1.0E+10	1E-30	1.0E-10	1.0E+10	1E-30	1.0E-10	1.0E+10	1E-30	1.0E-10	1.0E+10	1E-30	1.0E-10	1.0E+10	1E-30	1.0E-10
29	4.64353085729484E-08	1.0E+10	1063829787.23404	1E-30	1.8303339725185E-10	1.0E+10	1E-30	1.0E+10	2.50882395044717E-02	1.90005846512701E-06	1.0E+10	1.26841408979276	3.98051667514E-06	1.0E+10	0.109286738811826	3.39979213379864E-06	1.0E+10	2.24195618703516E-02	1E-30	1.25777670622442E-11	0.108913995879782	1E-30	6.1490585275332E-11	7.53497902666399E-02	4.62837220812399E-07	6.92174668300607E-12	6.21334288743673E-03	9.33568478931391E-08	1.69463521326405E-11	1.73479427180584E-02	1.7145901202878E-11	1.15016658056969E-11	0.598952274100065	1.0E+10	1E-30	1.0E-10	1.0E+10	1E-30	1.0E-10	1.0E+10	1E-30	1.0E-10	1.0E+10	1E-30	1.0E-10	1.0E+10	1E-30	1.0E-10	1.0E+10	1E-30	1.0E-10	1.0E+10	1E-30	1.0E-10
30	4.64353085729484E-08	1.0E+10	1063829787.23404	1E-30	1.8303339725185E-10	1.0E+10	1E-30	1.0E+10	2.50882395044717E-02	1.90005846512701E-06	1.0E+10	1.26841408979276	3.98051667514E-06	1.0E+10	0.109286738811826	3.39979213379864E-06	1.0E+10	2.24195618703516E-02	1E-30	1.25777670622442E-11	0.108913995879782	1E-30	6.1490585275332E-11	7.53497902666399E-02	4.62837220812399E-07	6.92174668300607E-12	6.21334288743673E-03	9.33568478931391E-08	1.69463521326405E-11	1.73479427180584E-02	1.7145901202878E-11	1.15016658056969E-11	0.598952274100065	1.0E+10	1E-30	1.0E-10	1.0E+10	1E-30	1.0E-10	1.0E+10	1E-30	1.0E-10	1.0E+10	1E-30	1.0E-10	1.0E+10	1E-30	1.0E-10	1.0E+10	1E-30	1.0E-10	1.0E+10	1E-30	1.0E-10
31	4.42057953464058E-08	1.0E+10	1063829787.23404	1E-30	1.82514130490198E-10	1.0E+10	1E-30	1.0E+10	2.51998294633555E-02	1.54698188353227E-06	1.0E+10	2.37557368796722	3.13168669943672E-06	1.0E+10	0.152310065995447	3.48780787650263E-06	1.0E+10	2.07832959731569E-02	1E-30	1.87569612626071E-11	0.189066383677104	1E-30	4.56070490612805E-11	7.44297178534103E-02	5.12619222352097E-08	2.74910979471713E-11	2.37097721216417E-02	1.5878988690123E-10	4.24584173600726E-12	0.24834891157982	1.0E+10	1E-30	1.0E-10	1.0E+10	1E-30	1.0E-10	1.0E+10	1E-30	1.0E-10	1.0E+10	1E-30	1.0E-10	1.0E+10	1E-30	1.0E-10	1.0E+10	1E-30	1.0E-10	1.0E+10	1E-30	1.0E-10	1.0E+10	1E-30	1.0E-10
32	8.34737394923407E-08	1.0E+10	500000000	1E-30	1.57736347862295E-10	1.0E+10	1E-30	1.0E+10	2.90227958891716E-02	9.65113829618252E-07	1.0E+10	11.7315195533964	9.60098222739352E-07	1.0E+10	1.92967438356563	1.78201296498139E-06	1.0E+10	0.142897749994343	1.11442919059371E-06	1.0E+10	2.21307177681461E-02	1E-30	1.72983599820987E-11	0.377163968614793	1E-30	4.44191527943819E-11	0.154155621775115	1.99108319616993E-08	4.77809765086928E-11	2.86085189658862E-02	8.02150109599009E-10	8.38977975777855E-13	0.102537398181621	1.0E+10	1E-30	1.0E-10	1.0E+10	1E-30	1.0E-10	1.0E+10	1E-30	1.0E-10	1.0E+10	1E-30	1.0E-10	1.0E+10	1E-30	1.0E-10	1.0E+10	1E-30	1.0E-10	1.0E+10	1E-30	1.0E-10
33	8.34737394923407E-08	1.0E+10	500000000	1E-30	1.57736347862295E-10	1.0E+10	1E-30	1.0E+10	2.90227958891716E-02	9.65113829618252E-07	1.0E+10	11.7315195533964	9.60098222739352E-07	1.0E+10	1.92967438356563	1.78201296498139E-06	1.0E+10	0.142897749994343	1.11442919059371E-06	1.0E+10	2.21307177681461E-02	1E-30	1.72983599820987E-11	0.377163968614793	1E-30	4.44191527943819E-11	0.154155621775115	1.99108319616993E-08	4.77809765086928E-11	2.86085189658862E-02	8.02150109599009E-10	8.38977975777855E-13	0.102537398181621	1.0E+10	1E-30	1.0E-10	1.0E+10	1E-30	1.0E-10	1.0E+10	1E-30	1.0E-10	1.0E+10	1E-30	1.0E-10	1.0E+10	1E-30	1.0E-10	1.0E+10	1E-30	1.0E-10	1.0E+10	1E-30	1.0E-10
34	8.34737394923407E-08	1.0E+10	500000000	1E-30	1.57736347862295E-10	1.0E+10	1E-30	1.0E+10	2.90227958891716E-02	9.65113829618252E-07	1.0E+10	11.7315195533964	9.60098222739352E-07	1.0E+10	1.92967438356563	1.78201296498139E-06	1.0E+10	0.142897749994343	1.11442919059371E-06	1.0E+10	2.21307177681461E-02	1E-30	1.72983599820987E-11	0.377163968614793	1E-30	4.44191527943819E-11	0.154155621775115	1.99108319616993E-08	4.77809765086928E-11	2.86085189658862E-02	8.02150109599009E-10	8.38977975777855E-13	0.102537398181621	1.0E+10	1E-30	1.0E-10	1.0E+10	1E-30	1.0E-10	1.0E+10	1E-30	1.0E-10	1.0E+10	1E-30	1.0E-10	1.0E+10	1E-30	1.0E-10	1.0E+10	1E-30	1.0E-10	1.0E+10	1E-30	1.0E-10
35	8.34737394923407E-08	1.0E+10	500000000	1E-30	1.57736347862295E-10	1.0E+10	1E-30	1.0E+10	2.90227958891716E-02	9.65113829618252E-07	1.0E+10	11.7315195533964	9.60098222739352E-07	1.0E+10	1.92967438356563	1.78201296498139E-06	1.0E+10	0.142897749994343	1.11442919059371E-06	1.0E+10	2.21307177681461E-02	1E-30	1.72983599820987E-11	0.377163968614793	1E-30	4.44191527943819E-11	0.154155621775115	1.99108319616993E-08	4.77809765086928E-11	2.86085189658862E-02	8.02150109599009E-10	8.38977975777855E-13	0.102537398181621	1.0E+10	1E-30	1.0E-10	1.0E+10	1E-30	1.0E-10	1.0E+10	1E-30	1.0E-10	1.0E+10	1E-30	1.0E-10	1.0E+10	1E-30	1.0E-10	1.0E+10	1E-30	1.0E-10	1.0E+10	1E-30	1.0E-10
36	8.34737394923407E-08	1.0E+10	500000000	1E-30	1.57736347862295E-10	1.0E+10	1E-30	1.0E+10	2.90227958891716E-02	9.65113829618252E-07	1.0E+10	11.7315195533964	9.60098222739352E-07	1.0E+10	1.92967438356563	1.78201296498139E-06	1.0E+10	0.142897749994343	1.11442919059371E-06	1.0E+10	2.21307177681461E-02	1E-30	1.72983599820987E-11	0.377163968614793	1E-30	4.44191527943819E-11	0.154155621775115	1.99108319616993E-08	4.77809765086928E-11	2.86085189658862E-02	8.02150109599009E-10	8.38977975777855E-13	0.102537398181621	1.0E+10	1E-30	1.0E-10	1.0E+10	1E-30	1.0E-10	1.0E+10	1E-30	1.0E-10	1.0E+10	1E-30	1.0E-10	1.0E+10	1E-30	1.0E-10	1.0E+10	1E-30	1.0E-10	1.0E+10	1E-30	1.0E-10
37	9.86507763950061E-08	1.0E+10	500000000	1E-30	1.49952647696273E-10	1.0E+10	1E-30	1.0E+10	2.73138897925115E-02	5.26414261390034E-06	1.0E+10	1.21934411899563	4.12756426347822E-05	1.0E+10	0.385590466755757	8.2238295078784E-06	1.0E+10	9.75625574695725E-02	2.87043267300677E-05	1.0E+10	6.11119705839103E-02	7.55490582302417E-05	1.0E+10	5.57347795869257E-02	8.95555558683144E-06	1.0E+10	1.77670775685666E-02	1E-30	1.91206567452115E-11	0.379650685417337	1E-30	4.87435337655223E-11	0.133194309570551	5.56991227766223E-08	4.08466624111254E-11	1.77607946214624E-02	3.25361079084104E-11	9.8327385549026E-12	100000	2.88477931379538E-11	9.89521542312452E-12	1.25261707348088	1.0E+10	1E-30	1.0E-10	1.0E+10	1E-30	1.0E-10	1.0E+10	1E-30	1.0E-10	1.0E+10	1E-30	1.0E-10
38	8.34737394923407E-08	1.0E+10	500000000	1E-30	1.57736347862295E-10	1.0E+10	1E-30	1.0E+10	2.90227958891716E-02	9.65113829618252E-07	1.0E+10	11.7315195533964	9.60098222739352E-07	1.0E+10	1.92967438356563	1.78201296498139E-06	1.0E+10	0.142897749994343	1.11442919059371E-06	1.0E+10	2.21307177681461E-02	1E-30	1.72983599820987E-11	0.377163968614793	1E-30	4.44191527943819E-11	0.154155621775115	1.99108319616993E-08	4.77809765086928E-11	2.86085189658862E-02	8.02150109599009E-10	8.38977975777855E-13	0.102537398181621	1.0E+10	1E-30	1.0E-10	1.0E+10	1E-30	1.0E-10	1.0E+10	1E-30	1.0E-10	1.0E+10	1E-30	1.0E-10	1.0E+10	1E-30	1.0E-10	1.0E+10	1E-30	1.0E-10	1.0E+10	1E-30	1.0E-10
39	8.34737394923407E-08	1.0E+10	500000000	1E-30	1.57736347862295E-10	1.0E+10	1E-30	1.0E+10	2.90227958891716E-02	9.65113829618252E-07	1.0E+10	11.7315195533964	9.60098222739352E-07	1.0E+10	1.92967438356563	1.78201296498139E-06	1.0E+10	0.142897749994343	1.11442919059371E-06	1.0E+10	2.21307177681461E-02	1E-30	1.72983599820987E-11	0.377163968614793	1E-30	4.44191527943819E-11	0.154155621775115	1.99108319616993E-08	4.77809765086928E-11	2.86085189658862E-02	8.02150109599009E-10	8.38977975777855E-13	0.102537398181621	1.0E+10	1E-30	1.0E-10	1.0E+10	1E-30	1.0E-10	1.0E+10	1E-30	1.0E-10	1.0E+10	1E-30	1.0E-10	1.0E+10	1E-30	1.0E-10	1.0E+10	1E-30	1.0E-10	1.0E+10	1E-30	1.0E-10
40	1.94994103257966E-07	1.0E+10	227272727.272727	1E-30	1.54820602388414E-10	1.0E+10	1E-30	1.0E+10	1.67736676069453E-02	5.97144456906598E-06	1.0E+10	0.403603797922335	1.01257015530718E-05	1.0E+10	1.76628695791863E-02	1E-30	5.61027794929529E-11	8.84093008691861E-02	1.4524576055212E-07	4.41438658683348E-11	1.67727147704562E-02	6.56486890286493E-12	2.76013596906276E-11	0.963223219754585	1.0E+10	1E-30	1.0E-10	1.0E+10	1E-30	1.0E-10	1.0E+10	1E-30	1.0E-10	1.0E+10	1E-30	1.0E-10	1.0E+10	1E-30	1.0E-10	1.0E+10	1E-30	1.0E-10	1.0E+10	1E-30	1.0E-10	1.0E+10	1E-30	1.0E-10	1.0E+10	1E-30	1.0E-10	1.0E+10	1E-30	1.0E-10
41	1.85393360639021E-07	1.0E+10	227272727.272727	1E-30	1.63685179602198E-10	1.0E+10	1E-30	1.0E+10	2.06883966216031E-02	7.65048421186534E-06	1.0E+10	0.221697524047305	2.62945071706526E-05	1.0E+10	5.94069977691626E-02	9.03213551220912E-06	1.0E+10	0.014619436974773	1E-30	2.19762939672642E-11	0.165664130376324	1E-30	4.55461563016343E-11	6.13895670480884E-02	7.9481703260418E-08	4.38582208220659E-11	1.61284101310203E-02	1.20930495535598E-10	4.83699435220505E-12	0.273361873206477	1.0E+10	1E-30	1.0E-10	1.0E+10	1E-30	1.0E-10	1.0E+10	1E-30	1.0E-10	1.0E+10	1E-30	1.0E-10	1.0E+10	1E-30	1.0E-10	1.0E+10	1E-30	1.0E-10	1.0E+10	1E-30	1.0E-10	1.0E+10	1E-30	1.0E-10
42	3.78784800525959E-07	1.0E+10	106382978.723404	1E-30	0.000000000165	1.0E+10	1E-30	1.0E+10	0.015	4.22630772588253E-05	1.0E+10	0.376581530297018	3.15646190566826E-05	1.0E+10	0.376581530297018	2.01729424200596E-05	1.0E+10	7.88952547317217E-02	2.42655433498267E-05	1.0E+10	9.36983776292059E-03	1.12001454557696E-05	1.0E+10	1.42100782280385E-03	1E-30	3.42429504516728E-11	0.179533191529551	1E-30	7.06486565601475E-11	3.36596279346397E-02	5.17020241228772E-07	3.24790089974618E-11	6.65321630666595E-03	3.35062253520517E-11	7.87487239449462E-12	1.18750278060007	1.0E+10	1E-30	1.0E-10	1.0E+10	1E-30	1.0E-10	1.0E+10	1E-30	1.0E-10	1.0E+10	1E-30	1.0E-10	1.0E+10	1E-30	1.0E-10	1.0E+10	1E-30	1.0E-10
43	7.62739022174197E-07	1.0E+10	50000000	1E-30	1.38349152846251E-10	1.0E+10	1E-30	1.0E+10	1.04837975988172E-02	1.07642052995001E-05	1.0E+10	1453.31614902313	4.46430320356031E-05	1.0E+10	26.6878052405751	4.05442457154336E-05	1.0E+10	3.77907334335653	4.05380914828352E-05	1.0E+10	0.371678483993439	3.11053884607191E-05	1.0E+10	3.96850088731278E-02	4.00713946687947E-05	1.0E+10	6.3674008322265E-03	1E-30	9.48020743846105E-11	4.94750100382312E-02	5.73430100344716E-07	4.78916234692987E-11	7.63008664583789E-03	3.38452814631637E-10	1.86438435950729E-11	0.112746176746251	2.54024876936408E-11	1.02755830057336E-11	1.7955300584825	1.0E+10	1E-30	1.0E-10	1.0E+10	1E-30	1.0E-10	1.0E+10	1E-30	1.0E-10	1.0E+10	1E-30	1.0E-10	1.0E+10	1E-30	1.0E-10
END DSCRDATA
