BEGIN DSCRDATA
% INDEX	K01	L01	M01	K02	L02	M02	K03	L03	M03	K04	L04	M04	K05	L05	M05	K06	L06	M06	K07	L07	M07	K08	L08	M08	K09	L09	M09	K10	L10	M10	K11	L11	M11	K12	L12	M12	K13	L13	M13	K14	L14	M14	K15	L15	M15	K16	L16	M16	K17	L17	M17	K18	L18	M18
0	0.000000000001	1.0E+10	100000000000	1E-30	1.34205949620856E-10	1.0E+10	1E-30	1.0E+10	0.732997307916	1.25654573927569E-12	5.19318997804593E-11	31.1278243187015	1.19752098878994E-13	2.64646748428316E-10	100000000	1.0E+10	1E-30	1.0E-10	1.0E+10	1E-30	1.0E-10	1.0E+10	1E-30	1.0E-10	1.0E+10	1E-30	1.0E-10	1.0E+10	1E-30	1.0E-10	1.0E+10	1E-30	1.0E-10	1.0E+10	1E-30	1.0E-10	1.0E+10	1E-30	1.0E-10	1.0E+10	1E-30	1.0E-10	1.0E+10	1E-30	1.0E-10	1.0E+10	1E-30	1.0E-10	1.0E+10	1E-30	1.0E-10	1.0E+10	1E-30	1.0E-10
1	0.000000000001	1.0E+10	100000000000	1E-30	1.34205949620856E-10	1.0E+10	1E-30	1.0E+10	0.732997307916	1.25654573927569E-12	5.19318997804593E-11	31.1278243187015	1.19752098878994E-13	2.64646748428316E-10	100000000	1.0E+10	1E-30	1.0E-10	1.0E+10	1E-30	1.0E-10	1.0E+10	1E-30	1.0E-10	1.0E+10	1E-30	1.0E-10	1.0E+10	1E-30	1.0E-10	1.0E+10	1E-30	1.0E-10	1.0E+10	1E-30	1.0E-10	1.0E+10	1E-30	1.0E-10	1.0E+10	1E-30	1.0E-10	1.0E+10	1E-30	1.0E-10	1.0E+10	1E-30	1.0E-10	1.0E+10	1E-30	1.0E-10	1.0E+10	1E-30	1.0E-10
2	0.000000000002	1.0E+10	100000000000	1E-30	3.26248107369848E-10	1.0E+10	1E-30	1.0E+10	0.37	4.14018744277087E-11	9.56195434649071E-12	0.676533029432284	2.06336477427179E-11	1.39766411925085E-11	100000	1.0E+10	1E-30	1.0E-10	1.0E+10	1E-30	1.0E-10	1.0E+10	1E-30	1.0E-10	1.0E+10	1E-30	1.0E-10	1.0E+10	1E-30	1.0E-10	1.0E+10	1E-30	1.0E-10	1.0E+10	1E-30	1.0E-10	1.0E+10	1E-30	1.0E-10	1.0E+10	1E-30	1.0E-10	1.0E+10	1E-30	1.0E-10	1.0E+10	1E-30	1.0E-10	1.0E+10	1E-30	1.0E-10	1.0E+10	1E-30	1.0E-10
3	0.000000000002	1.0E+10	100000000000	1E-30	3.26248107369848E-10	1.0E+10	1E-30	1.0E+10	0.37	4.14018744277087E-11	9.56195434649071E-12	0.676533029432284	2.06336477427179E-11	1.39766411925085E-11	100000	1.0E+10	1E-30	1.0E-10	1.0E+10	1E-30	1.0E-10	1.0E+10	1E-30	1.0E-10	1.0E+10	1E-30	1.0E-10	1.0E+10	1E-30	1.0E-10	1.0E+10	1E-30	1.0E-10	1.0E+10	1E-30	1.0E-10	1.0E+10	1E-30	1.0E-10	1.0E+10	1E-30	1.0E-10	1.0E+10	1E-30	1.0E-10	1.0E+10	1E-30	1.0E-10	1.0E+10	1E-30	1.0E-10	1.0E+10	1E-30	1.0E-10
4	0.000000000003	1.0E+10	100000000000	1E-30	2.32283530029867E-10	1.0E+10	1E-30	1.0E+10	0.28	1.04895767973676E-11	2.61363235210109E-11	3.04109161369942	3.66261788267133E-12	6.89624938444551E-11	100000	1.0E+10	1E-30	1.0E-10	1.0E+10	1E-30	1.0E-10	1.0E+10	1E-30	1.0E-10	1.0E+10	1E-30	1.0E-10	1.0E+10	1E-30	1.0E-10	1.0E+10	1E-30	1.0E-10	1.0E+10	1E-30	1.0E-10	1.0E+10	1E-30	1.0E-10	1.0E+10	1E-30	1.0E-10	1.0E+10	1E-30	1.0E-10	1.0E+10	1E-30	1.0E-10	1.0E+10	1E-30	1.0E-10	1.0E+10	1E-30	1.0E-10
5	0.000000000003	1.0E+10	100000000000	1E-30	2.32283530029867E-10	1.0E+10	1E-30	1.0E+10	0.28	1.04895767973676E-11	2.61363235210109E-11	3.04109161369942	3.66261788267133E-12	6.89624938444551E-11	100000	1.0E+10	1E-30	1.0E-10	1.0E+10	1E-30	1.0E-10	1.0E+10	1E-30	1.0E-10	1.0E+10	1E-30	1.0E-10	1.0E+10	1E-30	1.0E-10	1.0E+10	1E-30	1.0E-10	1.0E+10	1E-30	1.0E-10	1.0E+10	1E-30	1.0E-10	1.0E+10	1E-30	1.0E-10	1.0E+10	1E-30	1.0E-10	1.0E+10	1E-30	1.0E-10	1.0E+10	1E-30	1.0E-10	1.0E+10	1E-30	1.0E-10
6	0.000000000004	1.0E+10	100000000000	1E-30	1.77665137291681E-10	1.0E+10	1E-30	1.0E+10	0.23	1.8877727175134E-12	1.39102464104338E-10	59.9690116175093	1.0E+10	1E-30	1.0E-10	1.0E+10	1E-30	1.0E-10	1.0E+10	1E-30	1.0E-10	1.0E+10	1E-30	1.0E-10	1.0E+10	1E-30	1.0E-10	1.0E+10	1E-30	1.0E-10	1.0E+10	1E-30	1.0E-10	1.0E+10	1E-30	1.0E-10	1.0E+10	1E-30	1.0E-10	1.0E+10	1E-30	1.0E-10	1.0E+10	1E-30	1.0E-10	1.0E+10	1E-30	1.0E-10	1.0E+10	1E-30	1.0E-10	1.0E+10	1E-30	1.0E-10
7	0.000000000004	1.0E+10	100000000000	1E-30	1.77665137291681E-10	1.0E+10	1E-30	1.0E+10	0.23	1.8877727175134E-12	1.39102464104338E-10	59.9690116175093	1.0E+10	1E-30	1.0E-10	1.0E+10	1E-30	1.0E-10	1.0E+10	1E-30	1.0E-10	1.0E+10	1E-30	1.0E-10	1.0E+10	1E-30	1.0E-10	1.0E+10	1E-30	1.0E-10	1.0E+10	1E-30	1.0E-10	1.0E+10	1E-30	1.0E-10	1.0E+10	1E-30	1.0E-10	1.0E+10	1E-30	1.0E-10	1.0E+10	1E-30	1.0E-10	1.0E+10	1E-30	1.0E-10	1.0E+10	1E-30	1.0E-10	1.0E+10	1E-30	1.0E-10
8	0.000000000005	1.0E+10	100000000000	1E-30	2.95086390595397E-10	1.0E+10	1E-30	1.0E+10	0.21	1E-30	2.03920657399321E-11	0.560231947856481	1.54811998316579E-11	2.64656305907232E-11	9.583713814167	1.0E+10	1E-30	1.0E-10	1.0E+10	1E-30	1.0E-10	1.0E+10	1E-30	1.0E-10	1.0E+10	1E-30	1.0E-10	1.0E+10	1E-30	1.0E-10	1.0E+10	1E-30	1.0E-10	1.0E+10	1E-30	1.0E-10	1.0E+10	1E-30	1.0E-10	1.0E+10	1E-30	1.0E-10	1.0E+10	1E-30	1.0E-10	1.0E+10	1E-30	1.0E-10	1.0E+10	1E-30	1.0E-10	1.0E+10	1E-30	1.0E-10
9	0.000000000005	1.0E+10	100000000000	1E-30	2.95086390595397E-10	1.0E+10	1E-30	1.0E+10	0.21	1E-30	2.03920657399321E-11	0.560231947856481	1.54811998316579E-11	2.64656305907232E-11	9.583713814167	1.0E+10	1E-30	1.0E-10	1.0E+10	1E-30	1.0E-10	1.0E+10	1E-30	1.0E-10	1.0E+10	1E-30	1.0E-10	1.0E+10	1E-30	1.0E-10	1.0E+10	1E-30	1.0E-10	1.0E+10	1E-30	1.0E-10	1.0E+10	1E-30	1.0E-10	1.0E+10	1E-30	1.0E-10	1.0E+10	1E-30	1.0E-10	1.0E+10	1E-30	1.0E-10	1.0E+10	1E-30	1.0E-10	1.0E+10	1E-30	1.0E-10
10	0.000000000006	1.0E+10	100000000000	1E-30	2.18557826012455E-10	1.0E+10	1E-30	1.0E+10	0.21	1E-30	1.57221387636404E-11	0.340073623285689	2.18146954417123E-11	1.95698090719978E-11	3.23720491516662	3.96234482124569E-12	6.85794837938725E-11	100000	1.0E+10	1E-30	1.0E-10	1.0E+10	1E-30	1.0E-10	1.0E+10	1E-30	1.0E-10	1.0E+10	1E-30	1.0E-10	1.0E+10	1E-30	1.0E-10	1.0E+10	1E-30	1.0E-10	1.0E+10	1E-30	1.0E-10	1.0E+10	1E-30	1.0E-10	1.0E+10	1E-30	1.0E-10	1.0E+10	1E-30	1.0E-10	1.0E+10	1E-30	1.0E-10	1.0E+10	1E-30	1.0E-10
11	0.000000000006	1.0E+10	100000000000	1E-30	2.18557826012455E-10	1.0E+10	1E-30	1.0E+10	0.21	1E-30	1.57221387636404E-11	0.340073623285689	2.18146954417123E-11	1.95698090719978E-11	3.23720491516662	3.96234482124569E-12	6.85794837938725E-11	100000	1.0E+10	1E-30	1.0E-10	1.0E+10	1E-30	1.0E-10	1.0E+10	1E-30	1.0E-10	1.0E+10	1E-30	1.0E-10	1.0E+10	1E-30	1.0E-10	1.0E+10	1E-30	1.0E-10	1.0E+10	1E-30	1.0E-10	1.0E+10	1E-30	1.0E-10	1.0E+10	1E-30	1.0E-10	1.0E+10	1E-30	1.0E-10	1.0E+10	1E-30	1.0E-10	1.0E+10	1E-30	1.0E-10
12	0.000000000007	1.0E+10	100000000000	1E-30	2.23270492949797E-10	1.0E+10	1E-30	1.0E+10	0.2	1E-30	2.28527932847981E-11	0.33878705600239	1.2666239455928E-10	4.41128942258916E-12	1.11955359076678	7.05237402540861E-11	4.9958391857579E-12	1.60831606562908	3.3423377059848E-12	7.34392951097888E-11	100000	1.0E+10	1E-30	1.0E-10	1.0E+10	1E-30	1.0E-10	1.0E+10	1E-30	1.0E-10	1.0E+10	1E-30	1.0E-10	1.0E+10	1E-30	1.0E-10	1.0E+10	1E-30	1.0E-10	1.0E+10	1E-30	1.0E-10	1.0E+10	1E-30	1.0E-10	1.0E+10	1E-30	1.0E-10	1.0E+10	1E-30	1.0E-10	1.0E+10	1E-30	1.0E-10
13	0.000000000007	1.0E+10	100000000000	1E-30	2.23270492949797E-10	1.0E+10	1E-30	1.0E+10	0.2	1E-30	2.28527932847981E-11	0.33878705600239	1.2666239455928E-10	4.41128942258916E-12	1.11955359076678	7.05237402540861E-11	4.9958391857579E-12	1.60831606562908	3.3423377059848E-12	7.34392951097888E-11	100000	1.0E+10	1E-30	1.0E-10	1.0E+10	1E-30	1.0E-10	1.0E+10	1E-30	1.0E-10	1.0E+10	1E-30	1.0E-10	1.0E+10	1E-30	1.0E-10	1.0E+10	1E-30	1.0E-10	1.0E+10	1E-30	1.0E-10	1.0E+10	1E-30	1.0E-10	1.0E+10	1E-30	1.0E-10	1.0E+10	1E-30	1.0E-10	1.0E+10	1E-30	1.0E-10
14	0.000000000008	1.0E+10	100000000000	1E-30	2.6011158895409E-10	1.0E+10	1E-30	1.0E+10	0.196	1E-30	2.21335580345527E-11	0.341526394963604	1.93317320781113E-10	3.33464858609284E-12	0.628057576528196	3.92780617794383E-11	8.73665950776675E-12	1.60631207279404	7.98363604483223E-12	3.44967433686619E-11	100000	1.0E+10	1E-30	1.0E-10	1.0E+10	1E-30	1.0E-10	1.0E+10	1E-30	1.0E-10	1.0E+10	1E-30	1.0E-10	1.0E+10	1E-30	1.0E-10	1.0E+10	1E-30	1.0E-10	1.0E+10	1E-30	1.0E-10	1.0E+10	1E-30	1.0E-10	1.0E+10	1E-30	1.0E-10	1.0E+10	1E-30	1.0E-10	1.0E+10	1E-30	1.0E-10
15	0.000000000008	1.0E+10	100000000000	1E-30	2.6011158895409E-10	1.0E+10	1E-30	1.0E+10	0.196	1E-30	2.21335580345527E-11	0.341526394963604	1.93317320781113E-10	3.33464858609284E-12	0.628057576528196	3.92780617794383E-11	8.73665950776675E-12	1.60631207279404	7.98363604483223E-12	3.44967433686619E-11	100000	1.0E+10	1E-30	1.0E-10	1.0E+10	1E-30	1.0E-10	1.0E+10	1E-30	1.0E-10	1.0E+10	1E-30	1.0E-10	1.0E+10	1E-30	1.0E-10	1.0E+10	1E-30	1.0E-10	1.0E+10	1E-30	1.0E-10	1.0E+10	1E-30	1.0E-10	1.0E+10	1E-30	1.0E-10	1.0E+10	1E-30	1.0E-10	1.0E+10	1E-30	1.0E-10
16	0.000000000009	1.0E+10	100000000000	1E-30	1.74699419346263E-10	1.0E+10	1E-30	1.0E+10	0.19	1E-30	9.15600048997576E-12	0.157093614661011	1.85661817911653E-11	3.75436893027156E-11	8.66178938337007	3.35797145609078E-12	8.36085958933029E-11	43.2146972483404	1.0E+10	1E-30	1.0E-10	1.0E+10	1E-30	1.0E-10	1.0E+10	1E-30	1.0E-10	1.0E+10	1E-30	1.0E-10	1.0E+10	1E-30	1.0E-10	1.0E+10	1E-30	1.0E-10	1.0E+10	1E-30	1.0E-10	1.0E+10	1E-30	1.0E-10	1.0E+10	1E-30	1.0E-10	1.0E+10	1E-30	1.0E-10	1.0E+10	1E-30	1.0E-10	1.0E+10	1E-30	1.0E-10
17	0.000000000009	1.0E+10	100000000000	1E-30	1.74699419346263E-10	1.0E+10	1E-30	1.0E+10	0.19	1E-30	9.15600048997576E-12	0.157093614661011	1.85661817911653E-11	3.75436893027156E-11	8.66178938337007	3.35797145609078E-12	8.36085958933029E-11	43.2146972483404	1.0E+10	1E-30	1.0E-10	1.0E+10	1E-30	1.0E-10	1.0E+10	1E-30	1.0E-10	1.0E+10	1E-30	1.0E-10	1.0E+10	1E-30	1.0E-10	1.0E+10	1E-30	1.0E-10	1.0E+10	1E-30	1.0E-10	1.0E+10	1E-30	1.0E-10	1.0E+10	1E-30	1.0E-10	1.0E+10	1E-30	1.0E-10	1.0E+10	1E-30	1.0E-10	1.0E+10	1E-30	1.0E-10
18	0.00000000001	1.0E+10	100000000000	1E-30	5.80855417603146E-11	1.0E+10	1E-30	1.0E+10	0.14	1E-30	2.26071010818156E-11	0.235450367966954	2.75921408605026E-11	2.92008961098316E-11	7.27692680382661	1.05932024753896E-11	3.15090578942881E-11	5.68412243335994	9.27915843682596E-13	2.12584453693625E-10	100000	1.0E+10	1E-30	1.0E-10	1.0E+10	1E-30	1.0E-10	1.0E+10	1E-30	1.0E-10	1.0E+10	1E-30	1.0E-10	1.0E+10	1E-30	1.0E-10	1.0E+10	1E-30	1.0E-10	1.0E+10	1E-30	1.0E-10	1.0E+10	1E-30	1.0E-10	1.0E+10	1E-30	1.0E-10	1.0E+10	1E-30	1.0E-10	1.0E+10	1E-30	1.0E-10
19	0.00000000001	1.0E+10	100000000000	1E-30	5.80855417603146E-11	1.0E+10	1E-30	1.0E+10	0.14	1E-30	2.26071010818156E-11	0.235450367966954	2.75921408605026E-11	2.92008961098316E-11	7.27692680382661	1.05932024753896E-11	3.15090578942881E-11	5.68412243335994	9.27915843682596E-13	2.12584453693625E-10	100000	1.0E+10	1E-30	1.0E-10	1.0E+10	1E-30	1.0E-10	1.0E+10	1E-30	1.0E-10	1.0E+10	1E-30	1.0E-10	1.0E+10	1E-30	1.0E-10	1.0E+10	1E-30	1.0E-10	1.0E+10	1E-30	1.0E-10	1.0E+10	1E-30	1.0E-10	1.0E+10	1E-30	1.0E-10	1.0E+10	1E-30	1.0E-10	1.0E+10	1E-30	1.0E-10
20	0.00000000001	1.0E+10	100000000000	1E-30	5.80855417603146E-11	1.0E+10	1E-30	1.0E+10	0.14	1E-30	2.26071010818156E-11	0.235450367966954	2.75921408605026E-11	2.92008961098316E-11	7.27692680382661	1.05932024753896E-11	3.15090578942881E-11	5.68412243335994	9.27915843682596E-13	2.12584453693625E-10	100000	1.0E+10	1E-30	1.0E-10	1.0E+10	1E-30	1.0E-10	1.0E+10	1E-30	1.0E-10	1.0E+10	1E-30	1.0E-10	1.0E+10	1E-30	1.0E-10	1.0E+10	1E-30	1.0E-10	1.0E+10	1E-30	1.0E-10	1.0E+10	1E-30	1.0E-10	1.0E+10	1E-30	1.0E-10	1.0E+10	1E-30	1.0E-10	1.0E+10	1E-30	1.0E-10
21	0.000000000012	1.0E+10	100000000000	1E-30	8.99638523969102E-11	1.0E+10	1E-30	1.0E+10	0.12	1E-30	2.39884164711268E-11	0.246633769287623	8.69064460927961E-11	1.21353823205088E-11	2.88158324975585	1.15501598988724E-11	2.90883957549496E-11	5.23880381443447	1.1001476214228E-12	1.75222199427837E-10	100000	1.0E+10	1E-30	1.0E-10	1.0E+10	1E-30	1.0E-10	1.0E+10	1E-30	1.0E-10	1.0E+10	1E-30	1.0E-10	1.0E+10	1E-30	1.0E-10	1.0E+10	1E-30	1.0E-10	1.0E+10	1E-30	1.0E-10	1.0E+10	1E-30	1.0E-10	1.0E+10	1E-30	1.0E-10	1.0E+10	1E-30	1.0E-10	1.0E+10	1E-30	1.0E-10
22	0.000000000012	1.0E+10	100000000000	1E-30	8.99638523969102E-11	1.0E+10	1E-30	1.0E+10	0.12	1E-30	2.39884164711268E-11	0.246633769287623	8.69064460927961E-11	1.21353823205088E-11	2.88158324975585	1.15501598988724E-11	2.90883957549496E-11	5.23880381443447	1.1001476214228E-12	1.75222199427837E-10	100000	1.0E+10	1E-30	1.0E-10	1.0E+10	1E-30	1.0E-10	1.0E+10	1E-30	1.0E-10	1.0E+10	1E-30	1.0E-10	1.0E+10	1E-30	1.0E-10	1.0E+10	1E-30	1.0E-10	1.0E+10	1E-30	1.0E-10	1.0E+10	1E-30	1.0E-10	1.0E+10	1E-30	1.0E-10	1.0E+10	1E-30	1.0E-10	1.0E+10	1E-30	1.0E-10
23	0.000000000012	1.0E+10	100000000000	1E-30	8.99638523969102E-11	1.0E+10	1E-30	1.0E+10	0.12	1E-30	2.39884164711268E-11	0.246633769287623	8.69064460927961E-11	1.21353823205088E-11	2.88158324975585	1.15501598988724E-11	2.90883957549496E-11	5.23880381443447	1.1001476214228E-12	1.75222199427837E-10	100000	1.0E+10	1E-30	1.0E-10	1.0E+10	1E-30	1.0E-10	1.0E+10	1E-30	1.0E-10	1.0E+10	1E-30	1.0E-10	1.0E+10	1E-30	1.0E-10	1.0E+10	1E-30	1.0E-10	1.0E+10	1E-30	1.0E-10	1.0E+10	1E-30	1.0E-10	1.0E+10	1E-30	1.0E-10	1.0E+10	1E-30	1.0E-10	1.0E+10	1E-30	1.0E-10
24	0.000000000015	1.0E+10	100000000000	1E-30	1.75415531769545E-10	1.0E+10	1E-30	1.0E+10	0.15	1E-30	2.51586736127952E-11	0.418222314603599	1.21592684127204E-10	8.83916495860994E-12	1.71309156034132	1.46815774504112E-11	2.31433066508351E-11	4.50050068435311	1.36952908889188E-12	1.50823435964885E-10	100000	1.0E+10	1E-30	1.0E-10	1.0E+10	1E-30	1.0E-10	1.0E+10	1E-30	1.0E-10	1.0E+10	1E-30	1.0E-10	1.0E+10	1E-30	1.0E-10	1.0E+10	1E-30	1.0E-10	1.0E+10	1E-30	1.0E-10	1.0E+10	1E-30	1.0E-10	1.0E+10	1E-30	1.0E-10	1.0E+10	1E-30	1.0E-10	1.0E+10	1E-30	1.0E-10
25	0.000000000015	1.0E+10	100000000000	1E-30	1.75415531769545E-10	1.0E+10	1E-30	1.0E+10	0.15	1E-30	2.51586736127952E-11	0.418222314603599	1.21592684127204E-10	8.83916495860994E-12	1.71309156034132	1.46815774504112E-11	2.31433066508351E-11	4.50050068435311	1.36952908889188E-12	1.50823435964885E-10	100000	1.0E+10	1E-30	1.0E-10	1.0E+10	1E-30	1.0E-10	1.0E+10	1E-30	1.0E-10	1.0E+10	1E-30	1.0E-10	1.0E+10	1E-30	1.0E-10	1.0E+10	1E-30	1.0E-10	1.0E+10	1E-30	1.0E-10	1.0E+10	1E-30	1.0E-10	1.0E+10	1E-30	1.0E-10	1.0E+10	1E-30	1.0E-10	1.0E+10	1E-30	1.0E-10
26	0.000000000015	1.0E+10	100000000000	1E-30	1.75415531769545E-10	1.0E+10	1E-30	1.0E+10	0.15	1E-30	2.51586736127952E-11	0.418222314603599	1.21592684127204E-10	8.83916495860994E-12	1.71309156034132	1.46815774504112E-11	2.31433066508351E-11	4.50050068435311	1.36952908889188E-12	1.50823435964885E-10	100000	1.0E+10	1E-30	1.0E-10	1.0E+10	1E-30	1.0E-10	1.0E+10	1E-30	1.0E-10	1.0E+10	1E-30	1.0E-10	1.0E+10	1E-30	1.0E-10	1.0E+10	1E-30	1.0E-10	1.0E+10	1E-30	1.0E-10	1.0E+10	1E-30	1.0E-10	1.0E+10	1E-30	1.0E-10	1.0E+10	1E-30	1.0E-10	1.0E+10	1E-30	1.0E-10
27	0.000000000018	1.0E+10	100000000000	1E-30	1.18595454648721E-10	1.0E+10	1E-30	1.0E+10	0.12	1E-30	2.40341530647186E-11	0.205387695800315	1.21065684732511E-10	1.12106022992067E-11	1.91519383044982	7.86055022832976E-12	4.31624465561146E-11	5.98649325068589	1.02235383915761E-12	1.84263306187146E-10	1169280786.78743	1.0E+10	1E-30	1.0E-10	1.0E+10	1E-30	1.0E-10	1.0E+10	1E-30	1.0E-10	1.0E+10	1E-30	1.0E-10	1.0E+10	1E-30	1.0E-10	1.0E+10	1E-30	1.0E-10	1.0E+10	1E-30	1.0E-10	1.0E+10	1E-30	1.0E-10	1.0E+10	1E-30	1.0E-10	1.0E+10	1E-30	1.0E-10	1.0E+10	1E-30	1.0E-10
28	0.000000000018	1.0E+10	100000000000	1E-30	1.18595454648721E-10	1.0E+10	1E-30	1.0E+10	0.12	1E-30	2.40341530647186E-11	0.205387695800315	1.21065684732511E-10	1.12106022992067E-11	1.91519383044982	7.86055022832976E-12	4.31624465561146E-11	5.98649325068589	1.02235383915761E-12	1.84263306187146E-10	1169280786.78743	1.0E+10	1E-30	1.0E-10	1.0E+10	1E-30	1.0E-10	1.0E+10	1E-30	1.0E-10	1.0E+10	1E-30	1.0E-10	1.0E+10	1E-30	1.0E-10	1.0E+10	1E-30	1.0E-10	1.0E+10	1E-30	1.0E-10	1.0E+10	1E-30	1.0E-10	1.0E+10	1E-30	1.0E-10	1.0E+10	1E-30	1.0E-10	1.0E+10	1E-30	1.0E-10
29	0.000000000018	1.0E+10	100000000000	1E-30	1.18595454648721E-10	1.0E+10	1E-30	1.0E+10	0.12	1E-30	2.40341530647186E-11	0.205387695800315	1.21065684732511E-10	1.12106022992067E-11	1.91519383044982	7.86055022832976E-12	4.31624465561146E-11	5.98649325068589	1.02235383915761E-12	1.84263306187146E-10	1169280786.78743	1.0E+10	1E-30	1.0E-10	1.0E+10	1E-30	1.0E-10	1.0E+10	1E-30	1.0E-10	1.0E+10	1E-30	1.0E-10	1.0E+10	1E-30	1.0E-10	1.0E+10	1E-30	1.0E-10	1.0E+10	1E-30	1.0E-10	1.0E+10	1E-30	1.0E-10	1.0E+10	1E-30	1.0E-10	1.0E+10	1E-30	1.0E-10	1.0E+10	1E-30	1.0E-10
30	0.000000000022	1.0E+10	100000000000	1E-30	1.21357897658386E-10	1.0E+10	1E-30	1.0E+10	0.12	1E-30	2.62516021500757E-11	0.316884804271523	1.88355293969054E-10	8.61911911646729E-12	1.00621170256609	1.71496702204191E-11	2.42201061671166E-11	3.66787606783766	9.64454246070812E-13	1.99874993247583E-10	1268347964.65825	1.0E+10	1E-30	1.0E-10	1.0E+10	1E-30	1.0E-10	1.0E+10	1E-30	1.0E-10	1.0E+10	1E-30	1.0E-10	1.0E+10	1E-30	1.0E-10	1.0E+10	1E-30	1.0E-10	1.0E+10	1E-30	1.0E-10	1.0E+10	1E-30	1.0E-10	1.0E+10	1E-30	1.0E-10	1.0E+10	1E-30	1.0E-10	1.0E+10	1E-30	1.0E-10
31	0.000000000022	1.0E+10	100000000000	1E-30	1.21357897658386E-10	1.0E+10	1E-30	1.0E+10	0.12	1E-30	2.62516021500757E-11	0.316884804271523	1.88355293969054E-10	8.61911911646729E-12	1.00621170256609	1.71496702204191E-11	2.42201061671166E-11	3.66787606783766	9.64454246070812E-13	1.99874993247583E-10	1268347964.65825	1.0E+10	1E-30	1.0E-10	1.0E+10	1E-30	1.0E-10	1.0E+10	1E-30	1.0E-10	1.0E+10	1E-30	1.0E-10	1.0E+10	1E-30	1.0E-10	1.0E+10	1E-30	1.0E-10	1.0E+10	1E-30	1.0E-10	1.0E+10	1E-30	1.0E-10	1.0E+10	1E-30	1.0E-10	1.0E+10	1E-30	1.0E-10	1.0E+10	1E-30	1.0E-10
32	0.000000000022	1.0E+10	100000000000	1E-30	1.21357897658386E-10	1.0E+10	1E-30	1.0E+10	0.12	1E-30	2.62516021500757E-11	0.316884804271523	1.88355293969054E-10	8.61911911646729E-12	1.00621170256609	1.71496702204191E-11	2.42201061671166E-11	3.66787606783766	9.64454246070812E-13	1.99874993247583E-10	1268347964.65825	1.0E+10	1E-30	1.0E-10	1.0E+10	1E-30	1.0E-10	1.0E+10	1E-30	1.0E-10	1.0E+10	1E-30	1.0E-10	1.0E+10	1E-30	1.0E-10	1.0E+10	1E-30	1.0E-10	1.0E+10	1E-30	1.0E-10	1.0E+10	1E-30	1.0E-10	1.0E+10	1E-30	1.0E-10	1.0E+10	1E-30	1.0E-10	1.0E+10	1E-30	1.0E-10
33	0.000000000027	1.0E+10	100000000000	1E-30	4.2558973564265E-11	1.0E+10	1E-30	1.0E+10	0.115	1E-30	4.18347071914545E-11	1.49100576218574	3.62185409226355E-10	5.63693161549282E-12	0.864270932372171	1.30010908396286E-10	5.00679533824517E-12	1.35805180714326	1.33175607267628E-11	2.30038668980169E-11	2.51174196130006	6.64727824033653E-13	2.45355804603891E-10	100000	1.0E+10	1E-30	1.0E-10	1.0E+10	1E-30	1.0E-10	1.0E+10	1E-30	1.0E-10	1.0E+10	1E-30	1.0E-10	1.0E+10	1E-30	1.0E-10	1.0E+10	1E-30	1.0E-10	1.0E+10	1E-30	1.0E-10	1.0E+10	1E-30	1.0E-10	1.0E+10	1E-30	1.0E-10	1.0E+10	1E-30	1.0E-10
34	0.000000000027	1.0E+10	100000000000	1E-30	4.2558973564265E-11	1.0E+10	1E-30	1.0E+10	0.115	1E-30	4.18347071914545E-11	1.49100576218574	3.62185409226355E-10	5.63693161549282E-12	0.864270932372171	1.30010908396286E-10	5.00679533824517E-12	1.35805180714326	1.33175607267628E-11	2.30038668980169E-11	2.51174196130006	6.64727824033653E-13	2.45355804603891E-10	100000	1.0E+10	1E-30	1.0E-10	1.0E+10	1E-30	1.0E-10	1.0E+10	1E-30	1.0E-10	1.0E+10	1E-30	1.0E-10	1.0E+10	1E-30	1.0E-10	1.0E+10	1E-30	1.0E-10	1.0E+10	1E-30	1.0E-10	1.0E+10	1E-30	1.0E-10	1.0E+10	1E-30	1.0E-10	1.0E+10	1E-30	1.0E-10
35	0.000000000027	1.0E+10	100000000000	1E-30	4.2558973564265E-11	1.0E+10	1E-30	1.0E+10	0.115	1E-30	4.18347071914545E-11	1.49100576218574	3.62185409226355E-10	5.63693161549282E-12	0.864270932372171	1.30010908396286E-10	5.00679533824517E-12	1.35805180714326	1.33175607267628E-11	2.30038668980169E-11	2.51174196130006	6.64727824033653E-13	2.45355804603891E-10	100000	1.0E+10	1E-30	1.0E-10	1.0E+10	1E-30	1.0E-10	1.0E+10	1E-30	1.0E-10	1.0E+10	1E-30	1.0E-10	1.0E+10	1E-30	1.0E-10	1.0E+10	1E-30	1.0E-10	1.0E+10	1E-30	1.0E-10	1.0E+10	1E-30	1.0E-10	1.0E+10	1E-30	1.0E-10	1.0E+10	1E-30	1.0E-10
36	0.000000000033	1.0E+10	100000000000	1E-30	7.31253645798914E-11	1.0E+10	1E-30	1.0E+10	0.12	1E-30	1.74484702767999E-11	0.159592125102739	4.83101801335439E-10	5.11734489616658E-12	0.447265239048861	3.86006133800093E-11	2.07790497204911E-11	2.35503434500351	1.38506741225988E-11	2.37073643781304E-11	4.88987148174931	8.17538232731554E-13	2.25181143204397E-10	100000	1.0E+10	1E-30	1.0E-10	1.0E+10	1E-30	1.0E-10	1.0E+10	1E-30	1.0E-10	1.0E+10	1E-30	1.0E-10	1.0E+10	1E-30	1.0E-10	1.0E+10	1E-30	1.0E-10	1.0E+10	1E-30	1.0E-10	1.0E+10	1E-30	1.0E-10	1.0E+10	1E-30	1.0E-10	1.0E+10	1E-30	1.0E-10
37	0.000000000033	1.0E+10	100000000000	1E-30	7.31253645798914E-11	1.0E+10	1E-30	1.0E+10	0.12	1E-30	1.74484702767999E-11	0.159592125102739	4.83101801335439E-10	5.11734489616658E-12	0.447265239048861	3.86006133800093E-11	2.07790497204911E-11	2.35503434500351	1.38506741225988E-11	2.37073643781304E-11	4.88987148174931	8.17538232731554E-13	2.25181143204397E-10	100000	1.0E+10	1E-30	1.0E-10	1.0E+10	1E-30	1.0E-10	1.0E+10	1E-30	1.0E-10	1.0E+10	1E-30	1.0E-10	1.0E+10	1E-30	1.0E-10	1.0E+10	1E-30	1.0E-10	1.0E+10	1E-30	1.0E-10	1.0E+10	1E-30	1.0E-10	1.0E+10	1E-30	1.0E-10	1.0E+10	1E-30	1.0E-10
38	0.000000000033	1.0E+10	100000000000	1E-30	7.31253645798914E-11	1.0E+10	1E-30	1.0E+10	0.12	1E-30	1.74484702767999E-11	0.159592125102739	4.83101801335439E-10	5.11734489616658E-12	0.447265239048861	3.86006133800093E-11	2.07790497204911E-11	2.35503434500351	1.38506741225988E-11	2.37073643781304E-11	4.88987148174931	8.17538232731554E-13	2.25181143204397E-10	100000	1.0E+10	1E-30	1.0E-10	1.0E+10	1E-30	1.0E-10	1.0E+10	1E-30	1.0E-10	1.0E+10	1E-30	1.0E-10	1.0E+10	1E-30	1.0E-10	1.0E+10	1E-30	1.0E-10	1.0E+10	1E-30	1.0E-10	1.0E+10	1E-30	1.0E-10	1.0E+10	1E-30	1.0E-10	1.0E+10	1E-30	1.0E-10
39	0.000000000039	1.0E+10	100000000000	1E-30	1.03292322933324E-10	1.0E+10	1E-30	1.0E+10	0.11	1E-30	1.46832824334214E-11	0.128959751360092	4.12663281943836E-10	7.65487649967136E-12	0.778573080428757	7.41817661482532E-11	1.23882995534614E-11	1.56067074354971	1.27449313355694E-11	2.56555289860656E-11	4.19788275526181	7.58432775252585E-13	1.92807089570911E-10	100000	1.0E+10	1E-30	1.0E-10	1.0E+10	1E-30	1.0E-10	1.0E+10	1E-30	1.0E-10	1.0E+10	1E-30	1.0E-10	1.0E+10	1E-30	1.0E-10	1.0E+10	1E-30	1.0E-10	1.0E+10	1E-30	1.0E-10	1.0E+10	1E-30	1.0E-10	1.0E+10	1E-30	1.0E-10	1.0E+10	1E-30	1.0E-10
40	0.000000000039	1.0E+10	100000000000	1E-30	1.03292322933324E-10	1.0E+10	1E-30	1.0E+10	0.11	1E-30	1.46832824334214E-11	0.128959751360092	4.12663281943836E-10	7.65487649967136E-12	0.778573080428757	7.41817661482532E-11	1.23882995534614E-11	1.56067074354971	1.27449313355694E-11	2.56555289860656E-11	4.19788275526181	7.58432775252585E-13	1.92807089570911E-10	100000	1.0E+10	1E-30	1.0E-10	1.0E+10	1E-30	1.0E-10	1.0E+10	1E-30	1.0E-10	1.0E+10	1E-30	1.0E-10	1.0E+10	1E-30	1.0E-10	1.0E+10	1E-30	1.0E-10	1.0E+10	1E-30	1.0E-10	1.0E+10	1E-30	1.0E-10	1.0E+10	1E-30	1.0E-10	1.0E+10	1E-30	1.0E-10
41	0.000000000039	1.0E+10	100000000000	1E-30	1.03292322933324E-10	1.0E+10	1E-30	1.0E+10	0.11	1E-30	1.46832824334214E-11	0.128959751360092	4.12663281943836E-10	7.65487649967136E-12	0.778573080428757	7.41817661482532E-11	1.23882995534614E-11	1.56067074354971	1.27449313355694E-11	2.56555289860656E-11	4.19788275526181	7.58432775252585E-13	1.92807089570911E-10	100000	1.0E+10	1E-30	1.0E-10	1.0E+10	1E-30	1.0E-10	1.0E+10	1E-30	1.0E-10	1.0E+10	1E-30	1.0E-10	1.0E+10	1E-30	1.0E-10	1.0E+10	1E-30	1.0E-10	1.0E+10	1E-30	1.0E-10	1.0E+10	1E-30	1.0E-10	1.0E+10	1E-30	1.0E-10	1.0E+10	1E-30	1.0E-10
42	0.000000000047	1.0E+10	100000000000	1E-30	7.48286731325781E-11	1.0E+10	1E-30	1.0E+10	0.1	1E-30	1.30347313166403E-11	0.144109326702263	3.94406031976313E-10	1.00271088027933E-11	0.936914820938112	7.38362646995392E-11	1.72879150093555E-11	1.8629158807294	1.34019409788933E-11	2.64137717899224E-11	2.96231517016261	8.20746734955948E-13	1.99908346868201E-10	100000	1.0E+10	1E-30	1.0E-10	1.0E+10	1E-30	1.0E-10	1.0E+10	1E-30	1.0E-10	1.0E+10	1E-30	1.0E-10	1.0E+10	1E-30	1.0E-10	1.0E+10	1E-30	1.0E-10	1.0E+10	1E-30	1.0E-10	1.0E+10	1E-30	1.0E-10	1.0E+10	1E-30	1.0E-10	1.0E+10	1E-30	1.0E-10
43	0.000000000047	1.0E+10	100000000000	1E-30	7.48286731325781E-11	1.0E+10	1E-30	1.0E+10	0.1	1E-30	1.30347313166403E-11	0.144109326702263	3.94406031976313E-10	1.00271088027933E-11	0.936914820938112	7.38362646995392E-11	1.72879150093555E-11	1.8629158807294	1.34019409788933E-11	2.64137717899224E-11	2.96231517016261	8.20746734955948E-13	1.99908346868201E-10	100000	1.0E+10	1E-30	1.0E-10	1.0E+10	1E-30	1.0E-10	1.0E+10	1E-30	1.0E-10	1.0E+10	1E-30	1.0E-10	1.0E+10	1E-30	1.0E-10	1.0E+10	1E-30	1.0E-10	1.0E+10	1E-30	1.0E-10	1.0E+10	1E-30	1.0E-10	1.0E+10	1E-30	1.0E-10	1.0E+10	1E-30	1.0E-10
44	0.000000000047	1.0E+10	100000000000	1E-30	7.48286731325781E-11	1.0E+10	1E-30	1.0E+10	0.1	1E-30	1.30347313166403E-11	0.144109326702263	3.94406031976313E-10	1.00271088027933E-11	0.936914820938112	7.38362646995392E-11	1.72879150093555E-11	1.8629158807294	1.34019409788933E-11	2.64137717899224E-11	2.96231517016261	8.20746734955948E-13	1.99908346868201E-10	100000	1.0E+10	1E-30	1.0E-10	1.0E+10	1E-30	1.0E-10	1.0E+10	1E-30	1.0E-10	1.0E+10	1E-30	1.0E-10	1.0E+10	1E-30	1.0E-10	1.0E+10	1E-30	1.0E-10	1.0E+10	1E-30	1.0E-10	1.0E+10	1E-30	1.0E-10	1.0E+10	1E-30	1.0E-10	1.0E+10	1E-30	1.0E-10
45	0.000000000056	1.0E+10	100000000000	1E-30	1.44640386939166E-10	1.0E+10	1E-30	1.0E+10	0.11	1E-30	1.24890863495613E-11	0.102153949594484	4.70461052455634E-10	8.55451539994036E-12	0.759538767785602	8.85009691719633E-11	1.88676928518919E-11	1.83258076143913	9.16530562147171E-12	3.40928490715637E-11	3.30379252846572	1.35558730841173E-12	1.32712734388483E-10	100000	1.0E+10	1E-30	1.0E-10	1.0E+10	1E-30	1.0E-10	1.0E+10	1E-30	1.0E-10	1.0E+10	1E-30	1.0E-10	1.0E+10	1E-30	1.0E-10	1.0E+10	1E-30	1.0E-10	1.0E+10	1E-30	1.0E-10	1.0E+10	1E-30	1.0E-10	1.0E+10	1E-30	1.0E-10	1.0E+10	1E-30	1.0E-10
46	0.000000000056	1.0E+10	100000000000	1E-30	1.44640386939166E-10	1.0E+10	1E-30	1.0E+10	0.11	1E-30	1.24890863495613E-11	0.102153949594484	4.70461052455634E-10	8.55451539994036E-12	0.759538767785602	8.85009691719633E-11	1.88676928518919E-11	1.83258076143913	9.16530562147171E-12	3.40928490715637E-11	3.30379252846572	1.35558730841173E-12	1.32712734388483E-10	100000	1.0E+10	1E-30	1.0E-10	1.0E+10	1E-30	1.0E-10	1.0E+10	1E-30	1.0E-10	1.0E+10	1E-30	1.0E-10	1.0E+10	1E-30	1.0E-10	1.0E+10	1E-30	1.0E-10	1.0E+10	1E-30	1.0E-10	1.0E+10	1E-30	1.0E-10	1.0E+10	1E-30	1.0E-10	1.0E+10	1E-30	1.0E-10
47	0.000000000056	1.0E+10	100000000000	1E-30	1.44640386939166E-10	1.0E+10	1E-30	1.0E+10	0.11	1E-30	1.24890863495613E-11	0.102153949594484	4.70461052455634E-10	8.55451539994036E-12	0.759538767785602	8.85009691719633E-11	1.88676928518919E-11	1.83258076143913	9.16530562147171E-12	3.40928490715637E-11	3.30379252846572	1.35558730841173E-12	1.32712734388483E-10	100000	1.0E+10	1E-30	1.0E-10	1.0E+10	1E-30	1.0E-10	1.0E+10	1E-30	1.0E-10	1.0E+10	1E-30	1.0E-10	1.0E+10	1E-30	1.0E-10	1.0E+10	1E-30	1.0E-10	1.0E+10	1E-30	1.0E-10	1.0E+10	1E-30	1.0E-10	1.0E+10	1E-30	1.0E-10	1.0E+10	1E-30	1.0E-10
48	0.000000000068	1.0E+10	100000000000	1E-30	2.15808250651519E-10	1.0E+10	1E-30	1.0E+10	0.11	1E-30	2.49455017509079E-11	0.169833296578074	6.39676312934917E-10	5.84612302375317E-12	0.341529255803176	6.13992277301372E-11	2.21436919146646E-11	1.60045477529542	2.41999210604315E-11	1.60034796809656E-11	1.91327431601237	1.95420070207599E-12	1.24185510386408E-10	100000	1.0E+10	1E-30	1.0E-10	1.0E+10	1E-30	1.0E-10	1.0E+10	1E-30	1.0E-10	1.0E+10	1E-30	1.0E-10	1.0E+10	1E-30	1.0E-10	1.0E+10	1E-30	1.0E-10	1.0E+10	1E-30	1.0E-10	1.0E+10	1E-30	1.0E-10	1.0E+10	1E-30	1.0E-10	1.0E+10	1E-30	1.0E-10
49	0.000000000068	1.0E+10	100000000000	1E-30	2.15808250651519E-10	1.0E+10	1E-30	1.0E+10	0.11	1E-30	2.49455017509079E-11	0.169833296578074	6.39676312934917E-10	5.84612302375317E-12	0.341529255803176	6.13992277301372E-11	2.21436919146646E-11	1.60045477529542	2.41999210604315E-11	1.60034796809656E-11	1.91327431601237	1.95420070207599E-12	1.24185510386408E-10	100000	1.0E+10	1E-30	1.0E-10	1.0E+10	1E-30	1.0E-10	1.0E+10	1E-30	1.0E-10	1.0E+10	1E-30	1.0E-10	1.0E+10	1E-30	1.0E-10	1.0E+10	1E-30	1.0E-10	1.0E+10	1E-30	1.0E-10	1.0E+10	1E-30	1.0E-10	1.0E+10	1E-30	1.0E-10	1.0E+10	1E-30	1.0E-10
50	0.000000000068	1.0E+10	100000000000	1E-30	2.15808250651519E-10	1.0E+10	1E-30	1.0E+10	0.11	1E-30	2.49455017509079E-11	0.169833296578074	6.39676312934917E-10	5.84612302375317E-12	0.341529255803176	6.13992277301372E-11	2.21436919146646E-11	1.60045477529542	2.41999210604315E-11	1.60034796809656E-11	1.91327431601237	1.95420070207599E-12	1.24185510386408E-10	100000	1.0E+10	1E-30	1.0E-10	1.0E+10	1E-30	1.0E-10	1.0E+10	1E-30	1.0E-10	1.0E+10	1E-30	1.0E-10	1.0E+10	1E-30	1.0E-10	1.0E+10	1E-30	1.0E-10	1.0E+10	1E-30	1.0E-10	1.0E+10	1E-30	1.0E-10	1.0E+10	1E-30	1.0E-10	1.0E+10	1E-30	1.0E-10
51	0.000000000082	1.0E+10	100000000000	1E-30	1.53858415197409E-10	1.0E+10	1E-30	1.0E+10	0.11	1E-30	1.32410913043179E-11	6.92244848720978E-02	1.02622241376951E-09	5.13579841163414E-12	0.335806831031364	1.16116398566446E-10	1.74490875128699E-11	1.21221407976442	5.16905083623579E-12	4.6202165529215E-11	3.14956307938294	1.5214510518472E-12	1.45472903402628E-10	923128291.066899	1.0E+10	1E-30	1.0E-10	1.0E+10	1E-30	1.0E-10	1.0E+10	1E-30	1.0E-10	1.0E+10	1E-30	1.0E-10	1.0E+10	1E-30	1.0E-10	1.0E+10	1E-30	1.0E-10	1.0E+10	1E-30	1.0E-10	1.0E+10	1E-30	1.0E-10	1.0E+10	1E-30	1.0E-10	1.0E+10	1E-30	1.0E-10
52	0.000000000082	1.0E+10	100000000000	1E-30	1.53858415197409E-10	1.0E+10	1E-30	1.0E+10	0.11	1E-30	1.32410913043179E-11	6.92244848720978E-02	1.02622241376951E-09	5.13579841163414E-12	0.335806831031364	1.16116398566446E-10	1.74490875128699E-11	1.21221407976442	5.16905083623579E-12	4.6202165529215E-11	3.14956307938294	1.5214510518472E-12	1.45472903402628E-10	923128291.066899	1.0E+10	1E-30	1.0E-10	1.0E+10	1E-30	1.0E-10	1.0E+10	1E-30	1.0E-10	1.0E+10	1E-30	1.0E-10	1.0E+10	1E-30	1.0E-10	1.0E+10	1E-30	1.0E-10	1.0E+10	1E-30	1.0E-10	1.0E+10	1E-30	1.0E-10	1.0E+10	1E-30	1.0E-10	1.0E+10	1E-30	1.0E-10
53	0.000000000082	1.0E+10	100000000000	1E-30	1.53858415197409E-10	1.0E+10	1E-30	1.0E+10	0.11	1E-30	1.32410913043179E-11	6.92244848720978E-02	1.02622241376951E-09	5.13579841163414E-12	0.335806831031364	1.16116398566446E-10	1.74490875128699E-11	1.21221407976442	5.16905083623579E-12	4.6202165529215E-11	3.14956307938294	1.5214510518472E-12	1.45472903402628E-10	923128291.066899	1.0E+10	1E-30	1.0E-10	1.0E+10	1E-30	1.0E-10	1.0E+10	1E-30	1.0E-10	1.0E+10	1E-30	1.0E-10	1.0E+10	1E-30	1.0E-10	1.0E+10	1E-30	1.0E-10	1.0E+10	1E-30	1.0E-10	1.0E+10	1E-30	1.0E-10	1.0E+10	1E-30	1.0E-10	1.0E+10	1E-30	1.0E-10
54	1.0E-10	1.0E+10	100000000000	1E-30	2.12383735315241E-10	1.0E+10	1E-30	1.0E+10	0.11	1E-30	7.81844459589021E-12	0.034211165297577	8.95903383825545E-10	7.6974012849362E-12	0.351652630660493	1.74075486021945E-10	1.63155409893593E-11	1.0231338323372	7.081037303208E-12	3.53697330859959E-11	1.6970287063608	2.11963455730068E-12	9.97192721965459E-11	100000	1.0E+10	1E-30	1.0E-10	1.0E+10	1E-30	1.0E-10	1.0E+10	1E-30	1.0E-10	1.0E+10	1E-30	1.0E-10	1.0E+10	1E-30	1.0E-10	1.0E+10	1E-30	1.0E-10	1.0E+10	1E-30	1.0E-10	1.0E+10	1E-30	1.0E-10	1.0E+10	1E-30	1.0E-10	1.0E+10	1E-30	1.0E-10
55	1.0E-10	1.0E+10	100000000000	1E-30	2.12383735315241E-10	1.0E+10	1E-30	1.0E+10	0.11	1E-30	7.81844459589021E-12	0.034211165297577	8.95903383825545E-10	7.6974012849362E-12	0.351652630660493	1.74075486021945E-10	1.63155409893593E-11	1.0231338323372	7.081037303208E-12	3.53697330859959E-11	1.6970287063608	2.11963455730068E-12	9.97192721965459E-11	100000	1.0E+10	1E-30	1.0E-10	1.0E+10	1E-30	1.0E-10	1.0E+10	1E-30	1.0E-10	1.0E+10	1E-30	1.0E-10	1.0E+10	1E-30	1.0E-10	1.0E+10	1E-30	1.0E-10	1.0E+10	1E-30	1.0E-10	1.0E+10	1E-30	1.0E-10	1.0E+10	1E-30	1.0E-10	1.0E+10	1E-30	1.0E-10
56	1.0E-10	1.0E+10	100000000000	1E-30	2.12383735315241E-10	1.0E+10	1E-30	1.0E+10	0.11	1E-30	7.81844459589021E-12	0.034211165297577	8.95903383825545E-10	7.6974012849362E-12	0.351652630660493	1.74075486021945E-10	1.63155409893593E-11	1.0231338323372	7.081037303208E-12	3.53697330859959E-11	1.6970287063608	2.11963455730068E-12	9.97192721965459E-11	100000	1.0E+10	1E-30	1.0E-10	1.0E+10	1E-30	1.0E-10	1.0E+10	1E-30	1.0E-10	1.0E+10	1E-30	1.0E-10	1.0E+10	1E-30	1.0E-10	1.0E+10	1E-30	1.0E-10	1.0E+10	1E-30	1.0E-10	1.0E+10	1E-30	1.0E-10	1.0E+10	1E-30	1.0E-10	1.0E+10	1E-30	1.0E-10
57	0.00000000012	1.0E+10	100000000000	1E-30	5.9438527836161E-11	1.0E+10	1E-30	1.0E+10	0.115	1.03800911964015E-09	8.95794471826175E-12	0.511886732923121	2.74865706170251E-10	1.45006907134643E-11	1.05453812936634	5.37880498716848E-12	5.44713330092058E-11	1.42087028570554	3.01316622172311E-13	2.43229922413435E-10	100000	1.0E+10	1E-30	1.0E-10	1.0E+10	1E-30	1.0E-10	1.0E+10	1E-30	1.0E-10	1.0E+10	1E-30	1.0E-10	1.0E+10	1E-30	1.0E-10	1.0E+10	1E-30	1.0E-10	1.0E+10	1E-30	1.0E-10	1.0E+10	1E-30	1.0E-10	1.0E+10	1E-30	1.0E-10	1.0E+10	1E-30	1.0E-10	1.0E+10	1E-30	1.0E-10
58	0.00000000012	1.0E+10	100000000000	1E-30	5.9438527836161E-11	1.0E+10	1E-30	1.0E+10	0.115	1.03800911964015E-09	8.95794471826175E-12	0.511886732923121	2.74865706170251E-10	1.45006907134643E-11	1.05453812936634	5.37880498716848E-12	5.44713330092058E-11	1.42087028570554	3.01316622172311E-13	2.43229922413435E-10	100000	1.0E+10	1E-30	1.0E-10	1.0E+10	1E-30	1.0E-10	1.0E+10	1E-30	1.0E-10	1.0E+10	1E-30	1.0E-10	1.0E+10	1E-30	1.0E-10	1.0E+10	1E-30	1.0E-10	1.0E+10	1E-30	1.0E-10	1.0E+10	1E-30	1.0E-10	1.0E+10	1E-30	1.0E-10	1.0E+10	1E-30	1.0E-10	1.0E+10	1E-30	1.0E-10
59	0.00000000015	1.0E+10	100000000000	1E-30	2.01403978068005E-10	1.0E+10	1E-30	1.0E+10	9.06306586549104E-02	1E-30	8.02349365981855E-12	2.55810848741273E-02	1.22703765909188E-09	8.58974331508826E-12	0.336605861283754	2.99118307910426E-10	1.48594220188195E-11	0.868684499700468	6.8106852026425E-12	5.01665587523426E-11	1.47950995167182	2.02966580992761E-12	1.11587501984705E-10	125892.541179417	1.0E+10	1E-30	1.0E-10	1.0E+10	1E-30	1.0E-10	1.0E+10	1E-30	1.0E-10	1.0E+10	1E-30	1.0E-10	1.0E+10	1E-30	1.0E-10	1.0E+10	1E-30	1.0E-10	1.0E+10	1E-30	1.0E-10	1.0E+10	1E-30	1.0E-10	1.0E+10	1E-30	1.0E-10	1.0E+10	1E-30	1.0E-10
60	0.00000000015	1.0E+10	100000000000	1E-30	2.01403978068005E-10	1.0E+10	1E-30	1.0E+10	9.06306586549104E-02	1E-30	8.02349365981855E-12	2.55810848741273E-02	1.22703765909188E-09	8.58974331508826E-12	0.336605861283754	2.99118307910426E-10	1.48594220188195E-11	0.868684499700468	6.8106852026425E-12	5.01665587523426E-11	1.47950995167182	2.02966580992761E-12	1.11587501984705E-10	125892.541179417	1.0E+10	1E-30	1.0E-10	1.0E+10	1E-30	1.0E-10	1.0E+10	1E-30	1.0E-10	1.0E+10	1E-30	1.0E-10	1.0E+10	1E-30	1.0E-10	1.0E+10	1E-30	1.0E-10	1.0E+10	1E-30	1.0E-10	1.0E+10	1E-30	1.0E-10	1.0E+10	1E-30	1.0E-10	1.0E+10	1E-30	1.0E-10
61	0.00000000018	1.0E+10	100000000000	1E-30	2.04120071387377E-10	1.0E+10	1E-30	1.0E+10	7.66424559771799E-02	1E-30	3.40001240920193E-11	1.13945206386534	1E-30	2.54897354735657E-11	0.456056943116606	2.30756021527319E-09	6.01685344765709E-12	0.347228547492163	3.55201155255528E-10	1.73490404709785E-11	0.80199178744803	8.7753793031377E-11	4.58177561525042E-12	0.906826574635858	3.7009775316618E-12	6.55727870565629E-11	100000	1.0E+10	1E-30	1.0E-10	1.0E+10	1E-30	1.0E-10	1.0E+10	1E-30	1.0E-10	1.0E+10	1E-30	1.0E-10	1.0E+10	1E-30	1.0E-10	1.0E+10	1E-30	1.0E-10	1.0E+10	1E-30	1.0E-10	1.0E+10	1E-30	1.0E-10	1.0E+10	1E-30	1.0E-10
62	0.00000000018	1.0E+10	100000000000	1E-30	2.04120071387377E-10	1.0E+10	1E-30	1.0E+10	7.66424559771799E-02	1E-30	3.40001240920193E-11	1.13945206386534	1E-30	2.54897354735657E-11	0.456056943116606	2.30756021527319E-09	6.01685344765709E-12	0.347228547492163	3.55201155255528E-10	1.73490404709785E-11	0.80199178744803	8.7753793031377E-11	4.58177561525042E-12	0.906826574635858	3.7009775316618E-12	6.55727870565629E-11	100000	1.0E+10	1E-30	1.0E-10	1.0E+10	1E-30	1.0E-10	1.0E+10	1E-30	1.0E-10	1.0E+10	1E-30	1.0E-10	1.0E+10	1E-30	1.0E-10	1.0E+10	1E-30	1.0E-10	1.0E+10	1E-30	1.0E-10	1.0E+10	1E-30	1.0E-10	1.0E+10	1E-30	1.0E-10
63	0.00000000022	1.0E+10	100000000000	1E-30	2.71686490820042E-10	1.0E+10	1E-30	1.0E+10	0.09	1E-30	5.36727796685592E-11	1.064211621249	2.15610517451617E-09	6.41089035821462E-12	0.18680024395172	4.13534788473204E-10	1.36036867063416E-11	0.570427422277885	5.54357684376723E-11	5.96788313392741E-12	0.36082911910855	2.85081459490076E-12	8.91396897095156E-11	565654273.085007	1.0E+10	1E-30	1.0E-10	1.0E+10	1E-30	1.0E-10	1.0E+10	1E-30	1.0E-10	1.0E+10	1E-30	1.0E-10	1.0E+10	1E-30	1.0E-10	1.0E+10	1E-30	1.0E-10	1.0E+10	1E-30	1.0E-10	1.0E+10	1E-30	1.0E-10	1.0E+10	1E-30	1.0E-10	1.0E+10	1E-30	1.0E-10
64	0.00000000022	1.0E+10	100000000000	1E-30	2.71686490820042E-10	1.0E+10	1E-30	1.0E+10	0.09	1E-30	5.36727796685592E-11	1.064211621249	2.15610517451617E-09	6.41089035821462E-12	0.18680024395172	4.13534788473204E-10	1.36036867063416E-11	0.570427422277885	5.54357684376723E-11	5.96788313392741E-12	0.36082911910855	2.85081459490076E-12	8.91396897095156E-11	565654273.085007	1.0E+10	1E-30	1.0E-10	1.0E+10	1E-30	1.0E-10	1.0E+10	1E-30	1.0E-10	1.0E+10	1E-30	1.0E-10	1.0E+10	1E-30	1.0E-10	1.0E+10	1E-30	1.0E-10	1.0E+10	1E-30	1.0E-10	1.0E+10	1E-30	1.0E-10	1.0E+10	1E-30	1.0E-10	1.0E+10	1E-30	1.0E-10
65	0.00000000027	1.0E+10	100000000000	1E-30	1.21653524099836E-10	1.0E+10	1E-30	1.0E+10	8.50360761706091E-02	1E-30	5.93246183290309E-11	1.31488885975095	1E-30	3.36661416822149E-12	8.31781445169441E-03	4.1055413794406E-09	4.87143428966238E-12	0.141165272457486	6.02879459727884E-10	1.31036200656612E-11	0.48351928791853	2.44092278050147E-11	1.53965643887182E-11	3.81813256248226	1.39089908103452E-12	1.78543675672564E-10	100000	1.0E+10	1E-30	1.0E-10	1.0E+10	1E-30	1.0E-10	1.0E+10	1E-30	1.0E-10	1.0E+10	1E-30	1.0E-10	1.0E+10	1E-30	1.0E-10	1.0E+10	1E-30	1.0E-10	1.0E+10	1E-30	1.0E-10	1.0E+10	1E-30	1.0E-10	1.0E+10	1E-30	1.0E-10
66	0.00000000027	1.0E+10	100000000000	1E-30	1.21653524099836E-10	1.0E+10	1E-30	1.0E+10	8.50360761706091E-02	1E-30	5.93246183290309E-11	1.31488885975095	1E-30	3.36661416822149E-12	8.31781445169441E-03	4.1055413794406E-09	4.87143428966238E-12	0.141165272457486	6.02879459727884E-10	1.31036200656612E-11	0.48351928791853	2.44092278050147E-11	1.53965643887182E-11	3.81813256248226	1.39089908103452E-12	1.78543675672564E-10	100000	1.0E+10	1E-30	1.0E-10	1.0E+10	1E-30	1.0E-10	1.0E+10	1E-30	1.0E-10	1.0E+10	1E-30	1.0E-10	1.0E+10	1E-30	1.0E-10	1.0E+10	1E-30	1.0E-10	1.0E+10	1E-30	1.0E-10	1.0E+10	1E-30	1.0E-10	1.0E+10	1E-30	1.0E-10
67	0.00000000033	1.0E+10	100000000000	1E-30	1.55700674877361E-10	1.0E+10	1E-30	1.0E+10	6.98217401676714E-02	1E-30	5.68586747583987E-11	1.04766955227979	3.07385084651783E-09	8.21738172300113E-12	0.194562846327276	5.90949647816856E-10	1.81810227665537E-11	0.601793334128979	2.17089341714625E-12	9.9632628914948E-11	100000	3.00988722757727E-12	5.02762682939873E-11	40.7108444454194	1.0E+10	1E-30	1.0E-10	1.0E+10	1E-30	1.0E-10	1.0E+10	1E-30	1.0E-10	1.0E+10	1E-30	1.0E-10	1.0E+10	1E-30	1.0E-10	1.0E+10	1E-30	1.0E-10	1.0E+10	1E-30	1.0E-10	1.0E+10	1E-30	1.0E-10	1.0E+10	1E-30	1.0E-10	1.0E+10	1E-30	1.0E-10
68	0.00000000033	1.0E+10	100000000000	1E-30	1.55700674877361E-10	1.0E+10	1E-30	1.0E+10	6.98217401676714E-02	1E-30	5.68586747583987E-11	1.04766955227979	3.07385084651783E-09	8.21738172300113E-12	0.194562846327276	5.90949647816856E-10	1.81810227665537E-11	0.601793334128979	2.17089341714625E-12	9.9632628914948E-11	100000	3.00988722757727E-12	5.02762682939873E-11	40.7108444454194	1.0E+10	1E-30	1.0E-10	1.0E+10	1E-30	1.0E-10	1.0E+10	1E-30	1.0E-10	1.0E+10	1E-30	1.0E-10	1.0E+10	1E-30	1.0E-10	1.0E+10	1E-30	1.0E-10	1.0E+10	1E-30	1.0E-10	1.0E+10	1E-30	1.0E-10	1.0E+10	1E-30	1.0E-10	1.0E+10	1E-30	1.0E-10
69	0.00000000039	1.0E+10	100000000000	1E-30	1.92122951990187E-10	1.0E+10	1E-30	1.0E+10	0.06	1E-30	6.85351086468194E-11	0.701274665362437	7.10830176754418E-09	4.32091286528216E-12	0.184322857852069	1.1552175359837E-09	1.16147257792419E-11	0.433226339610459	3.87207455471441E-11	1.03837925477794E-11	1.03002182059245	3.02112708369464E-12	8.02404169371059E-11	100000	1.0E+10	1E-30	1.0E-10	1.0E+10	1E-30	1.0E-10	1.0E+10	1E-30	1.0E-10	1.0E+10	1E-30	1.0E-10	1.0E+10	1E-30	1.0E-10	1.0E+10	1E-30	1.0E-10	1.0E+10	1E-30	1.0E-10	1.0E+10	1E-30	1.0E-10	1.0E+10	1E-30	1.0E-10	1.0E+10	1E-30	1.0E-10
70	0.00000000039	1.0E+10	100000000000	1E-30	1.92122951990187E-10	1.0E+10	1E-30	1.0E+10	0.06	1E-30	6.85351086468194E-11	0.701274665362437	7.10830176754418E-09	4.32091286528216E-12	0.184322857852069	1.1552175359837E-09	1.16147257792419E-11	0.433226339610459	3.87207455471441E-11	1.03837925477794E-11	1.03002182059245	3.02112708369464E-12	8.02404169371059E-11	100000	1.0E+10	1E-30	1.0E-10	1.0E+10	1E-30	1.0E-10	1.0E+10	1E-30	1.0E-10	1.0E+10	1E-30	1.0E-10	1.0E+10	1E-30	1.0E-10	1.0E+10	1E-30	1.0E-10	1.0E+10	1E-30	1.0E-10	1.0E+10	1E-30	1.0E-10	1.0E+10	1E-30	1.0E-10	1.0E+10	1E-30	1.0E-10
71	0.00000000047	1.0E+10	100000000000	1E-30	1.78069724026335E-10	1.0E+10	1E-30	1.0E+10	0.052	1E-30	3.6427919484895E-11	0.408574894520435	1E-30	2.95804506774788E-11	0.371718906152971	5.29990139270157E-09	7.25606248045604E-12	0.22546402848372	1.09321140801484E-09	1.61107043023765E-11	0.49593545704172	2.48601263442421E-12	8.90300792652472E-11	100000	1.0E+10	1E-30	1.0E-10	1.0E+10	1E-30	1.0E-10	1.0E+10	1E-30	1.0E-10	1.0E+10	1E-30	1.0E-10	1.0E+10	1E-30	1.0E-10	1.0E+10	1E-30	1.0E-10	1.0E+10	1E-30	1.0E-10	1.0E+10	1E-30	1.0E-10	1.0E+10	1E-30	1.0E-10	1.0E+10	1E-30	1.0E-10
72	0.00000000047	1.0E+10	100000000000	1E-30	1.78069724026335E-10	1.0E+10	1E-30	1.0E+10	0.052	1E-30	3.6427919484895E-11	0.408574894520435	1E-30	2.95804506774788E-11	0.371718906152971	5.29990139270157E-09	7.25606248045604E-12	0.22546402848372	1.09321140801484E-09	1.61107043023765E-11	0.49593545704172	2.48601263442421E-12	8.90300792652472E-11	100000	1.0E+10	1E-30	1.0E-10	1.0E+10	1E-30	1.0E-10	1.0E+10	1E-30	1.0E-10	1.0E+10	1E-30	1.0E-10	1.0E+10	1E-30	1.0E-10	1.0E+10	1E-30	1.0E-10	1.0E+10	1E-30	1.0E-10	1.0E+10	1E-30	1.0E-10	1.0E+10	1E-30	1.0E-10	1.0E+10	1E-30	1.0E-10
73	0.00000000056	1.0E+10	100000000000	1E-30	1.9500768907633E-10	1.0E+10	1E-30	1.0E+10	0.05	1E-30	3.62919492009343E-11	1.69582371931432	1E-30	3.30047843925294E-11	0.387613914959355	6.08341791033105E-09	6.35799061276331E-12	0.174734493686221	7.93792822236189E-10	2.01238982280221E-11	0.415163303152446	3.66263658085267E-12	7.35794348295723E-11	100000	1.0E+10	1E-30	1.0E-10	1.0E+10	1E-30	1.0E-10	1.0E+10	1E-30	1.0E-10	1.0E+10	1E-30	1.0E-10	1.0E+10	1E-30	1.0E-10	1.0E+10	1E-30	1.0E-10	1.0E+10	1E-30	1.0E-10	1.0E+10	1E-30	1.0E-10	1.0E+10	1E-30	1.0E-10	1.0E+10	1E-30	1.0E-10
74	0.00000000056	1.0E+10	100000000000	1E-30	1.9500768907633E-10	1.0E+10	1E-30	1.0E+10	0.05	1E-30	3.62919492009343E-11	1.69582371931432	1E-30	3.30047843925294E-11	0.387613914959355	6.08341791033105E-09	6.35799061276331E-12	0.174734493686221	7.93792822236189E-10	2.01238982280221E-11	0.415163303152446	3.66263658085267E-12	7.35794348295723E-11	100000	1.0E+10	1E-30	1.0E-10	1.0E+10	1E-30	1.0E-10	1.0E+10	1E-30	1.0E-10	1.0E+10	1E-30	1.0E-10	1.0E+10	1E-30	1.0E-10	1.0E+10	1E-30	1.0E-10	1.0E+10	1E-30	1.0E-10	1.0E+10	1E-30	1.0E-10	1.0E+10	1E-30	1.0E-10	1.0E+10	1E-30	1.0E-10
75	0.00000000068	1.0E+10	100000000000	1E-30	8.92178729071395E-11	1.0E+10	1E-30	1.0E+10	0.055	1E-30	9.10540142649859E-12	0.898368563939869	1E-30	4.26619647442568E-11	0.732796899935792	4.02334444578531E-09	1.28491033252663E-11	0.227386277112007	1.18231090749275E-09	1.82450354652313E-11	0.43556528296391	1.7569213103215E-09	4.22491126643527E-12	0.110022644527829	7.00715098715919E-10	1.4948767223508E-12	0.597743997828646	1.0425881101574E-12	1.93609794354307E-10	100000	1.0E+10	1E-30	1.0E-10	1.0E+10	1E-30	1.0E-10	1.0E+10	1E-30	1.0E-10	1.0E+10	1E-30	1.0E-10	1.0E+10	1E-30	1.0E-10	1.0E+10	1E-30	1.0E-10	1.0E+10	1E-30	1.0E-10	1.0E+10	1E-30	1.0E-10
76	0.00000000068	1.0E+10	100000000000	1E-30	8.92178729071395E-11	1.0E+10	1E-30	1.0E+10	0.055	1E-30	9.10540142649859E-12	0.898368563939869	1E-30	4.26619647442568E-11	0.732796899935792	4.02334444578531E-09	1.28491033252663E-11	0.227386277112007	1.18231090749275E-09	1.82450354652313E-11	0.43556528296391	1.7569213103215E-09	4.22491126643527E-12	0.110022644527829	7.00715098715919E-10	1.4948767223508E-12	0.597743997828646	1.0425881101574E-12	1.93609794354307E-10	100000	1.0E+10	1E-30	1.0E-10	1.0E+10	1E-30	1.0E-10	1.0E+10	1E-30	1.0E-10	1.0E+10	1E-30	1.0E-10	1.0E+10	1E-30	1.0E-10	1.0E+10	1E-30	1.0E-10	1.0E+10	1E-30	1.0E-10	1.0E+10	1E-30	1.0E-10
77	0.00000000082	1.0E+10	100000000000	1E-30	1.74458529865884E-10	1.0E+10	1E-30	1.0E+10	0.04	1E-30	3.70764203845389E-11	0.986991369122804	5.28510675626742E-09	1.24460743325156E-11	0.264510269532931	1.19574510700159E-09	2.37188496461563E-11	0.533080851627057	9.05953324896629E-10	1.03683970082561E-11	0.220857012391181	1.46875337078719E-09	2.91302842785553E-12	0.118590247305185	1.23403045407493E-12	7.58652953067139E-11	100000	1.0E+10	1E-30	1.0E-10	1.0E+10	1E-30	1.0E-10	1.0E+10	1E-30	1.0E-10	1.0E+10	1E-30	1.0E-10	1.0E+10	1E-30	1.0E-10	1.0E+10	1E-30	1.0E-10	1.0E+10	1E-30	1.0E-10	1.0E+10	1E-30	1.0E-10	1.0E+10	1E-30	1.0E-10
78	0.00000000082	1.0E+10	100000000000	1E-30	1.74458529865884E-10	1.0E+10	1E-30	1.0E+10	0.04	1E-30	3.70764203845389E-11	0.986991369122804	5.28510675626742E-09	1.24460743325156E-11	0.264510269532931	1.19574510700159E-09	2.37188496461563E-11	0.533080851627057	9.05953324896629E-10	1.03683970082561E-11	0.220857012391181	1.46875337078719E-09	2.91302842785553E-12	0.118590247305185	1.23403045407493E-12	7.58652953067139E-11	100000	1.0E+10	1E-30	1.0E-10	1.0E+10	1E-30	1.0E-10	1.0E+10	1E-30	1.0E-10	1.0E+10	1E-30	1.0E-10	1.0E+10	1E-30	1.0E-10	1.0E+10	1E-30	1.0E-10	1.0E+10	1E-30	1.0E-10	1.0E+10	1E-30	1.0E-10	1.0E+10	1E-30	1.0E-10
79	9.93069803667605E-10	1.0E+10	100000000000	1E-30	9.26076654705942E-11	1.0E+10	1E-30	1.0E+10	1.45865267698439E-02	1E-30	1.35585135181216E-10	2.95090235449181E-02	5.85684164254334E-09	1.39795299716959E-11	0.290840120246227	1.7877751610324E-09	2.05864434578487E-11	0.445325889964886	2.01044215382153E-12	1.29101044464253E-10	100000	6.83755265624259E-13	6.98359029809327E-11	0.947165161825991	1.0E+10	1E-30	1.0E-10	1.0E+10	1E-30	1.0E-10	1.0E+10	1E-30	1.0E-10	1.0E+10	1E-30	1.0E-10	1.0E+10	1E-30	1.0E-10	1.0E+10	1E-30	1.0E-10	1.0E+10	1E-30	1.0E-10	1.0E+10	1E-30	1.0E-10	1.0E+10	1E-30	1.0E-10	1.0E+10	1E-30	1.0E-10
80	9.93069803667605E-10	1.0E+10	100000000000	1E-30	9.26076654705942E-11	1.0E+10	1E-30	1.0E+10	1.45865267698439E-02	1E-30	1.35585135181216E-10	2.95090235449181E-02	5.85684164254334E-09	1.39795299716959E-11	0.290840120246227	1.7877751610324E-09	2.05864434578487E-11	0.445325889964886	2.01044215382153E-12	1.29101044464253E-10	100000	6.83755265624259E-13	6.98359029809327E-11	0.947165161825991	1.0E+10	1E-30	1.0E-10	1.0E+10	1E-30	1.0E-10	1.0E+10	1E-30	1.0E-10	1.0E+10	1E-30	1.0E-10	1.0E+10	1E-30	1.0E-10	1.0E+10	1E-30	1.0E-10	1.0E+10	1E-30	1.0E-10	1.0E+10	1E-30	1.0E-10	1.0E+10	1E-30	1.0E-10	1.0E+10	1E-30	1.0E-10
81	9.65833952724979E-09	1.0E+10	1000000000	1E-30	1.80782180004821E-10	1.0E+10	1E-30	1.0E+10	4.86837755422762E-02	8.69239906557724E-07	1.0E+10	1.77280121600498	7.38568940035824E-07	1.0E+10	0.360202180350935	9.13354014331348E-07	1.0E+10	6.28657359613494E-02	5.45133349308197E-07	1.0E+10	2.35609189444137E-02	1E-30	5.76560945900588E-11	0.228222679395327	1.54931804757783E-07	4.43275748615866E-12	1.52806573846959E-02	9.51542718136714E-09	3.18819614780852E-11	7.36611788712362E-02	4.31183001024083E-12	6.52301312386736E-11	11.0641947732493	1.0E+10	1E-30	1.0E-10	1.0E+10	1E-30	1.0E-10	1.0E+10	1E-30	1.0E-10	1.0E+10	1E-30	1.0E-10	1.0E+10	1E-30	1.0E-10	1.0E+10	1E-30	1.0E-10	1.0E+10	1E-30	1.0E-10
82	2.18637166897294E-08	1.0E+10	1000000000	1E-30	0.00000000017	1.0E+10	1E-30	1.0E+10	2.89552844712658E-02	5.68051905092452E-06	1.0E+10	1.99446526492045	3.48332225488349E-06	1.0E+10	0.999600528691164	1.911818967774E-06	1.0E+10	0.371529229629374	1.63598133561089E-06	1.0E+10	7.92246886231677E-02	1.5884214579555E-06	1.0E+10	1.25246154204524E-02	1E-30	2.15544995634981E-11	0.451436383203267	1E-30	8.90195738836052E-11	0.132081892160099	2.89127090463648E-07	6.79259086660137E-12	1.70872118226376E-02	5.63700378531533E-08	1.61951249233387E-11	3.45524632308703E-02	8.5512298853014E-12	3.31087832552744E-11	16.2437838579579	1.92435855706598E-11	1.45576970365954E-11	3.62825875569276	1.0E+10	1E-30	1.0E-10	1.0E+10	1E-30	1.0E-10	1.0E+10	1E-30	1.0E-10	1.0E+10	1E-30	1.0E-10
83	4.57325167942203E-08	1.0E+10	1000000000	1E-30	1.60373651247205E-10	1.0E+10	1E-30	1.0E+10	2.32931112099545E-02	3.83254990071764E-06	1.0E+10	1.65322633012692	3.29560655721975E-06	1.0E+10	0.299460942196772	4.00669810874839E-06	1.0E+10	4.17989658029105E-02	4.58480537711254E-06	1.0E+10	1.14354504157806E-02	1E-30	1.66532900987872E-11	0.2901530990831	1E-30	7.53777064896502E-11	0.110022744594638	1.46157837249818E-06	2.8412788441178E-12	5.75908076584073E-03	5.17905856769637E-08	3.81914610678958E-11	3.32323752596228E-02	2.94078577132466E-11	1.29364852274592E-11	2.12164398465191	4.57345710334162E-12	6.24748424604206E-11	28.5284332614995	1.0E+10	1E-30	1.0E-10	1.0E+10	1E-30	1.0E-10	1.0E+10	1E-30	1.0E-10	1.0E+10	1E-30	1.0E-10	1.0E+10	1E-30	1.0E-10
84	4.53100057723565E-08	1.0E+10	1000000000	1E-30	1.72122313411411E-10	1.0E+10	1E-30	1.0E+10	2.18650380116814E-02	3.66644244830827E-06	1.0E+10	1.16835617792528	4.26549742546068E-06	1.0E+10	0.200771096920579	3.5924183200454E-06	1.0E+10	4.68063950189013E-02	4.58824621888716E-06	1.0E+10	7.3809697415444E-03	1E-30	1.82153711127825E-11	0.3116959030118	1E-30	7.34509168764516E-11	0.108732558667206	1.7041675409249E-06	2.49664988041356E-12	5.5920585848086E-03	4.78470724748179E-08	4.34785155494524E-11	3.58295336698402E-02	3.12611278011936E-11	1.09809418720309E-11	2.06985877888013	0.0000000000057	5.02925878272739E-11	21.2463520374858	1.0E+10	1E-30	1.0E-10	1.0E+10	1E-30	1.0E-10	1.0E+10	1E-30	1.0E-10	1.0E+10	1E-30	1.0E-10	1.0E+10	1E-30	1.0E-10
85	4.52759779780559E-08	1.0E+10	1000000000	1E-30	1.87342696926952E-10	1.0E+10	1E-30	1.0E+10	2.24373078990801E-02	2.20045254836372E-06	1.0E+10	1.3998264648809	3.55043577020792E-06	1.0E+10	0.127795331133455	2.69720112719212E-06	1.0E+10	2.38425903020646E-02	1E-30	1.36453680467495E-11	0.131651268776938	1E-30	8.79047190094642E-11	0.110254425066268	3.31522931922536E-07	1.20422660013411E-11	1.50565581804547E-02	7.35021647704934E-08	2.35681166558414E-11	2.95033599459616E-02	1.5124566201173E-11	2.18137874610327E-11	5.15361579245653	1.0E+10	1E-30	1.0E-10	1.0E+10	1E-30	1.0E-10	1.0E+10	1E-30	1.0E-10	1.0E+10	1E-30	1.0E-10	1.0E+10	1E-30	1.0E-10	1.0E+10	1E-30	1.0E-10	1.0E+10	1E-30	1.0E-10
86	9.50440537628232E-08	1.0E+10	500000000	1E-30	0.00000000019	1.0E+10	1E-30	1.0E+10	1.58489319246111E-02	1.48610689029639E-05	1.0E+10	1.07095219146823	9.34937204260509E-06	1.0E+10	0.52452969993736	7.51318812101401E-06	1.0E+10	0.173350266491325	1.08095184113101E-05	1.0E+10	2.38788708182364E-02	9.01395288650605E-06	1.0E+10	1.08314239083623E-02	1E-30	1.50835062947724E-11	0.209795118543625	1E-30	3.55931428753721E-11	6.09444082089938E-02	1E-30	7.22560881616501E-11	3.96513225416578E-02	4.93585599257332E-07	1.69530478293914E-11	8.28815093361235E-03	2.03331200582408E-07	2.30561366078918E-11	1.68704000615565E-02	8.84194128288308E-12	3.53677651315323E-11	6	1.0E+10	1E-30	1.0E-10	1.0E+10	1E-30	1.0E-10	1.0E+10	1E-30	1.0E-10	1.0E+10	1E-30	1.0E-10
87	9.09134391622595E-08	1.0E+10	500000000	1E-30	1.19634548897779E-10	1.0E+10	1E-30	1.0E+10	1.43855830507493E-02	4.93991799759282E-06	1.0E+10	0.412790816094579	7.71458554323029E-06	1.0E+10	3.88667125434546E-02	9.52698237306715E-06	1.0E+10	7.15191648680723E-03	1E-30	1.29638148493828E-11	8.89655842768866E-02	1E-30	9.65250741160381E-11	6.73537799790359E-02	6.50352820978142E-07	1.22628836857112E-11	0.011167637112966	1.85135241487542E-07	2.09765495029615E-11	2.11653337338122E-02	2.30757557129013E-12	8.12174692884375E-11	19.4244223867199	1.0E+10	1E-30	1.0E-10	1.0E+10	1E-30	1.0E-10	1.0E+10	1E-30	1.0E-10	1.0E+10	1E-30	1.0E-10	1.0E+10	1E-30	1.0E-10	1.0E+10	1E-30	1.0E-10	1.0E+10	1E-30	1.0E-10
88	9.09134391622595E-08	1.0E+10	500000000	1E-30	1.19634548897779E-10	1.0E+10	1E-30	1.0E+10	1.43855830507493E-02	4.93991799759282E-06	1.0E+10	0.412790816094579	7.71458554323029E-06	1.0E+10	3.88667125434546E-02	9.52698237306715E-06	1.0E+10	7.15191648680723E-03	1E-30	1.29638148493828E-11	8.89655842768866E-02	1E-30	9.65250741160381E-11	6.73537799790359E-02	6.50352820978142E-07	1.22628836857112E-11	0.011167637112966	1.85135241487542E-07	2.09765495029615E-11	2.11653337338122E-02	2.30757557129013E-12	8.12174692884375E-11	19.4244223867199	1.0E+10	1E-30	1.0E-10	1.0E+10	1E-30	1.0E-10	1.0E+10	1E-30	1.0E-10	1.0E+10	1E-30	1.0E-10	1.0E+10	1E-30	1.0E-10	1.0E+10	1E-30	1.0E-10	1.0E+10	1E-30	1.0E-10
89	2.11613202241538E-07	1.0E+10	227272727.272727	1E-30	2.21053208580484E-10	1.0E+10	1E-30	1.0E+10	1.72125970597976E-02	1.16442061463237E-05	1.0E+10	0.260436429824186	1.63438289332322E-05	1.0E+10	1.72546821736315E-02	1E-30	2.76758798640994E-11	0.131698728254037	1E-30	1.08849692594417E-10	0.055559288465343	1.43886115170156E-06	1.48704461975175E-11	4.61291751693717E-03	5.48775761843062E-07	1.95799771496596E-11	8.07122556150876E-03	2.09699675143456E-11	1.57392764417167E-11	2.82794380213605	1.0E+10	1E-30	1.0E-10	1.0E+10	1E-30	1.0E-10	1.0E+10	1E-30	1.0E-10	1.0E+10	1E-30	1.0E-10	1.0E+10	1E-30	1.0E-10	1.0E+10	1E-30	1.0E-10	1.0E+10	1E-30	1.0E-10	1.0E+10	1E-30	1.0E-10
90	2.11613202241538E-07	1.0E+10	227272727.272727	1E-30	2.21053208580484E-10	1.0E+10	1E-30	1.0E+10	1.72125970597976E-02	1.16442061463237E-05	1.0E+10	0.260436429824186	1.63438289332322E-05	1.0E+10	1.72546821736315E-02	1E-30	2.76758798640994E-11	0.131698728254037	1E-30	1.08849692594417E-10	0.055559288465343	1.43886115170156E-06	1.48704461975175E-11	4.61291751693717E-03	5.48775761843062E-07	1.95799771496596E-11	8.07122556150876E-03	2.09699675143456E-11	1.57392764417167E-11	2.82794380213605	1.0E+10	1E-30	1.0E-10	1.0E+10	1E-30	1.0E-10	1.0E+10	1E-30	1.0E-10	1.0E+10	1E-30	1.0E-10	1.0E+10	1E-30	1.0E-10	1.0E+10	1E-30	1.0E-10	1.0E+10	1E-30	1.0E-10	1.0E+10	1E-30	1.0E-10
91	1.36959670516611E-07	1.0E+10	106382978.723404	1E-30	1.43602989910598E-10	1.0E+10	1E-30	1.0E+10	1.64641217929376E-02	1.09738269342134E-06	1.0E+10	2.8018287712537	3.01312462970596E-06	1.0E+10	8.30526545190576E-02	2.15696066257197E-06	1.0E+10	2.22440032820484E-02	1E-30	2.54870329541674E-11	0.218660892492324	1E-30	1.33903686395111E-10	6.69455003680123E-02	1.58335145111763E-06	7.07190757813401E-12	6.36966536737632E-03	5.41187133081966E-07	1.10893028657304E-11	1.08834465042616E-02	2.55354458179527E-12	8.73092922868055E-11	19.549959792625	1.0E+10	1E-30	1.0E-10	1.0E+10	1E-30	1.0E-10	1.0E+10	1E-30	1.0E-10	1.0E+10	1E-30	1.0E-10	1.0E+10	1E-30	1.0E-10	1.0E+10	1E-30	1.0E-10	1.0E+10	1E-30	1.0E-10
92	1.36959670516611E-07	1.0E+10	106382978.723404	1E-30	1.43602989910598E-10	1.0E+10	1E-30	1.0E+10	1.64641217929376E-02	1.09738269342134E-06	1.0E+10	2.8018287712537	3.01312462970596E-06	1.0E+10	8.30526545190576E-02	2.15696066257197E-06	1.0E+10	2.22440032820484E-02	1E-30	2.54870329541674E-11	0.218660892492324	1E-30	1.33903686395111E-10	6.69455003680123E-02	1.58335145111763E-06	7.07190757813401E-12	6.36966536737632E-03	5.41187133081966E-07	1.10893028657304E-11	1.08834465042616E-02	2.55354458179527E-12	8.73092922868055E-11	19.549959792625	1.0E+10	1E-30	1.0E-10	1.0E+10	1E-30	1.0E-10	1.0E+10	1E-30	1.0E-10	1.0E+10	1E-30	1.0E-10	1.0E+10	1E-30	1.0E-10	1.0E+10	1E-30	1.0E-10	1.0E+10	1E-30	1.0E-10
93	1.36959670516611E-07	1.0E+10	227272727.272727	1E-30	1.43602989910598E-10	1.0E+10	1E-30	1.0E+10	1.64641217929376E-02	1.09738269342134E-06	1.0E+10	2.8018287712537	3.01312462970596E-06	1.0E+10	8.30526545190576E-02	2.15696066257197E-06	1.0E+10	2.22440032820484E-02	1E-30	2.54870329541674E-11	0.218660892492324	1E-30	1.33903686395111E-10	6.69455003680123E-02	1.58335145111763E-06	7.07190757813401E-12	6.36966536737632E-03	5.41187133081966E-07	1.10893028657304E-11	1.08834465042616E-02	2.55354458179527E-12	8.73092922868055E-11	19.549959792625	1.0E+10	1E-30	1.0E-10	1.0E+10	1E-30	1.0E-10	1.0E+10	1E-30	1.0E-10	1.0E+10	1E-30	1.0E-10	1.0E+10	1E-30	1.0E-10	1.0E+10	1E-30	1.0E-10	1.0E+10	1E-30	1.0E-10
94	1.36959670516611E-07	1.0E+10	227272727.272727	1E-30	1.43602989910598E-10	1.0E+10	1E-30	1.0E+10	1.64641217929376E-02	1.09738269342134E-06	1.0E+10	2.8018287712537	3.01312462970596E-06	1.0E+10	8.30526545190576E-02	2.15696066257197E-06	1.0E+10	2.22440032820484E-02	1E-30	2.54870329541674E-11	0.218660892492324	1E-30	1.33903686395111E-10	6.69455003680123E-02	1.58335145111763E-06	7.07190757813401E-12	6.36966536737632E-03	5.41187133081966E-07	1.10893028657304E-11	1.08834465042616E-02	2.55354458179527E-12	8.73092922868055E-11	19.549959792625	1.0E+10	1E-30	1.0E-10	1.0E+10	1E-30	1.0E-10	1.0E+10	1E-30	1.0E-10	1.0E+10	1E-30	1.0E-10	1.0E+10	1E-30	1.0E-10	1.0E+10	1E-30	1.0E-10	1.0E+10	1E-30	1.0E-10
95	2.11613202241538E-07	1.0E+10	106382978.723404	1E-30	2.21053208580484E-10	1.0E+10	1E-30	1.0E+10	1.72125970597976E-02	1.16442061463237E-05	1.0E+10	0.260436429824186	1.63438289332322E-05	1.0E+10	1.72546821736315E-02	1E-30	2.76758798640994E-11	0.131698728254037	1E-30	1.08849692594417E-10	0.055559288465343	1.43886115170156E-06	1.48704461975175E-11	4.61291751693717E-03	5.48775761843062E-07	1.95799771496596E-11	8.07122556150876E-03	2.09699675143456E-11	1.57392764417167E-11	2.82794380213605	1.0E+10	1E-30	1.0E-10	1.0E+10	1E-30	1.0E-10	1.0E+10	1E-30	1.0E-10	1.0E+10	1E-30	1.0E-10	1.0E+10	1E-30	1.0E-10	1.0E+10	1E-30	1.0E-10	1.0E+10	1E-30	1.0E-10	1.0E+10	1E-30	1.0E-10
96	2.11613202241538E-07	1.0E+10	106382978.723404	1E-30	2.21053208580484E-10	1.0E+10	1E-30	1.0E+10	1.72125970597976E-02	1.16442061463237E-05	1.0E+10	0.260436429824186	1.63438289332322E-05	1.0E+10	1.72546821736315E-02	1E-30	2.76758798640994E-11	0.131698728254037	1E-30	1.08849692594417E-10	0.055559288465343	1.43886115170156E-06	1.48704461975175E-11	4.61291751693717E-03	5.48775761843062E-07	1.95799771496596E-11	8.07122556150876E-03	2.09699675143456E-11	1.57392764417167E-11	2.82794380213605	1.0E+10	1E-30	1.0E-10	1.0E+10	1E-30	1.0E-10	1.0E+10	1E-30	1.0E-10	1.0E+10	1E-30	1.0E-10	1.0E+10	1E-30	1.0E-10	1.0E+10	1E-30	1.0E-10	1.0E+10	1E-30	1.0E-10	1.0E+10	1E-30	1.0E-10
97	2.11613202241538E-07	1.0E+10	106382978.723404	1E-30	2.21053208580484E-10	1.0E+10	1E-30	1.0E+10	1.72125970597976E-02	1.16442061463237E-05	1.0E+10	0.260436429824186	1.63438289332322E-05	1.0E+10	1.72546821736315E-02	1E-30	2.76758798640994E-11	0.131698728254037	1E-30	1.08849692594417E-10	0.055559288465343	1.43886115170156E-06	1.48704461975175E-11	4.61291751693717E-03	5.48775761843062E-07	1.95799771496596E-11	8.07122556150876E-03	2.09699675143456E-11	1.57392764417167E-11	2.82794380213605	1.0E+10	1E-30	1.0E-10	1.0E+10	1E-30	1.0E-10	1.0E+10	1E-30	1.0E-10	1.0E+10	1E-30	1.0E-10	1.0E+10	1E-30	1.0E-10	1.0E+10	1E-30	1.0E-10	1.0E+10	1E-30	1.0E-10	1.0E+10	1E-30	1.0E-10
98	2.11613202241538E-07	1.0E+10	106382978.723404	1E-30	2.21053208580484E-10	1.0E+10	1E-30	1.0E+10	1.72125970597976E-02	1.16442061463237E-05	1.0E+10	0.260436429824186	1.63438289332322E-05	1.0E+10	1.72546821736315E-02	1E-30	2.76758798640994E-11	0.131698728254037	1E-30	1.08849692594417E-10	0.055559288465343	1.43886115170156E-06	1.48704461975175E-11	4.61291751693717E-03	5.48775761843062E-07	1.95799771496596E-11	8.07122556150876E-03	2.09699675143456E-11	1.57392764417167E-11	2.82794380213605	1.0E+10	1E-30	1.0E-10	1.0E+10	1E-30	1.0E-10	1.0E+10	1E-30	1.0E-10	1.0E+10	1E-30	1.0E-10	1.0E+10	1E-30	1.0E-10	1.0E+10	1E-30	1.0E-10	1.0E+10	1E-30	1.0E-10	1.0E+10	1E-30	1.0E-10
99	1.36959670516611E-07	1.0E+10	106382978.723404	1E-30	1.43602989910598E-10	1.0E+10	1E-30	1.0E+10	1.64641217929376E-02	1.09738269342134E-06	1.0E+10	2.8018287712537	3.01312462970596E-06	1.0E+10	8.30526545190576E-02	2.15696066257197E-06	1.0E+10	2.22440032820484E-02	1E-30	2.54870329541674E-11	0.218660892492324	1E-30	1.33903686395111E-10	6.69455003680123E-02	1.58335145111763E-06	7.07190757813401E-12	6.36966536737632E-03	5.41187133081966E-07	1.10893028657304E-11	1.08834465042616E-02	2.55354458179527E-12	8.73092922868055E-11	19.549959792625	1.0E+10	1E-30	1.0E-10	1.0E+10	1E-30	1.0E-10	1.0E+10	1E-30	1.0E-10	1.0E+10	1E-30	1.0E-10	1.0E+10	1E-30	1.0E-10	1.0E+10	1E-30	1.0E-10	1.0E+10	1E-30	1.0E-10
100	1.36959670516611E-07	1.0E+10	106382978.723404	1E-30	1.43602989910598E-10	1.0E+10	1E-30	1.0E+10	1.64641217929376E-02	1.09738269342134E-06	1.0E+10	2.8018287712537	3.01312462970596E-06	1.0E+10	8.30526545190576E-02	2.15696066257197E-06	1.0E+10	2.22440032820484E-02	1E-30	2.54870329541674E-11	0.218660892492324	1E-30	1.33903686395111E-10	6.69455003680123E-02	1.58335145111763E-06	7.07190757813401E-12	6.36966536737632E-03	5.41187133081966E-07	1.10893028657304E-11	1.08834465042616E-02	2.55354458179527E-12	8.73092922868055E-11	19.549959792625	1.0E+10	1E-30	1.0E-10	1.0E+10	1E-30	1.0E-10	1.0E+10	1E-30	1.0E-10	1.0E+10	1E-30	1.0E-10	1.0E+10	1E-30	1.0E-10	1.0E+10	1E-30	1.0E-10	1.0E+10	1E-30	1.0E-10
101	1.36959670516611E-07	1.0E+10	227272727.272727	1E-30	1.43602989910598E-10	1.0E+10	1E-30	1.0E+10	1.64641217929376E-02	1.09738269342134E-06	1.0E+10	2.8018287712537	3.01312462970596E-06	1.0E+10	8.30526545190576E-02	2.15696066257197E-06	1.0E+10	2.22440032820484E-02	1E-30	2.54870329541674E-11	0.218660892492324	1E-30	1.33903686395111E-10	6.69455003680123E-02	1.58335145111763E-06	7.07190757813401E-12	6.36966536737632E-03	5.41187133081966E-07	1.10893028657304E-11	1.08834465042616E-02	2.55354458179527E-12	8.73092922868055E-11	19.549959792625	1.0E+10	1E-30	1.0E-10	1.0E+10	1E-30	1.0E-10	1.0E+10	1E-30	1.0E-10	1.0E+10	1E-30	1.0E-10	1.0E+10	1E-30	1.0E-10	1.0E+10	1E-30	1.0E-10	1.0E+10	1E-30	1.0E-10
102	1.36959670516611E-07	1.0E+10	227272727.272727	1E-30	1.43602989910598E-10	1.0E+10	1E-30	1.0E+10	1.64641217929376E-02	1.09738269342134E-06	1.0E+10	2.8018287712537	3.01312462970596E-06	1.0E+10	8.30526545190576E-02	2.15696066257197E-06	1.0E+10	2.22440032820484E-02	1E-30	2.54870329541674E-11	0.218660892492324	1E-30	1.33903686395111E-10	6.69455003680123E-02	1.58335145111763E-06	7.07190757813401E-12	6.36966536737632E-03	5.41187133081966E-07	1.10893028657304E-11	1.08834465042616E-02	2.55354458179527E-12	8.73092922868055E-11	19.549959792625	1.0E+10	1E-30	1.0E-10	1.0E+10	1E-30	1.0E-10	1.0E+10	1E-30	1.0E-10	1.0E+10	1E-30	1.0E-10	1.0E+10	1E-30	1.0E-10	1.0E+10	1E-30	1.0E-10	1.0E+10	1E-30	1.0E-10
103	1.36959670516611E-07	1.0E+10	227272727.272727	1E-30	1.43602989910598E-10	1.0E+10	1E-30	1.0E+10	1.64641217929376E-02	1.09738269342134E-06	1.0E+10	2.8018287712537	3.01312462970596E-06	1.0E+10	8.30526545190576E-02	2.15696066257197E-06	1.0E+10	2.22440032820484E-02	1E-30	2.54870329541674E-11	0.218660892492324	1E-30	1.33903686395111E-10	6.69455003680123E-02	1.58335145111763E-06	7.07190757813401E-12	6.36966536737632E-03	5.41187133081966E-07	1.10893028657304E-11	1.08834465042616E-02	2.55354458179527E-12	8.73092922868055E-11	19.549959792625	1.0E+10	1E-30	1.0E-10	1.0E+10	1E-30	1.0E-10	1.0E+10	1E-30	1.0E-10	1.0E+10	1E-30	1.0E-10	1.0E+10	1E-30	1.0E-10	1.0E+10	1E-30	1.0E-10	1.0E+10	1E-30	1.0E-10
104	3.10057168245377E-07	1.0E+10	106382978.723404	1E-30	2.15787937018893E-10	1.0E+10	1E-30	1.0E+10	1.36677622657778E-02	2.32887314882036E-05	1.0E+10	0.107721882038547	2.56825111146912E-05	1.0E+10	1.37308105586026E-02	1E-30	9.08414441836567E-12	0.189151285070446	1E-30	2.740672214909E-11	0.095032021457562	1E-30	1.06077644401123E-10	4.18715197701812E-02	2.98308231459747E-06	1.17185068511231E-11	4.43818333623271E-03	7.93712409892517E-07	2.21275980007097E-11	9.18465021124635E-03	1.56530178282914E-11	2.0404466008783E-11	4.12817177380926	1.0E+10	1E-30	1.0E-10	1.0E+10	1E-30	1.0E-10	1.0E+10	1E-30	1.0E-10	1.0E+10	1E-30	1.0E-10	1.0E+10	1E-30	1.0E-10	1.0E+10	1E-30	1.0E-10	1.0E+10	1E-30	1.0E-10
105	3.10057168245377E-07	1.0E+10	106382978.723404	1E-30	2.15787937018893E-10	1.0E+10	1E-30	1.0E+10	1.36677622657778E-02	2.32887314882036E-05	1.0E+10	0.107721882038547	2.56825111146912E-05	1.0E+10	1.37308105586026E-02	1E-30	9.08414441836567E-12	0.189151285070446	1E-30	2.740672214909E-11	0.095032021457562	1E-30	1.06077644401123E-10	4.18715197701812E-02	2.98308231459747E-06	1.17185068511231E-11	4.43818333623271E-03	7.93712409892517E-07	2.21275980007097E-11	9.18465021124635E-03	1.56530178282914E-11	2.0404466008783E-11	4.12817177380926	1.0E+10	1E-30	1.0E-10	1.0E+10	1E-30	1.0E-10	1.0E+10	1E-30	1.0E-10	1.0E+10	1E-30	1.0E-10	1.0E+10	1E-30	1.0E-10	1.0E+10	1E-30	1.0E-10	1.0E+10	1E-30	1.0E-10
106	3.10057168245377E-07	1.0E+10	106382978.723404	1E-30	2.15787937018893E-10	1.0E+10	1E-30	1.0E+10	1.36677622657778E-02	2.32887314882036E-05	1.0E+10	0.107721882038547	2.56825111146912E-05	1.0E+10	1.37308105586026E-02	1E-30	9.08414441836567E-12	0.189151285070446	1E-30	2.740672214909E-11	0.095032021457562	1E-30	1.06077644401123E-10	4.18715197701812E-02	2.98308231459747E-06	1.17185068511231E-11	4.43818333623271E-03	7.93712409892517E-07	2.21275980007097E-11	9.18465021124635E-03	1.56530178282914E-11	2.0404466008783E-11	4.12817177380926	1.0E+10	1E-30	1.0E-10	1.0E+10	1E-30	1.0E-10	1.0E+10	1E-30	1.0E-10	1.0E+10	1E-30	1.0E-10	1.0E+10	1E-30	1.0E-10	1.0E+10	1E-30	1.0E-10	1.0E+10	1E-30	1.0E-10
107	3.10057168245377E-07	1.0E+10	106382978.723404	1E-30	2.15787937018893E-10	1.0E+10	1E-30	1.0E+10	1.36677622657778E-02	2.32887314882036E-05	1.0E+10	0.107721882038547	2.56825111146912E-05	1.0E+10	1.37308105586026E-02	1E-30	9.08414441836567E-12	0.189151285070446	1E-30	2.740672214909E-11	0.095032021457562	1E-30	1.06077644401123E-10	4.18715197701812E-02	2.98308231459747E-06	1.17185068511231E-11	4.43818333623271E-03	7.93712409892517E-07	2.21275980007097E-11	9.18465021124635E-03	1.56530178282914E-11	2.0404466008783E-11	4.12817177380926	1.0E+10	1E-30	1.0E-10	1.0E+10	1E-30	1.0E-10	1.0E+10	1E-30	1.0E-10	1.0E+10	1E-30	1.0E-10	1.0E+10	1E-30	1.0E-10	1.0E+10	1E-30	1.0E-10	1.0E+10	1E-30	1.0E-10
108	3.10057168245377E-07	1.0E+10	106382978.723404	1E-30	2.15787937018893E-10	1.0E+10	1E-30	1.0E+10	1.36677622657778E-02	2.32887314882036E-05	1.0E+10	0.107721882038547	2.56825111146912E-05	1.0E+10	1.37308105586026E-02	1E-30	9.08414441836567E-12	0.189151285070446	1E-30	2.740672214909E-11	0.095032021457562	1E-30	1.06077644401123E-10	4.18715197701812E-02	2.98308231459747E-06	1.17185068511231E-11	4.43818333623271E-03	7.93712409892517E-07	2.21275980007097E-11	9.18465021124635E-03	1.56530178282914E-11	2.0404466008783E-11	4.12817177380926	1.0E+10	1E-30	1.0E-10	1.0E+10	1E-30	1.0E-10	1.0E+10	1E-30	1.0E-10	1.0E+10	1E-30	1.0E-10	1.0E+10	1E-30	1.0E-10	1.0E+10	1E-30	1.0E-10	1.0E+10	1E-30	1.0E-10
109	3.10057168245377E-07	1.0E+10	106382978.723404	1E-30	2.15787937018893E-10	1.0E+10	1E-30	1.0E+10	1.36677622657778E-02	2.32887314882036E-05	1.0E+10	0.107721882038547	2.56825111146912E-05	1.0E+10	1.37308105586026E-02	1E-30	9.08414441836567E-12	0.189151285070446	1E-30	2.740672214909E-11	0.095032021457562	1E-30	1.06077644401123E-10	4.18715197701812E-02	2.98308231459747E-06	1.17185068511231E-11	4.43818333623271E-03	7.93712409892517E-07	2.21275980007097E-11	9.18465021124635E-03	1.56530178282914E-11	2.0404466008783E-11	4.12817177380926	1.0E+10	1E-30	1.0E-10	1.0E+10	1E-30	1.0E-10	1.0E+10	1E-30	1.0E-10	1.0E+10	1E-30	1.0E-10	1.0E+10	1E-30	1.0E-10	1.0E+10	1E-30	1.0E-10	1.0E+10	1E-30	1.0E-10
110	4.33719522775679E-07	1.0E+10	106382978.723404	1E-30	2.05508433371692E-10	1.0E+10	1E-30	1.0E+10	1.12023066839942E-02	3.3226641027347E-05	1.0E+10	9.69995739822182E-02	3.67916925812522E-05	1.0E+10	1.21119025909133E-02	1E-30	1.00051366889426E-11	0.168878528347406	1E-30	2.7481891537737E-11	9.98883534034159E-02	1E-30	1.27460460632252E-10	4.20147244789952E-02	2.91441120925383E-06	1.52583992923776E-11	3.6798566141183E-03	1.0186103527816E-06	2.59886499422841E-11	7.05409011746283E-03	2.40698120429943E-11	1.28307629281326E-11	2.00023156079576	1.0E+10	1E-30	1.0E-10	1.0E+10	1E-30	1.0E-10	1.0E+10	1E-30	1.0E-10	1.0E+10	1E-30	1.0E-10	1.0E+10	1E-30	1.0E-10	1.0E+10	1E-30	1.0E-10	1.0E+10	1E-30	1.0E-10
111	4.33719522775679E-07	1.0E+10	106382978.723404	1E-30	2.05508433371692E-10	1.0E+10	1E-30	1.0E+10	1.12023066839942E-02	3.3226641027347E-05	1.0E+10	9.69995739822182E-02	3.67916925812522E-05	1.0E+10	1.21119025909133E-02	1E-30	1.00051366889426E-11	0.168878528347406	1E-30	2.7481891537737E-11	9.98883534034159E-02	1E-30	1.27460460632252E-10	4.20147244789952E-02	2.91441120925383E-06	1.52583992923776E-11	3.6798566141183E-03	1.0186103527816E-06	2.59886499422841E-11	7.05409011746283E-03	2.40698120429943E-11	1.28307629281326E-11	2.00023156079576	1.0E+10	1E-30	1.0E-10	1.0E+10	1E-30	1.0E-10	1.0E+10	1E-30	1.0E-10	1.0E+10	1E-30	1.0E-10	1.0E+10	1E-30	1.0E-10	1.0E+10	1E-30	1.0E-10	1.0E+10	1E-30	1.0E-10
112	2.59231155531867E-07	1.0E+10	106382978.723404	1E-30	7.20857150102385E-11	1.0E+10	1E-30	1.0E+10	1.39836681087069E-02	3.19259592348797E-06	1.0E+10	0.764989972777944	6.8055869209198E-06	1.0E+10	4.77348522565134E-02	4.47951410194325E-06	1.0E+10	0.015089775612031	1E-30	2.56444702297419E-11	0.141484459618606	1E-30	1.10836788040706E-10	5.60803083710354E-02	1.59230949237867E-06	1.64150073611367E-11	6.03852493236791E-03	5.15710417531967E-07	2.30045778403447E-11	1.05211353485827E-02	1.07530350478663E-12	1.6686867514106E-10	78.5470505841998	1.0E+10	1E-30	1.0E-10	1.0E+10	1E-30	1.0E-10	1.0E+10	1E-30	1.0E-10	1.0E+10	1E-30	1.0E-10	1.0E+10	1E-30	1.0E-10	1.0E+10	1E-30	1.0E-10	1.0E+10	1E-30	1.0E-10
113	2.59231155531867E-07	1.0E+10	106382978.723404	1E-30	7.20857150102385E-11	1.0E+10	1E-30	1.0E+10	1.39836681087069E-02	3.19259592348797E-06	1.0E+10	0.764989972777944	6.8055869209198E-06	1.0E+10	4.77348522565134E-02	4.47951410194325E-06	1.0E+10	0.015089775612031	1E-30	2.56444702297419E-11	0.141484459618606	1E-30	1.10836788040706E-10	5.60803083710354E-02	1.59230949237867E-06	1.64150073611367E-11	6.03852493236791E-03	5.15710417531967E-07	2.30045778403447E-11	1.05211353485827E-02	1.07530350478663E-12	1.6686867514106E-10	78.5470505841998	1.0E+10	1E-30	1.0E-10	1.0E+10	1E-30	1.0E-10	1.0E+10	1E-30	1.0E-10	1.0E+10	1E-30	1.0E-10	1.0E+10	1E-30	1.0E-10	1.0E+10	1E-30	1.0E-10	1.0E+10	1E-30	1.0E-10
114	4.33719522775679E-07	1.0E+10	106382978.723404	1E-30	2.05508433371692E-10	1.0E+10	1E-30	1.0E+10	1.12023066839942E-02	3.3226641027347E-05	1.0E+10	9.69995739822182E-02	3.67916925812522E-05	1.0E+10	1.21119025909133E-02	1E-30	1.00051366889426E-11	0.168878528347406	1E-30	2.7481891537737E-11	9.98883534034159E-02	1E-30	1.27460460632252E-10	4.20147244789952E-02	2.91441120925383E-06	1.52583992923776E-11	3.6798566141183E-03	1.0186103527816E-06	2.59886499422841E-11	7.05409011746283E-03	2.40698120429943E-11	1.28307629281326E-11	2.00023156079576	1.0E+10	1E-30	1.0E-10	1.0E+10	1E-30	1.0E-10	1.0E+10	1E-30	1.0E-10	1.0E+10	1E-30	1.0E-10	1.0E+10	1E-30	1.0E-10	1.0E+10	1E-30	1.0E-10	1.0E+10	1E-30	1.0E-10
115	4.33719522775679E-07	1.0E+10	106382978.723404	1E-30	2.05508433371692E-10	1.0E+10	1E-30	1.0E+10	1.12023066839942E-02	3.3226641027347E-05	1.0E+10	9.69995739822182E-02	3.67916925812522E-05	1.0E+10	1.21119025909133E-02	1E-30	1.00051366889426E-11	0.168878528347406	1E-30	2.7481891537737E-11	9.98883534034159E-02	1E-30	1.27460460632252E-10	4.20147244789952E-02	2.91441120925383E-06	1.52583992923776E-11	3.6798566141183E-03	1.0186103527816E-06	2.59886499422841E-11	7.05409011746283E-03	2.40698120429943E-11	1.28307629281326E-11	2.00023156079576	1.0E+10	1E-30	1.0E-10	1.0E+10	1E-30	1.0E-10	1.0E+10	1E-30	1.0E-10	1.0E+10	1E-30	1.0E-10	1.0E+10	1E-30	1.0E-10	1.0E+10	1E-30	1.0E-10	1.0E+10	1E-30	1.0E-10
116	4.33719522775679E-07	1.0E+10	106382978.723404	1E-30	2.05508433371692E-10	1.0E+10	1E-30	1.0E+10	1.12023066839942E-02	3.3226641027347E-05	1.0E+10	9.69995739822182E-02	3.67916925812522E-05	1.0E+10	1.21119025909133E-02	1E-30	1.00051366889426E-11	0.168878528347406	1E-30	2.7481891537737E-11	9.98883534034159E-02	1E-30	1.27460460632252E-10	4.20147244789952E-02	2.91441120925383E-06	1.52583992923776E-11	3.6798566141183E-03	1.0186103527816E-06	2.59886499422841E-11	7.05409011746283E-03	2.40698120429943E-11	1.28307629281326E-11	2.00023156079576	1.0E+10	1E-30	1.0E-10	1.0E+10	1E-30	1.0E-10	1.0E+10	1E-30	1.0E-10	1.0E+10	1E-30	1.0E-10	1.0E+10	1E-30	1.0E-10	1.0E+10	1E-30	1.0E-10	1.0E+10	1E-30	1.0E-10
117	4.33719522775679E-07	1.0E+10	106382978.723404	1E-30	2.05508433371692E-10	1.0E+10	1E-30	1.0E+10	1.12023066839942E-02	3.3226641027347E-05	1.0E+10	9.69995739822182E-02	3.67916925812522E-05	1.0E+10	1.21119025909133E-02	1E-30	1.00051366889426E-11	0.168878528347406	1E-30	2.7481891537737E-11	9.98883534034159E-02	1E-30	1.27460460632252E-10	4.20147244789952E-02	2.91441120925383E-06	1.52583992923776E-11	3.6798566141183E-03	1.0186103527816E-06	2.59886499422841E-11	7.05409011746283E-03	2.40698120429943E-11	1.28307629281326E-11	2.00023156079576	1.0E+10	1E-30	1.0E-10	1.0E+10	1E-30	1.0E-10	1.0E+10	1E-30	1.0E-10	1.0E+10	1E-30	1.0E-10	1.0E+10	1E-30	1.0E-10	1.0E+10	1E-30	1.0E-10	1.0E+10	1E-30	1.0E-10
118	2.59231155531867E-07	1.0E+10	106382978.723404	1E-30	7.20857150102385E-11	1.0E+10	1E-30	1.0E+10	1.39836681087069E-02	3.19259592348797E-06	1.0E+10	0.764989972777944	6.8055869209198E-06	1.0E+10	4.77348522565134E-02	4.47951410194325E-06	1.0E+10	0.015089775612031	1E-30	2.56444702297419E-11	0.141484459618606	1E-30	1.10836788040706E-10	5.60803083710354E-02	1.59230949237867E-06	1.64150073611367E-11	6.03852493236791E-03	5.15710417531967E-07	2.30045778403447E-11	1.05211353485827E-02	1.07530350478663E-12	1.6686867514106E-10	78.5470505841998	1.0E+10	1E-30	1.0E-10	1.0E+10	1E-30	1.0E-10	1.0E+10	1E-30	1.0E-10	1.0E+10	1E-30	1.0E-10	1.0E+10	1E-30	1.0E-10	1.0E+10	1E-30	1.0E-10	1.0E+10	1E-30	1.0E-10
119	2.59231155531867E-07	1.0E+10	106382978.723404	1E-30	7.20857150102385E-11	1.0E+10	1E-30	1.0E+10	1.39836681087069E-02	3.19259592348797E-06	1.0E+10	0.764989972777944	6.8055869209198E-06	1.0E+10	4.77348522565134E-02	4.47951410194325E-06	1.0E+10	0.015089775612031	1E-30	2.56444702297419E-11	0.141484459618606	1E-30	1.10836788040706E-10	5.60803083710354E-02	1.59230949237867E-06	1.64150073611367E-11	6.03852493236791E-03	5.15710417531967E-07	2.30045778403447E-11	1.05211353485827E-02	1.07530350478663E-12	1.6686867514106E-10	78.5470505841998	1.0E+10	1E-30	1.0E-10	1.0E+10	1E-30	1.0E-10	1.0E+10	1E-30	1.0E-10	1.0E+10	1E-30	1.0E-10	1.0E+10	1E-30	1.0E-10	1.0E+10	1E-30	1.0E-10	1.0E+10	1E-30	1.0E-10
120	2.59231155531867E-07	1.0E+10	106382978.723404	1E-30	7.20857150102385E-11	1.0E+10	1E-30	1.0E+10	1.39836681087069E-02	3.19259592348797E-06	1.0E+10	0.764989972777944	6.8055869209198E-06	1.0E+10	4.77348522565134E-02	4.47951410194325E-06	1.0E+10	0.015089775612031	1E-30	2.56444702297419E-11	0.141484459618606	1E-30	1.10836788040706E-10	5.60803083710354E-02	1.59230949237867E-06	1.64150073611367E-11	6.03852493236791E-03	5.15710417531967E-07	2.30045778403447E-11	1.05211353485827E-02	1.07530350478663E-12	1.6686867514106E-10	78.5470505841998	1.0E+10	1E-30	1.0E-10	1.0E+10	1E-30	1.0E-10	1.0E+10	1E-30	1.0E-10	1.0E+10	1E-30	1.0E-10	1.0E+10	1E-30	1.0E-10	1.0E+10	1E-30	1.0E-10	1.0E+10	1E-30	1.0E-10
121	2.59231155531867E-07	1.0E+10	106382978.723404	1E-30	7.20857150102385E-11	1.0E+10	1E-30	1.0E+10	1.39836681087069E-02	3.19259592348797E-06	1.0E+10	0.764989972777944	6.8055869209198E-06	1.0E+10	4.77348522565134E-02	4.47951410194325E-06	1.0E+10	0.015089775612031	1E-30	2.56444702297419E-11	0.141484459618606	1E-30	1.10836788040706E-10	5.60803083710354E-02	1.59230949237867E-06	1.64150073611367E-11	6.03852493236791E-03	5.15710417531967E-07	2.30045778403447E-11	1.05211353485827E-02	1.07530350478663E-12	1.6686867514106E-10	78.5470505841998	1.0E+10	1E-30	1.0E-10	1.0E+10	1E-30	1.0E-10	1.0E+10	1E-30	1.0E-10	1.0E+10	1E-30	1.0E-10	1.0E+10	1E-30	1.0E-10	1.0E+10	1E-30	1.0E-10	1.0E+10	1E-30	1.0E-10
122	2.59231155531867E-07	1.0E+10	106382978.723404	1E-30	7.20857150102385E-11	1.0E+10	1E-30	1.0E+10	1.39836681087069E-02	3.19259592348797E-06	1.0E+10	0.764989972777944	6.8055869209198E-06	1.0E+10	4.77348522565134E-02	4.47951410194325E-06	1.0E+10	0.015089775612031	1E-30	2.56444702297419E-11	0.141484459618606	1E-30	1.10836788040706E-10	5.60803083710354E-02	1.59230949237867E-06	1.64150073611367E-11	6.03852493236791E-03	5.15710417531967E-07	2.30045778403447E-11	1.05211353485827E-02	1.07530350478663E-12	1.6686867514106E-10	78.5470505841998	1.0E+10	1E-30	1.0E-10	1.0E+10	1E-30	1.0E-10	1.0E+10	1E-30	1.0E-10	1.0E+10	1E-30	1.0E-10	1.0E+10	1E-30	1.0E-10	1.0E+10	1E-30	1.0E-10	1.0E+10	1E-30	1.0E-10
123	2.59231155531867E-07	1.0E+10	106382978.723404	1E-30	7.20857150102385E-11	1.0E+10	1E-30	1.0E+10	1.39836681087069E-02	3.19259592348797E-06	1.0E+10	0.764989972777944	6.8055869209198E-06	1.0E+10	4.77348522565134E-02	4.47951410194325E-06	1.0E+10	0.015089775612031	1E-30	2.56444702297419E-11	0.141484459618606	1E-30	1.10836788040706E-10	5.60803083710354E-02	1.59230949237867E-06	1.64150073611367E-11	6.03852493236791E-03	5.15710417531967E-07	2.30045778403447E-11	1.05211353485827E-02	1.07530350478663E-12	1.6686867514106E-10	78.5470505841998	1.0E+10	1E-30	1.0E-10	1.0E+10	1E-30	1.0E-10	1.0E+10	1E-30	1.0E-10	1.0E+10	1E-30	1.0E-10	1.0E+10	1E-30	1.0E-10	1.0E+10	1E-30	1.0E-10	1.0E+10	1E-30	1.0E-10
124	2.59231155531867E-07	1.0E+10	106382978.723404	1E-30	7.20857150102385E-11	1.0E+10	1E-30	1.0E+10	1.39836681087069E-02	3.19259592348797E-06	1.0E+10	0.764989972777944	6.8055869209198E-06	1.0E+10	4.77348522565134E-02	4.47951410194325E-06	1.0E+10	0.015089775612031	1E-30	2.56444702297419E-11	0.141484459618606	1E-30	1.10836788040706E-10	5.60803083710354E-02	1.59230949237867E-06	1.64150073611367E-11	6.03852493236791E-03	5.15710417531967E-07	2.30045778403447E-11	1.05211353485827E-02	1.07530350478663E-12	1.6686867514106E-10	78.5470505841998	1.0E+10	1E-30	1.0E-10	1.0E+10	1E-30	1.0E-10	1.0E+10	1E-30	1.0E-10	1.0E+10	1E-30	1.0E-10	1.0E+10	1E-30	1.0E-10	1.0E+10	1E-30	1.0E-10	1.0E+10	1E-30	1.0E-10
125	6.23107724364458E-07	1.0E+10	106382978.723404	1E-30	2.01118120495039E-10	1.0E+10	1E-30	1.0E+10	9.73043640048817E-03	3.77504907899316E-05	1.0E+10	0.129027102217588	5.85540473668878E-05	1.0E+10	6.76666745996673E-03	1E-30	3.29630376937661E-11	0.17867581972132	1E-30	1.13706795952095E-10	4.07301028053543E-02	6.77059332717656E-07	5.70297797917815E-11	9.01589330185568E-03	1.61593013333347E-11	2.03210762705755E-11	0.997371199055602	1.0E+10	1E-30	1.0E-10	1.0E+10	1E-30	1.0E-10	1.0E+10	1E-30	1.0E-10	1.0E+10	1E-30	1.0E-10	1.0E+10	1E-30	1.0E-10	1.0E+10	1E-30	1.0E-10	1.0E+10	1E-30	1.0E-10	1.0E+10	1E-30	1.0E-10	1.0E+10	1E-30	1.0E-10
126	6.23107724364458E-07	1.0E+10	106382978.723404	1E-30	2.01118120495039E-10	1.0E+10	1E-30	1.0E+10	9.73043640048817E-03	3.77504907899316E-05	1.0E+10	0.129027102217588	5.85540473668878E-05	1.0E+10	6.76666745996673E-03	1E-30	3.29630376937661E-11	0.17867581972132	1E-30	1.13706795952095E-10	4.07301028053543E-02	6.77059332717656E-07	5.70297797917815E-11	9.01589330185568E-03	1.61593013333347E-11	2.03210762705755E-11	0.997371199055602	1.0E+10	1E-30	1.0E-10	1.0E+10	1E-30	1.0E-10	1.0E+10	1E-30	1.0E-10	1.0E+10	1E-30	1.0E-10	1.0E+10	1E-30	1.0E-10	1.0E+10	1E-30	1.0E-10	1.0E+10	1E-30	1.0E-10	1.0E+10	1E-30	1.0E-10	1.0E+10	1E-30	1.0E-10
127	6.23107724364458E-07	1.0E+10	106382978.723404	1E-30	2.01118120495039E-10	1.0E+10	1E-30	1.0E+10	9.73043640048817E-03	3.77504907899316E-05	1.0E+10	0.129027102217588	5.85540473668878E-05	1.0E+10	6.76666745996673E-03	1E-30	3.29630376937661E-11	0.17867581972132	1E-30	1.13706795952095E-10	4.07301028053543E-02	6.77059332717656E-07	5.70297797917815E-11	9.01589330185568E-03	1.61593013333347E-11	2.03210762705755E-11	0.997371199055602	1.0E+10	1E-30	1.0E-10	1.0E+10	1E-30	1.0E-10	1.0E+10	1E-30	1.0E-10	1.0E+10	1E-30	1.0E-10	1.0E+10	1E-30	1.0E-10	1.0E+10	1E-30	1.0E-10	1.0E+10	1E-30	1.0E-10	1.0E+10	1E-30	1.0E-10	1.0E+10	1E-30	1.0E-10
128	6.23107724364458E-07	1.0E+10	106382978.723404	1E-30	2.01118120495039E-10	1.0E+10	1E-30	1.0E+10	9.73043640048817E-03	3.77504907899316E-05	1.0E+10	0.129027102217588	5.85540473668878E-05	1.0E+10	6.76666745996673E-03	1E-30	3.29630376937661E-11	0.17867581972132	1E-30	1.13706795952095E-10	4.07301028053543E-02	6.77059332717656E-07	5.70297797917815E-11	9.01589330185568E-03	1.61593013333347E-11	2.03210762705755E-11	0.997371199055602	1.0E+10	1E-30	1.0E-10	1.0E+10	1E-30	1.0E-10	1.0E+10	1E-30	1.0E-10	1.0E+10	1E-30	1.0E-10	1.0E+10	1E-30	1.0E-10	1.0E+10	1E-30	1.0E-10	1.0E+10	1E-30	1.0E-10	1.0E+10	1E-30	1.0E-10	1.0E+10	1E-30	1.0E-10
129	6.72863011476734E-07	1.0E+10	106382978.723404	1E-30	1.81227505900078E-10	1.0E+10	1E-30	1.0E+10	9.31262159366351E-03	6.74609955137411E-05	1.0E+10	35.7434294219427	7.54144016569578E-05	1.0E+10	5.40213053490751	4.86881613505102E-05	1.0E+10	1.62912405886866	3.71338724963273E-05	1.0E+10	0.385941454003516	2.6143547268505E-05	1.0E+10	7.29725865153704E-02	1.66443063203825E-05	1.0E+10	1.36625243219252E-02	1E-30	9.71541533636119E-12	0.139954426115245	1E-30	3.24758209609827E-11	0.103957446619863	1E-30	1.44313390635668E-10	3.22536926300065E-02	4.59874805828583E-06	1.55089470800017E-11	3.8805243281079E-03	2.28097420555431E-06	1.65263715505881E-11	5.0957033612754E-03	2.71324520710669E-11	1.15263380967546E-11	1.73896908364826	1.0E+10	1E-30	1.0E-10	1.0E+10	1E-30	1.0E-10	1.0E+10	1E-30	1.0E-10
130	6.72863011476734E-07	1.0E+10	106382978.723404	1E-30	1.81227505900078E-10	1.0E+10	1E-30	1.0E+10	9.31262159366351E-03	6.74609955137411E-05	1.0E+10	35.7434294219427	7.54144016569578E-05	1.0E+10	5.40213053490751	4.86881613505102E-05	1.0E+10	1.62912405886866	3.71338724963273E-05	1.0E+10	0.385941454003516	2.6143547268505E-05	1.0E+10	7.29725865153704E-02	1.66443063203825E-05	1.0E+10	1.36625243219252E-02	1E-30	9.71541533636119E-12	0.139954426115245	1E-30	3.24758209609827E-11	0.103957446619863	1E-30	1.44313390635668E-10	3.22536926300065E-02	4.59874805828583E-06	1.55089470800017E-11	3.8805243281079E-03	2.28097420555431E-06	1.65263715505881E-11	5.0957033612754E-03	2.71324520710669E-11	1.15263380967546E-11	1.73896908364826	1.0E+10	1E-30	1.0E-10	1.0E+10	1E-30	1.0E-10	1.0E+10	1E-30	1.0E-10
131	6.72863011476734E-07	1.0E+10	106382978.723404	1E-30	1.81227505900078E-10	1.0E+10	1E-30	1.0E+10	9.31262159366351E-03	6.74609955137411E-05	1.0E+10	35.7434294219427	7.54144016569578E-05	1.0E+10	5.40213053490751	4.86881613505102E-05	1.0E+10	1.62912405886866	3.71338724963273E-05	1.0E+10	0.385941454003516	2.6143547268505E-05	1.0E+10	7.29725865153704E-02	1.66443063203825E-05	1.0E+10	1.36625243219252E-02	1E-30	9.71541533636119E-12	0.139954426115245	1E-30	3.24758209609827E-11	0.103957446619863	1E-30	1.44313390635668E-10	3.22536926300065E-02	4.59874805828583E-06	1.55089470800017E-11	3.8805243281079E-03	2.28097420555431E-06	1.65263715505881E-11	5.0957033612754E-03	2.71324520710669E-11	1.15263380967546E-11	1.73896908364826	1.0E+10	1E-30	1.0E-10	1.0E+10	1E-30	1.0E-10	1.0E+10	1E-30	1.0E-10
132	6.72863011476734E-07	1.0E+10	106382978.723404	1E-30	1.81227505900078E-10	1.0E+10	1E-30	1.0E+10	9.31262159366351E-03	6.74609955137411E-05	1.0E+10	35.7434294219427	7.54144016569578E-05	1.0E+10	5.40213053490751	4.86881613505102E-05	1.0E+10	1.62912405886866	3.71338724963273E-05	1.0E+10	0.385941454003516	2.6143547268505E-05	1.0E+10	7.29725865153704E-02	1.66443063203825E-05	1.0E+10	1.36625243219252E-02	1E-30	9.71541533636119E-12	0.139954426115245	1E-30	3.24758209609827E-11	0.103957446619863	1E-30	1.44313390635668E-10	3.22536926300065E-02	4.59874805828583E-06	1.55089470800017E-11	3.8805243281079E-03	2.28097420555431E-06	1.65263715505881E-11	5.0957033612754E-03	2.71324520710669E-11	1.15263380967546E-11	1.73896908364826	1.0E+10	1E-30	1.0E-10	1.0E+10	1E-30	1.0E-10	1.0E+10	1E-30	1.0E-10
133	6.72863011476734E-07	1.0E+10	106382978.723404	1E-30	1.81227505900078E-10	1.0E+10	1E-30	1.0E+10	9.31262159366351E-03	6.74609955137411E-05	1.0E+10	35.7434294219427	7.54144016569578E-05	1.0E+10	5.40213053490751	4.86881613505102E-05	1.0E+10	1.62912405886866	3.71338724963273E-05	1.0E+10	0.385941454003516	2.6143547268505E-05	1.0E+10	7.29725865153704E-02	1.66443063203825E-05	1.0E+10	1.36625243219252E-02	1E-30	9.71541533636119E-12	0.139954426115245	1E-30	3.24758209609827E-11	0.103957446619863	1E-30	1.44313390635668E-10	3.22536926300065E-02	4.59874805828583E-06	1.55089470800017E-11	3.8805243281079E-03	2.28097420555431E-06	1.65263715505881E-11	5.0957033612754E-03	2.71324520710669E-11	1.15263380967546E-11	1.73896908364826	1.0E+10	1E-30	1.0E-10	1.0E+10	1E-30	1.0E-10	1.0E+10	1E-30	1.0E-10
134	6.72863011476734E-07	1.0E+10	106382978.723404	1E-30	1.81227505900078E-10	1.0E+10	1E-30	1.0E+10	9.31262159366351E-03	6.74609955137411E-05	1.0E+10	35.7434294219427	7.54144016569578E-05	1.0E+10	5.40213053490751	4.86881613505102E-05	1.0E+10	1.62912405886866	3.71338724963273E-05	1.0E+10	0.385941454003516	2.6143547268505E-05	1.0E+10	7.29725865153704E-02	1.66443063203825E-05	1.0E+10	1.36625243219252E-02	1E-30	9.71541533636119E-12	0.139954426115245	1E-30	3.24758209609827E-11	0.103957446619863	1E-30	1.44313390635668E-10	3.22536926300065E-02	4.59874805828583E-06	1.55089470800017E-11	3.8805243281079E-03	2.28097420555431E-06	1.65263715505881E-11	5.0957033612754E-03	2.71324520710669E-11	1.15263380967546E-11	1.73896908364826	1.0E+10	1E-30	1.0E-10	1.0E+10	1E-30	1.0E-10	1.0E+10	1E-30	1.0E-10
135	5.33826974505428E-07	1.0E+10	50000000	1E-30	1.67330686545887E-10	1.0E+10	1E-30	1.0E+10	1.07225092128039E-02	1.54745795280737E-05	1.0E+10	119.220351757587	1.44643809891748E-05	1.0E+10	12.5312075163448	1.31177123941373E-05	1.0E+10	1.35335005126116	1.19891009058545E-05	1.0E+10	0.171065161953025	7.57595522337537E-06	1.0E+10	2.53303662460647E-02	1E-30	2.55767155750769E-11	0.436054322475441	1E-30	2.21856722438831E-11	5.46894927584112E-02	1E-30	1.25914839464993E-10	3.69849954818404E-02	2.95053506529332E-06	1.63337614192786E-11	4.02601015733994E-03	1.85993432799608E-06	1.53676059824317E-11	6.00244005420118E-03	2.96131731441564E-11	7.19670428889165E-12	1.09203338270995	1.0E+10	1E-30	1.0E-10	1.0E+10	1E-30	1.0E-10	1.0E+10	1E-30	1.0E-10	1.0E+10	1E-30	1.0E-10
136	5.33826974505428E-07	1.0E+10	50000000	1E-30	1.67330686545887E-10	1.0E+10	1E-30	1.0E+10	1.07225092128039E-02	1.54745795280737E-05	1.0E+10	119.220351757587	1.44643809891748E-05	1.0E+10	12.5312075163448	1.31177123941373E-05	1.0E+10	1.35335005126116	1.19891009058545E-05	1.0E+10	0.171065161953025	7.57595522337537E-06	1.0E+10	2.53303662460647E-02	1E-30	2.55767155750769E-11	0.436054322475441	1E-30	2.21856722438831E-11	5.46894927584112E-02	1E-30	1.25914839464993E-10	3.69849954818404E-02	2.95053506529332E-06	1.63337614192786E-11	4.02601015733994E-03	1.85993432799608E-06	1.53676059824317E-11	6.00244005420118E-03	2.96131731441564E-11	7.19670428889165E-12	1.09203338270995	1.0E+10	1E-30	1.0E-10	1.0E+10	1E-30	1.0E-10	1.0E+10	1E-30	1.0E-10	1.0E+10	1E-30	1.0E-10
137	5.33826974505428E-07	1.0E+10	50000000	1E-30	1.67330686545887E-10	1.0E+10	1E-30	1.0E+10	1.07225092128039E-02	1.54745795280737E-05	1.0E+10	119.220351757587	1.44643809891748E-05	1.0E+10	12.5312075163448	1.31177123941373E-05	1.0E+10	1.35335005126116	1.19891009058545E-05	1.0E+10	0.171065161953025	7.57595522337537E-06	1.0E+10	2.53303662460647E-02	1E-30	2.55767155750769E-11	0.436054322475441	1E-30	2.21856722438831E-11	5.46894927584112E-02	1E-30	1.25914839464993E-10	3.69849954818404E-02	2.95053506529332E-06	1.63337614192786E-11	4.02601015733994E-03	1.85993432799608E-06	1.53676059824317E-11	6.00244005420118E-03	2.96131731441564E-11	7.19670428889165E-12	1.09203338270995	1.0E+10	1E-30	1.0E-10	1.0E+10	1E-30	1.0E-10	1.0E+10	1E-30	1.0E-10	1.0E+10	1E-30	1.0E-10
138	5.33826974505428E-07	1.0E+10	50000000	1E-30	1.67330686545887E-10	1.0E+10	1E-30	1.0E+10	1.07225092128039E-02	1.54745795280737E-05	1.0E+10	119.220351757587	1.44643809891748E-05	1.0E+10	12.5312075163448	1.31177123941373E-05	1.0E+10	1.35335005126116	1.19891009058545E-05	1.0E+10	0.171065161953025	7.57595522337537E-06	1.0E+10	2.53303662460647E-02	1E-30	2.55767155750769E-11	0.436054322475441	1E-30	2.21856722438831E-11	5.46894927584112E-02	1E-30	1.25914839464993E-10	3.69849954818404E-02	2.95053506529332E-06	1.63337614192786E-11	4.02601015733994E-03	1.85993432799608E-06	1.53676059824317E-11	6.00244005420118E-03	2.96131731441564E-11	7.19670428889165E-12	1.09203338270995	1.0E+10	1E-30	1.0E-10	1.0E+10	1E-30	1.0E-10	1.0E+10	1E-30	1.0E-10	1.0E+10	1E-30	1.0E-10
139	1.75205763271272E-06	1.0E+10	22727272.7272727	1E-30	1.65576044089604E-10	1.0E+10	1E-30	1.0E+10	1.01911134765232E-02	8.06047722656821E-05	1.0E+10	61.3735601217672	1.25109378652158E-04	1.0E+10	6.22400985137147	1.81988975233748E-04	1.0E+10	0.877690369882524	2.01218067468117E-04	1.0E+10	0.17218388950484	1.57316406474079E-04	1.0E+10	3.28360036390749E-02	9.62421454683954E-05	1.0E+10	6.65113944426767E-03	1E-30	3.22132849654216E-11	0.274783202709998	1E-30	3.30712374752749E-11	4.86430859434349E-02	1E-30	1.28421597516082E-10	0.023151843987066	2.23612108409301E-06	5.54218941073789E-11	4.59134470298702E-03	2.081537649435E-11	1.58230165310817E-11	4.08533024734499	1.0E+10	1E-30	1.0E-10	1.0E+10	1E-30	1.0E-10	1.0E+10	1E-30	1.0E-10	1.0E+10	1E-30	1.0E-10
140	1.75205763271272E-06	1.0E+10	22727272.7272727	1E-30	1.65576044089604E-10	1.0E+10	1E-30	1.0E+10	1.01911134765232E-02	8.06047722656821E-05	1.0E+10	61.3735601217672	1.25109378652158E-04	1.0E+10	6.22400985137147	1.81988975233748E-04	1.0E+10	0.877690369882524	2.01218067468117E-04	1.0E+10	0.17218388950484	1.57316406474079E-04	1.0E+10	3.28360036390749E-02	9.62421454683954E-05	1.0E+10	6.65113944426767E-03	1E-30	3.22132849654216E-11	0.274783202709998	1E-30	3.30712374752749E-11	4.86430859434349E-02	1E-30	1.28421597516082E-10	0.023151843987066	2.23612108409301E-06	5.54218941073789E-11	4.59134470298702E-03	2.081537649435E-11	1.58230165310817E-11	4.08533024734499	1.0E+10	1E-30	1.0E-10	1.0E+10	1E-30	1.0E-10	1.0E+10	1E-30	1.0E-10	1.0E+10	1E-30	1.0E-10
141	1.73209600421905E-06	1.0E+10	106382978.723404	1E-30	1.32170261132549E-10	1.0E+10	1E-30	1.0E+10	4.94489993048772E-03	1.12599900047802E-04	1.0E+10	29.4160936023854	1.08224659811548E-04	1.0E+10	4.74637788263777	8.26057419911029E-05	1.0E+10	1.06928823177765	9.082803615316E-05	1.0E+10	0.173887502919575	6.19527141530699E-05	1.0E+10	4.23180540423852E-02	4.60595038400797E-05	1.0E+10	8.20240972970731E-03	1E-30	1.45006138910628E-11	8.42389315774056E-02	1E-30	1.40493003968826E-10	2.35770739647485E-02	1E-30	2.15545707966791E-11	2.28999343189322E-02	6.46251465633558E-06	3.0018200149434E-11	4.18425124348706E-03	2.40935927318613E-06	4.02581449957873E-11	6.95588159336448E-03	7.25265582609336E-12	3.48234165319762E-11	835.680536441593	1.0575729383125E-11	2.0104380709229E-11	0.865227429737376	1.0E+10	1E-30	1.0E-10	1.0E+10	1E-30	1.0E-10
142	1.73209600421905E-06	1.0E+10	106382978.723404	1E-30	1.32170261132549E-10	1.0E+10	1E-30	1.0E+10	4.94489993048772E-03	1.12599900047802E-04	1.0E+10	29.4160936023854	1.08224659811548E-04	1.0E+10	4.74637788263777	8.26057419911029E-05	1.0E+10	1.06928823177765	9.082803615316E-05	1.0E+10	0.173887502919575	6.19527141530699E-05	1.0E+10	4.23180540423852E-02	4.60595038400797E-05	1.0E+10	8.20240972970731E-03	1E-30	1.45006138910628E-11	8.42389315774056E-02	1E-30	1.40493003968826E-10	2.35770739647485E-02	1E-30	2.15545707966791E-11	2.28999343189322E-02	6.46251465633558E-06	3.0018200149434E-11	4.18425124348706E-03	2.40935927318613E-06	4.02581449957873E-11	6.95588159336448E-03	7.25265582609336E-12	3.48234165319762E-11	835.680536441593	1.0575729383125E-11	2.0104380709229E-11	0.865227429737376	1.0E+10	1E-30	1.0E-10	1.0E+10	1E-30	1.0E-10
143	1.73209600421905E-06	1.0E+10	106382978.723404	1E-30	1.32170261132549E-10	1.0E+10	1E-30	1.0E+10	4.94489993048772E-03	1.12599900047802E-04	1.0E+10	29.4160936023854	1.08224659811548E-04	1.0E+10	4.74637788263777	8.26057419911029E-05	1.0E+10	1.06928823177765	9.082803615316E-05	1.0E+10	0.173887502919575	6.19527141530699E-05	1.0E+10	4.23180540423852E-02	4.60595038400797E-05	1.0E+10	8.20240972970731E-03	1E-30	1.45006138910628E-11	8.42389315774056E-02	1E-30	1.40493003968826E-10	2.35770739647485E-02	1E-30	2.15545707966791E-11	2.28999343189322E-02	6.46251465633558E-06	3.0018200149434E-11	4.18425124348706E-03	2.40935927318613E-06	4.02581449957873E-11	6.95588159336448E-03	7.25265582609336E-12	3.48234165319762E-11	835.680536441593	1.0575729383125E-11	2.0104380709229E-11	0.865227429737376	1.0E+10	1E-30	1.0E-10	1.0E+10	1E-30	1.0E-10
144	1.73209600421905E-06	1.0E+10	106382978.723404	1E-30	1.32170261132549E-10	1.0E+10	1E-30	1.0E+10	4.94489993048772E-03	1.12599900047802E-04	1.0E+10	29.4160936023854	1.08224659811548E-04	1.0E+10	4.74637788263777	8.26057419911029E-05	1.0E+10	1.06928823177765	9.082803615316E-05	1.0E+10	0.173887502919575	6.19527141530699E-05	1.0E+10	4.23180540423852E-02	4.60595038400797E-05	1.0E+10	8.20240972970731E-03	1E-30	1.45006138910628E-11	8.42389315774056E-02	1E-30	1.40493003968826E-10	2.35770739647485E-02	1E-30	2.15545707966791E-11	2.28999343189322E-02	6.46251465633558E-06	3.0018200149434E-11	4.18425124348706E-03	2.40935927318613E-06	4.02581449957873E-11	6.95588159336448E-03	7.25265582609336E-12	3.48234165319762E-11	835.680536441593	1.0575729383125E-11	2.0104380709229E-11	0.865227429737376	1.0E+10	1E-30	1.0E-10	1.0E+10	1E-30	1.0E-10
145	0.00000161	1.0E+10	22727272.7272727	1E-30	0.00000000011	1.0E+10	1E-30	1.0E+10	0.011	6.84847054649486E-05	1.0E+10	97.659799662841	1.35496170231501E-04	1.0E+10	8.17359878852184	1.36664228928874E-04	1.0E+10	1.70242205219981	1.38210785902022E-04	1.0E+10	0.31565901997038	1.28147310847655E-04	1.0E+10	3.76668570830236E-02	7.10929091092514E-05	1.0E+10	7.74239129341287E-03	1E-30	3.81685786505338E-11	0.23699883783681	1E-30	4.11175223805528E-11	3.57714017292624E-02	1E-30	9.76832049785219E-11	1.78190123086696E-02	1.70097494534408E-06	6.1007975237451E-11	5.29717073994757E-03	0.0000000000027	0.0000000000842	47	1.0E+10	1E-30	1.0E-10	1.0E+10	1E-30	1.0E-10	1.0E+10	1E-30	1.0E-10	1.0E+10	1E-30	1.0E-10
146	1.75205763271272E-06	1.0E+10	22727272.7272727	1E-30	1.65576044089604E-10	1.0E+10	1E-30	1.0E+10	1.01911134765232E-02	8.06047722656821E-05	1.0E+10	61.3735601217672	1.25109378652158E-04	1.0E+10	6.22400985137147	1.81988975233748E-04	1.0E+10	0.877690369882524	2.01218067468117E-04	1.0E+10	0.17218388950484	1.57316406474079E-04	1.0E+10	3.28360036390749E-02	9.62421454683954E-05	1.0E+10	6.65113944426767E-03	1E-30	3.22132849654216E-11	0.274783202709998	1E-30	3.30712374752749E-11	4.86430859434349E-02	1E-30	1.28421597516082E-10	0.023151843987066	2.23612108409301E-06	5.54218941073789E-11	4.59134470298702E-03	2.081537649435E-11	1.58230165310817E-11	4.08533024734499	1.0E+10	1E-30	1.0E-10	1.0E+10	1E-30	1.0E-10	1.0E+10	1E-30	1.0E-10	1.0E+10	1E-30	1.0E-10
147	0.00000161	1.0E+10	22727272.7272727	1E-30	0.00000000011	1.0E+10	1E-30	1.0E+10	0.011	6.84847054649486E-05	1.0E+10	97.659799662841	1.35496170231501E-04	1.0E+10	8.17359878852184	1.36664228928874E-04	1.0E+10	1.70242205219981	1.38210785902022E-04	1.0E+10	0.31565901997038	1.28147310847655E-04	1.0E+10	3.76668570830236E-02	7.10929091092514E-05	1.0E+10	7.74239129341287E-03	1E-30	3.81685786505338E-11	0.23699883783681	1E-30	4.11175223805528E-11	3.57714017292624E-02	1E-30	9.76832049785219E-11	1.78190123086696E-02	1.70097494534408E-06	6.1007975237451E-11	5.29717073994757E-03	0.0000000000027	0.0000000000842	47	1.0E+10	1E-30	1.0E-10	1.0E+10	1E-30	1.0E-10	1.0E+10	1E-30	1.0E-10	1.0E+10	1E-30	1.0E-10
148	1.75205763271272E-06	1.0E+10	22727272.7272727	1E-30	1.65576044089604E-10	1.0E+10	1E-30	1.0E+10	1.01911134765232E-02	8.06047722656821E-05	1.0E+10	61.3735601217672	1.25109378652158E-04	1.0E+10	6.22400985137147	1.81988975233748E-04	1.0E+10	0.877690369882524	2.01218067468117E-04	1.0E+10	0.17218388950484	1.57316406474079E-04	1.0E+10	3.28360036390749E-02	9.62421454683954E-05	1.0E+10	6.65113944426767E-03	1E-30	3.22132849654216E-11	0.274783202709998	1E-30	3.30712374752749E-11	4.86430859434349E-02	1E-30	1.28421597516082E-10	0.023151843987066	2.23612108409301E-06	5.54218941073789E-11	4.59134470298702E-03	2.081537649435E-11	1.58230165310817E-11	4.08533024734499	1.0E+10	1E-30	1.0E-10	1.0E+10	1E-30	1.0E-10	1.0E+10	1E-30	1.0E-10	1.0E+10	1E-30	1.0E-10
149	1.73209600421905E-06	1.0E+10	22727272.7272727	1E-30	1.32170261132549E-10	1.0E+10	1E-30	1.0E+10	4.94489993048772E-03	1.12599900047802E-04	1.0E+10	29.4160936023854	1.08224659811548E-04	1.0E+10	4.74637788263777	8.26057419911029E-05	1.0E+10	1.06928823177765	9.082803615316E-05	1.0E+10	0.173887502919575	6.19527141530699E-05	1.0E+10	4.23180540423852E-02	4.60595038400797E-05	1.0E+10	8.20240972970731E-03	1E-30	1.45006138910628E-11	8.42389315774056E-02	1E-30	1.40493003968826E-10	2.35770739647485E-02	1E-30	2.15545707966791E-11	2.28999343189322E-02	6.46251465633558E-06	3.0018200149434E-11	4.18425124348706E-03	2.40935927318613E-06	4.02581449957873E-11	6.95588159336448E-03	7.25265582609336E-12	3.48234165319762E-11	835.680536441593	1.0575729383125E-11	2.0104380709229E-11	0.865227429737376	1.0E+10	1E-30	1.0E-10	1.0E+10	1E-30	1.0E-10
END DSCRDATA
