BEGIN DSCRDATA
% INDEX	K01	L01	M01	K02	L02	M02	K03	L03	M03	K04	L04	M04	K05	L05	M05	K06	L06	M06	K07	L07	M07	K08	L08	M08	K09	L09	M09	K10	L10	M10	K11	L11	M11	K12	L12	M12	K13	L13	M13	K14	L14	M14	K15	L15	M15	K16	L16	M16	K17	L17	M17	K18	L18	M18
0	0.000000000001	1.0E+10	100000000000	1E-30	3.93278895267992E-10	1.0E+10	1E-30	1.0E+10	0.271189611709771	1E-30	1.84595372592013E-10	0.564826419088329	9.41033072099102E-13	1.37463851478593E-10	100000	1.0E+10	1E-30	1.0E-10	1.0E+10	1E-30	1.0E-10	1.0E+10	1E-30	1.0E-10	1.0E+10	1E-30	1.0E-10	1.0E+10	1E-30	1.0E-10	1.0E+10	1E-30	1.0E-10	1.0E+10	1E-30	1.0E-10	1.0E+10	1E-30	1.0E-10	1.0E+10	1E-30	1.0E-10	1.0E+10	1E-30	1.0E-10	1.0E+10	1E-30	1.0E-10	1.0E+10	1E-30	1.0E-10	1.0E+10	1E-30	1.0E-10
1	0.000000000001	1.0E+10	100000000000	1E-30	3.93278895267992E-10	1.0E+10	1E-30	1.0E+10	0.271189611709771	1E-30	1.84595372592013E-10	0.564826419088329	9.41033072099102E-13	1.37463851478593E-10	100000	1.0E+10	1E-30	1.0E-10	1.0E+10	1E-30	1.0E-10	1.0E+10	1E-30	1.0E-10	1.0E+10	1E-30	1.0E-10	1.0E+10	1E-30	1.0E-10	1.0E+10	1E-30	1.0E-10	1.0E+10	1E-30	1.0E-10	1.0E+10	1E-30	1.0E-10	1.0E+10	1E-30	1.0E-10	1.0E+10	1E-30	1.0E-10	1.0E+10	1E-30	1.0E-10	1.0E+10	1E-30	1.0E-10	1.0E+10	1E-30	1.0E-10
2	0.000000000002	1.0E+10	100000000000	1E-30	4.25290648197193E-10	1.0E+10	1E-30	1.0E+10	0.156498172296744	1E-30	1.68018428736459E-10	0.308197631825855	5.01032600874873E-12	6.41101707019759E-11	28.0207055680013	1.0E+10	1E-30	1.0E-10	1.0E+10	1E-30	1.0E-10	1.0E+10	1E-30	1.0E-10	1.0E+10	1E-30	1.0E-10	1.0E+10	1E-30	1.0E-10	1.0E+10	1E-30	1.0E-10	1.0E+10	1E-30	1.0E-10	1.0E+10	1E-30	1.0E-10	1.0E+10	1E-30	1.0E-10	1.0E+10	1E-30	1.0E-10	1.0E+10	1E-30	1.0E-10	1.0E+10	1E-30	1.0E-10	1.0E+10	1E-30	1.0E-10
3	0.000000000002	1.0E+10	100000000000	1E-30	4.25290648197193E-10	1.0E+10	1E-30	1.0E+10	0.156498172296744	1E-30	1.68018428736459E-10	0.308197631825855	5.01032600874873E-12	6.41101707019759E-11	28.0207055680013	1.0E+10	1E-30	1.0E-10	1.0E+10	1E-30	1.0E-10	1.0E+10	1E-30	1.0E-10	1.0E+10	1E-30	1.0E-10	1.0E+10	1E-30	1.0E-10	1.0E+10	1E-30	1.0E-10	1.0E+10	1E-30	1.0E-10	1.0E+10	1E-30	1.0E-10	1.0E+10	1E-30	1.0E-10	1.0E+10	1E-30	1.0E-10	1.0E+10	1E-30	1.0E-10	1.0E+10	1E-30	1.0E-10	1.0E+10	1E-30	1.0E-10
4	0.000000000003	1.0E+10	100000000000	1E-30	4.43188033026965E-10	1.0E+10	1E-30	1.0E+10	0.145129046041234	1E-30	1.38872471512904E-10	0.329142122397985	4.80661742856124E-12	6.9990916928615E-11	31.6397461150349	1.0E+10	1E-30	1.0E-10	1.0E+10	1E-30	1.0E-10	1.0E+10	1E-30	1.0E-10	1.0E+10	1E-30	1.0E-10	1.0E+10	1E-30	1.0E-10	1.0E+10	1E-30	1.0E-10	1.0E+10	1E-30	1.0E-10	1.0E+10	1E-30	1.0E-10	1.0E+10	1E-30	1.0E-10	1.0E+10	1E-30	1.0E-10	1.0E+10	1E-30	1.0E-10	1.0E+10	1E-30	1.0E-10	1.0E+10	1E-30	1.0E-10
5	0.000000000003	1.0E+10	100000000000	1E-30	4.43188033026965E-10	1.0E+10	1E-30	1.0E+10	0.145129046041234	1E-30	1.38872471512904E-10	0.329142122397985	4.80661742856124E-12	6.9990916928615E-11	31.6397461150349	1.0E+10	1E-30	1.0E-10	1.0E+10	1E-30	1.0E-10	1.0E+10	1E-30	1.0E-10	1.0E+10	1E-30	1.0E-10	1.0E+10	1E-30	1.0E-10	1.0E+10	1E-30	1.0E-10	1.0E+10	1E-30	1.0E-10	1.0E+10	1E-30	1.0E-10	1.0E+10	1E-30	1.0E-10	1.0E+10	1E-30	1.0E-10	1.0E+10	1E-30	1.0E-10	1.0E+10	1E-30	1.0E-10	1.0E+10	1E-30	1.0E-10
6	0.000000000004	1.0E+10	100000000000	1E-30	3.92456381428421E-10	1.0E+10	1E-30	1.0E+10	0.143111664113346	1E-30	1.13726819331605E-10	0.256646455958239	8.50350146206275E-12	4.97875580581106E-11	22.812606342059	7.5787536554851E-12	4.43732078266794E-11	131.272847639717	1.0E+10	1E-30	1.0E-10	1.0E+10	1E-30	1.0E-10	1.0E+10	1E-30	1.0E-10	1.0E+10	1E-30	1.0E-10	1.0E+10	1E-30	1.0E-10	1.0E+10	1E-30	1.0E-10	1.0E+10	1E-30	1.0E-10	1.0E+10	1E-30	1.0E-10	1.0E+10	1E-30	1.0E-10	1.0E+10	1E-30	1.0E-10	1.0E+10	1E-30	1.0E-10	1.0E+10	1E-30	1.0E-10
7	0.000000000004	1.0E+10	100000000000	1E-30	3.92456381428421E-10	1.0E+10	1E-30	1.0E+10	0.143111664113346	1E-30	1.13726819331605E-10	0.256646455958239	8.50350146206275E-12	4.97875580581106E-11	22.812606342059	7.5787536554851E-12	4.43732078266794E-11	131.272847639717	1.0E+10	1E-30	1.0E-10	1.0E+10	1E-30	1.0E-10	1.0E+10	1E-30	1.0E-10	1.0E+10	1E-30	1.0E-10	1.0E+10	1E-30	1.0E-10	1.0E+10	1E-30	1.0E-10	1.0E+10	1E-30	1.0E-10	1.0E+10	1E-30	1.0E-10	1.0E+10	1E-30	1.0E-10	1.0E+10	1E-30	1.0E-10	1.0E+10	1E-30	1.0E-10	1.0E+10	1E-30	1.0E-10
8	0.000000000005	1.0E+10	100000000000	1E-30	2.41327600548825E-10	1.0E+10	1E-30	1.0E+10	0.125	1E-30	5.72167786389973E-11	0.182387798508751	1.38484044626376E-11	4.42658291697871E-11	24.7311636586055	1.94034672341349E-12	1.64787046642867E-10	97.2374058728849	1.0E+10	1E-30	1.0E-10	1.0E+10	1E-30	1.0E-10	1.0E+10	1E-30	1.0E-10	1.0E+10	1E-30	1.0E-10	1.0E+10	1E-30	1.0E-10	1.0E+10	1E-30	1.0E-10	1.0E+10	1E-30	1.0E-10	1.0E+10	1E-30	1.0E-10	1.0E+10	1E-30	1.0E-10	1.0E+10	1E-30	1.0E-10	1.0E+10	1E-30	1.0E-10	1.0E+10	1E-30	1.0E-10
9	0.000000000005	1.0E+10	100000000000	1E-30	2.41327600548825E-10	1.0E+10	1E-30	1.0E+10	0.125	1E-30	5.72167786389973E-11	0.182387798508751	1.38484044626376E-11	4.42658291697871E-11	24.7311636586055	1.94034672341349E-12	1.64787046642867E-10	97.2374058728849	1.0E+10	1E-30	1.0E-10	1.0E+10	1E-30	1.0E-10	1.0E+10	1E-30	1.0E-10	1.0E+10	1E-30	1.0E-10	1.0E+10	1E-30	1.0E-10	1.0E+10	1E-30	1.0E-10	1.0E+10	1E-30	1.0E-10	1.0E+10	1E-30	1.0E-10	1.0E+10	1E-30	1.0E-10	1.0E+10	1E-30	1.0E-10	1.0E+10	1E-30	1.0E-10	1.0E+10	1E-30	1.0E-10
10	0.000000000006	1.0E+10	100000000000	1E-30	3.39679732434482E-10	1.0E+10	1E-30	1.0E+10	0.11	1E-30	8.14718919810041E-11	0.230552047636998	2.29200020160278E-09	4.21373205590215E-13	0.18818448308864	2.26276845222724E-11	2.4956161879978E-11	7.73871018759532	2.91998546084854E-12	1.10327814576621E-10	67.6600036154824	1.0E+10	1E-30	1.0E-10	1.0E+10	1E-30	1.0E-10	1.0E+10	1E-30	1.0E-10	1.0E+10	1E-30	1.0E-10	1.0E+10	1E-30	1.0E-10	1.0E+10	1E-30	1.0E-10	1.0E+10	1E-30	1.0E-10	1.0E+10	1E-30	1.0E-10	1.0E+10	1E-30	1.0E-10	1.0E+10	1E-30	1.0E-10	1.0E+10	1E-30	1.0E-10
11	0.000000000006	1.0E+10	100000000000	1E-30	3.39679732434482E-10	1.0E+10	1E-30	1.0E+10	0.11	1E-30	8.14718919810041E-11	0.230552047636998	2.29200020160278E-09	4.21373205590215E-13	0.18818448308864	2.26276845222724E-11	2.4956161879978E-11	7.73871018759532	2.91998546084854E-12	1.10327814576621E-10	67.6600036154824	1.0E+10	1E-30	1.0E-10	1.0E+10	1E-30	1.0E-10	1.0E+10	1E-30	1.0E-10	1.0E+10	1E-30	1.0E-10	1.0E+10	1E-30	1.0E-10	1.0E+10	1E-30	1.0E-10	1.0E+10	1E-30	1.0E-10	1.0E+10	1E-30	1.0E-10	1.0E+10	1E-30	1.0E-10	1.0E+10	1E-30	1.0E-10	1.0E+10	1E-30	1.0E-10
12	0.000000000007	1.0E+10	100000000000	1E-30	3.75028737874522E-10	1.0E+10	1E-30	1.0E+10	0.107493532341933	1E-30	9.00357580338815E-11	0.208357852604436	3.10145531460221E-12	1.10063632491149E-10	55.5535301441378	1.0E+10	1E-30	1.0E-10	1.0E+10	1E-30	1.0E-10	1.0E+10	1E-30	1.0E-10	1.0E+10	1E-30	1.0E-10	1.0E+10	1E-30	1.0E-10	1.0E+10	1E-30	1.0E-10	1.0E+10	1E-30	1.0E-10	1.0E+10	1E-30	1.0E-10	1.0E+10	1E-30	1.0E-10	1.0E+10	1E-30	1.0E-10	1.0E+10	1E-30	1.0E-10	1.0E+10	1E-30	1.0E-10	1.0E+10	1E-30	1.0E-10
13	0.000000000007	1.0E+10	100000000000	1E-30	3.75028737874522E-10	1.0E+10	1E-30	1.0E+10	0.107493532341933	1E-30	9.00357580338815E-11	0.208357852604436	3.10145531460221E-12	1.10063632491149E-10	55.5535301441378	1.0E+10	1E-30	1.0E-10	1.0E+10	1E-30	1.0E-10	1.0E+10	1E-30	1.0E-10	1.0E+10	1E-30	1.0E-10	1.0E+10	1E-30	1.0E-10	1.0E+10	1E-30	1.0E-10	1.0E+10	1E-30	1.0E-10	1.0E+10	1E-30	1.0E-10	1.0E+10	1E-30	1.0E-10	1.0E+10	1E-30	1.0E-10	1.0E+10	1E-30	1.0E-10	1.0E+10	1E-30	1.0E-10	1.0E+10	1E-30	1.0E-10
14	0.000000000008	1.0E+10	100000000000	1E-30	2.83380447315368E-10	1.0E+10	1E-30	1.0E+10	0.10789528399349	1E-30	6.02912269570166E-11	0.18191296566229	3.98010931278116E-11	2.31555131802714E-11	12.1296268656408	6.69607952146116E-12	6.18367460594433E-11	22.2209357186105	2.57751019605324E-12	1.0422113707023E-10	117.447062559819	1.0E+10	1E-30	1.0E-10	1.0E+10	1E-30	1.0E-10	1.0E+10	1E-30	1.0E-10	1.0E+10	1E-30	1.0E-10	1.0E+10	1E-30	1.0E-10	1.0E+10	1E-30	1.0E-10	1.0E+10	1E-30	1.0E-10	1.0E+10	1E-30	1.0E-10	1.0E+10	1E-30	1.0E-10	1.0E+10	1E-30	1.0E-10	1.0E+10	1E-30	1.0E-10
15	0.000000000008	1.0E+10	100000000000	1E-30	2.83380447315368E-10	1.0E+10	1E-30	1.0E+10	0.10789528399349	1E-30	6.02912269570166E-11	0.18191296566229	3.98010931278116E-11	2.31555131802714E-11	12.1296268656408	6.69607952146116E-12	6.18367460594433E-11	22.2209357186105	2.57751019605324E-12	1.0422113707023E-10	117.447062559819	1.0E+10	1E-30	1.0E-10	1.0E+10	1E-30	1.0E-10	1.0E+10	1E-30	1.0E-10	1.0E+10	1E-30	1.0E-10	1.0E+10	1E-30	1.0E-10	1.0E+10	1E-30	1.0E-10	1.0E+10	1E-30	1.0E-10	1.0E+10	1E-30	1.0E-10	1.0E+10	1E-30	1.0E-10	1.0E+10	1E-30	1.0E-10	1.0E+10	1E-30	1.0E-10
16	0.000000000009	1.0E+10	100000000000	1E-30	3.56093116206897E-10	1.0E+10	1E-30	1.0E+10	0.101635426080075	1E-30	7.4083164914689E-11	0.187582321319866	4.73624440602689E-11	2.21391563592571E-11	9.56408156514476	8.52236329299431E-12	5.44905506314074E-11	18.8604687003444	8.92400990095542E-12	3.60015497804971E-11	23.7439233252121	1.0E+10	1E-30	1.0E-10	1.0E+10	1E-30	1.0E-10	1.0E+10	1E-30	1.0E-10	1.0E+10	1E-30	1.0E-10	1.0E+10	1E-30	1.0E-10	1.0E+10	1E-30	1.0E-10	1.0E+10	1E-30	1.0E-10	1.0E+10	1E-30	1.0E-10	1.0E+10	1E-30	1.0E-10	1.0E+10	1E-30	1.0E-10	1.0E+10	1E-30	1.0E-10
17	0.000000000009	1.0E+10	100000000000	1E-30	3.56093116206897E-10	1.0E+10	1E-30	1.0E+10	0.101635426080075	1E-30	7.4083164914689E-11	0.187582321319866	4.73624440602689E-11	2.21391563592571E-11	9.56408156514476	8.52236329299431E-12	5.44905506314074E-11	18.8604687003444	8.92400990095542E-12	3.60015497804971E-11	23.7439233252121	1.0E+10	1E-30	1.0E-10	1.0E+10	1E-30	1.0E-10	1.0E+10	1E-30	1.0E-10	1.0E+10	1E-30	1.0E-10	1.0E+10	1E-30	1.0E-10	1.0E+10	1E-30	1.0E-10	1.0E+10	1E-30	1.0E-10	1.0E+10	1E-30	1.0E-10	1.0E+10	1E-30	1.0E-10	1.0E+10	1E-30	1.0E-10	1.0E+10	1E-30	1.0E-10
18	0.00000000001	1.0E+10	100000000000	1E-30	1.38284128975377E-10	1.0E+10	1E-30	1.0E+10	0.32713739403249	1E-30	4.34465397341088E-11	1.43762545124106	7.63555678168033E-12	8.81124118119578E-11	19.4952805794463	8.62427209896177E-12	5.7936203870831E-11	10.3029498232399	7.04910936495202E-13	3.07067234794759E-10	100000	1.0E+10	1E-30	1.0E-10	1.0E+10	1E-30	1.0E-10	1.0E+10	1E-30	1.0E-10	1.0E+10	1E-30	1.0E-10	1.0E+10	1E-30	1.0E-10	1.0E+10	1E-30	1.0E-10	1.0E+10	1E-30	1.0E-10	1.0E+10	1E-30	1.0E-10	1.0E+10	1E-30	1.0E-10	1.0E+10	1E-30	1.0E-10	1.0E+10	1E-30	1.0E-10
19	0.00000000001	1.0E+10	100000000000	1E-30	1.38284128975377E-10	1.0E+10	1E-30	1.0E+10	0.32713739403249	1E-30	4.34465397341088E-11	1.43762545124106	7.63555678168033E-12	8.81124118119578E-11	19.4952805794463	8.62427209896177E-12	5.7936203870831E-11	10.3029498232399	7.04910936495202E-13	3.07067234794759E-10	100000	1.0E+10	1E-30	1.0E-10	1.0E+10	1E-30	1.0E-10	1.0E+10	1E-30	1.0E-10	1.0E+10	1E-30	1.0E-10	1.0E+10	1E-30	1.0E-10	1.0E+10	1E-30	1.0E-10	1.0E+10	1E-30	1.0E-10	1.0E+10	1E-30	1.0E-10	1.0E+10	1E-30	1.0E-10	1.0E+10	1E-30	1.0E-10	1.0E+10	1E-30	1.0E-10
20	0.000000000012	1.0E+10	100000000000	1E-30	0.00000000003	1.0E+10	1E-30	1.0E+10	0.36	7.41522840377759E-13	4.61869015000534E-10	351.370852213777	1.58152094347428E-11	7.40729105978909E-11	10.6130128504323	1.0E+10	1E-30	1.0E-10	1.0E+10	1E-30	1.0E-10	1.0E+10	1E-30	1.0E-10	1.0E+10	1E-30	1.0E-10	1.0E+10	1E-30	1.0E-10	1.0E+10	1E-30	1.0E-10	1.0E+10	1E-30	1.0E-10	1.0E+10	1E-30	1.0E-10	1.0E+10	1E-30	1.0E-10	1.0E+10	1E-30	1.0E-10	1.0E+10	1E-30	1.0E-10	1.0E+10	1E-30	1.0E-10	1.0E+10	1E-30	1.0E-10
21	0.000000000012	1.0E+10	100000000000	1E-30	0.00000000003	1.0E+10	1E-30	1.0E+10	0.36	7.41522840377759E-13	4.61869015000534E-10	351.370852213777	1.58152094347428E-11	7.40729105978909E-11	10.6130128504323	1.0E+10	1E-30	1.0E-10	1.0E+10	1E-30	1.0E-10	1.0E+10	1E-30	1.0E-10	1.0E+10	1E-30	1.0E-10	1.0E+10	1E-30	1.0E-10	1.0E+10	1E-30	1.0E-10	1.0E+10	1E-30	1.0E-10	1.0E+10	1E-30	1.0E-10	1.0E+10	1E-30	1.0E-10	1.0E+10	1E-30	1.0E-10	1.0E+10	1E-30	1.0E-10	1.0E+10	1E-30	1.0E-10	1.0E+10	1E-30	1.0E-10
22	0.000000000015	1.0E+10	100000000000	1E-30	4.49779311987336E-11	1.0E+10	1E-30	1.0E+10	0.17	1E-30	3.49418227203907E-11	0.268276502762433	9.94812145169289E-11	1.78649191163939E-11	1.8675167184319	5.76597709179909E-12	6.78588203339597E-11	12.1345256919261	4.93441732238106E-13	3.99764490547259E-10	100000	1.0E+10	1E-30	1.0E-10	1.0E+10	1E-30	1.0E-10	1.0E+10	1E-30	1.0E-10	1.0E+10	1E-30	1.0E-10	1.0E+10	1E-30	1.0E-10	1.0E+10	1E-30	1.0E-10	1.0E+10	1E-30	1.0E-10	1.0E+10	1E-30	1.0E-10	1.0E+10	1E-30	1.0E-10	1.0E+10	1E-30	1.0E-10	1.0E+10	1E-30	1.0E-10
23	0.000000000015	1.0E+10	100000000000	1E-30	5.24807460249773E-12	1.0E+10	1E-30	1.0E+10	0.245735762709238	1E-30	1.47834180951104E-10	43.671875408596	1E-30	5.03286519525198E-12	6.51841182039918E-02	1.81678697402243E-10	9.86904760711577E-12	0.976089089464129	3.90025980466895E-12	1.00497970627807E-10	17.7777198063375	9.64574970114753E-13	2.69082435201947E-10	100000	1.0E+10	1E-30	1.0E-10	1.0E+10	1E-30	1.0E-10	1.0E+10	1E-30	1.0E-10	1.0E+10	1E-30	1.0E-10	1.0E+10	1E-30	1.0E-10	1.0E+10	1E-30	1.0E-10	1.0E+10	1E-30	1.0E-10	1.0E+10	1E-30	1.0E-10	1.0E+10	1E-30	1.0E-10	1.0E+10	1E-30	1.0E-10
24	0.000000000018	1.0E+10	100000000000	1E-30	0.000000000007	1.0E+10	1E-30	1.0E+10	0.25	1E-30	2.90070820003992E-11	0.136692653571796	0.0000000000005	0.000000000432	1.0E+10	1.19889289809994E-11	3.30126130724554E-11	3.96728901195026	3.47106421865446E-11	2.32702774070845E-11	3.05679436365275	8.28887508925811E-11	2.17311211422311E-11	1.9972703081961	1.0E+10	1E-30	1.0E-10	1.0E+10	1E-30	1.0E-10	1.0E+10	1E-30	1.0E-10	1.0E+10	1E-30	1.0E-10	1.0E+10	1E-30	1.0E-10	1.0E+10	1E-30	1.0E-10	1.0E+10	1E-30	1.0E-10	1.0E+10	1E-30	1.0E-10	1.0E+10	1E-30	1.0E-10	1.0E+10	1E-30	1.0E-10
25	0.000000000018	1.0E+10	100000000000	1E-30	0.000000000007	1.0E+10	1E-30	1.0E+10	0.25	1E-30	2.90070820003992E-11	0.136692653571796	0.0000000000005	0.000000000432	1.0E+10	1.19889289809994E-11	3.30126130724554E-11	3.96728901195026	3.47106421865446E-11	2.32702774070845E-11	3.05679436365275	8.28887508925811E-11	2.17311211422311E-11	1.9972703081961	1.0E+10	1E-30	1.0E-10	1.0E+10	1E-30	1.0E-10	1.0E+10	1E-30	1.0E-10	1.0E+10	1E-30	1.0E-10	1.0E+10	1E-30	1.0E-10	1.0E+10	1E-30	1.0E-10	1.0E+10	1E-30	1.0E-10	1.0E+10	1E-30	1.0E-10	1.0E+10	1E-30	1.0E-10	1.0E+10	1E-30	1.0E-10
26	0.000000000022	1.0E+10	100000000000	1E-30	2.52138956691929E-10	1.0E+10	1E-30	1.0E+10	0.207057639690433	1E-30	2.23151479499233E-11	0.406908537423549	4.01225118539944E-10	6.39970351768057E-12	0.725908885742859	2.69891753896834E-11	2.53397711443096E-11	2.85930565746769	1.34244053554204E-11	2.99505399615003E-11	4.7086355651047	1.29049535575921E-12	1.92434814514614E-10	100000	1.0E+10	1E-30	1.0E-10	1.0E+10	1E-30	1.0E-10	1.0E+10	1E-30	1.0E-10	1.0E+10	1E-30	1.0E-10	1.0E+10	1E-30	1.0E-10	1.0E+10	1E-30	1.0E-10	1.0E+10	1E-30	1.0E-10	1.0E+10	1E-30	1.0E-10	1.0E+10	1E-30	1.0E-10	1.0E+10	1E-30	1.0E-10
27	0.000000000022	1.0E+10	100000000000	1E-30	2.52138956691929E-10	1.0E+10	1E-30	1.0E+10	0.207057639690433	1E-30	2.23151479499233E-11	0.406908537423549	4.01225118539944E-10	6.39970351768057E-12	0.725908885742859	2.69891753896834E-11	2.53397711443096E-11	2.85930565746769	1.34244053554204E-11	2.99505399615003E-11	4.7086355651047	1.29049535575921E-12	1.92434814514614E-10	100000	1.0E+10	1E-30	1.0E-10	1.0E+10	1E-30	1.0E-10	1.0E+10	1E-30	1.0E-10	1.0E+10	1E-30	1.0E-10	1.0E+10	1E-30	1.0E-10	1.0E+10	1E-30	1.0E-10	1.0E+10	1E-30	1.0E-10	1.0E+10	1E-30	1.0E-10	1.0E+10	1E-30	1.0E-10	1.0E+10	1E-30	1.0E-10
28	0.000000000027	1.0E+10	100000000000	1E-30	0.000000000005	1.0E+10	1E-30	1.0E+10	0.2	1E-30	1.03512561526161E-11	0.111495189546805	0.0000000000003	0.00000000043	1.0E+10	9.22151104117827E-12	3.80189677566713E-11	3.33944422474594	3.29565201889612E-11	3.07438962188354E-11	3.18982053430436	1.76903287940395E-10	1.76284707122512E-11	1.71680537311584	1.0E+10	1E-30	1.0E-10	1.0E+10	1E-30	1.0E-10	1.0E+10	1E-30	1.0E-10	1.0E+10	1E-30	1.0E-10	1.0E+10	1E-30	1.0E-10	1.0E+10	1E-30	1.0E-10	1.0E+10	1E-30	1.0E-10	1.0E+10	1E-30	1.0E-10	1.0E+10	1E-30	1.0E-10	1.0E+10	1E-30	1.0E-10
29	0.000000000027	1.0E+10	100000000000	1E-30	0.000000000005	1.0E+10	1E-30	1.0E+10	0.2	1E-30	1.03512561526161E-11	0.111495189546805	0.0000000000003	0.00000000043	1.0E+10	9.22151104117827E-12	3.80189677566713E-11	3.33944422474594	3.29565201889612E-11	3.07438962188354E-11	3.18982053430436	1.76903287940395E-10	1.76284707122512E-11	1.71680537311584	1.0E+10	1E-30	1.0E-10	1.0E+10	1E-30	1.0E-10	1.0E+10	1E-30	1.0E-10	1.0E+10	1E-30	1.0E-10	1.0E+10	1E-30	1.0E-10	1.0E+10	1E-30	1.0E-10	1.0E+10	1E-30	1.0E-10	1.0E+10	1E-30	1.0E-10	1.0E+10	1E-30	1.0E-10	1.0E+10	1E-30	1.0E-10
30	0.000000000033	1.0E+10	100000000000	1E-30	1.97425780224365E-10	1.0E+10	1E-30	1.0E+10	0.188838811769125	1E-30	2.08693904201447E-11	0.293995989355967	1.81709010763309E-10	2.01832384681157E-11	2.22407707669578	8.98103146517188E-11	1.2252915736198E-11	1.58834195867039	9.58713376900719E-12	4.42798838203926E-11	6.68843585927235	9.5052989030473E-13	2.55313813968523E-10	1411088548.92184	1.0E+10	1E-30	1.0E-10	1.0E+10	1E-30	1.0E-10	1.0E+10	1E-30	1.0E-10	1.0E+10	1E-30	1.0E-10	1.0E+10	1E-30	1.0E-10	1.0E+10	1E-30	1.0E-10	1.0E+10	1E-30	1.0E-10	1.0E+10	1E-30	1.0E-10	1.0E+10	1E-30	1.0E-10	1.0E+10	1E-30	1.0E-10
31	0.000000000033	1.0E+10	100000000000	1E-30	1.97425780224365E-10	1.0E+10	1E-30	1.0E+10	0.188838811769125	1E-30	2.08693904201447E-11	0.293995989355967	1.81709010763309E-10	2.01832384681157E-11	2.22407707669578	8.98103146517188E-11	1.2252915736198E-11	1.58834195867039	9.58713376900719E-12	4.42798838203926E-11	6.68843585927235	9.5052989030473E-13	2.55313813968523E-10	1411088548.92184	1.0E+10	1E-30	1.0E-10	1.0E+10	1E-30	1.0E-10	1.0E+10	1E-30	1.0E-10	1.0E+10	1E-30	1.0E-10	1.0E+10	1E-30	1.0E-10	1.0E+10	1E-30	1.0E-10	1.0E+10	1E-30	1.0E-10	1.0E+10	1E-30	1.0E-10	1.0E+10	1E-30	1.0E-10	1.0E+10	1E-30	1.0E-10
32	0.000000000039	1.0E+10	100000000000	1E-30	0.000000000001	1.0E+10	1E-30	1.0E+10	0.18	8.14375092116377E-13	0.000000000355	1.0E+10	4.32853989015976E-12	9.14363465848233E-11	17.1587437475311	3.46393086864935E-11	3.61115408428163E-11	3.55537149544477	2.61592907038356E-10	1.79902968442672E-11	1.45250308228822	1.0E+10	1E-30	1.0E-10	1.0E+10	1E-30	1.0E-10	1.0E+10	1E-30	1.0E-10	1.0E+10	1E-30	1.0E-10	1.0E+10	1E-30	1.0E-10	1.0E+10	1E-30	1.0E-10	1.0E+10	1E-30	1.0E-10	1.0E+10	1E-30	1.0E-10	1.0E+10	1E-30	1.0E-10	1.0E+10	1E-30	1.0E-10	1.0E+10	1E-30	1.0E-10
33	0.000000000039	1.0E+10	100000000000	1E-30	0.000000000001	1.0E+10	1E-30	1.0E+10	0.18	8.14375092116377E-13	0.000000000355	1.0E+10	4.32853989015976E-12	9.14363465848233E-11	17.1587437475311	3.46393086864935E-11	3.61115408428163E-11	3.55537149544477	2.61592907038356E-10	1.79902968442672E-11	1.45250308228822	1.0E+10	1E-30	1.0E-10	1.0E+10	1E-30	1.0E-10	1.0E+10	1E-30	1.0E-10	1.0E+10	1E-30	1.0E-10	1.0E+10	1E-30	1.0E-10	1.0E+10	1E-30	1.0E-10	1.0E+10	1E-30	1.0E-10	1.0E+10	1E-30	1.0E-10	1.0E+10	1E-30	1.0E-10	1.0E+10	1E-30	1.0E-10	1.0E+10	1E-30	1.0E-10
34	0.000000000047	1.0E+10	100000000000	1E-30	6.76599539972257E-11	1.0E+10	1E-30	1.0E+10	0.1510710494153	1E-30	2.9062882768076E-11	2.47689107409731	3.18231076281389E-10	1.89337865528364E-11	1.57743829667242	5.05700882381941E-11	3.41229224848269E-11	2.35718487205875	1.18014730003713E-11	3.87162341374275E-11	4.80675914242514	6.00495417451372E-13	3.13711467267869E-10	100000	1.0E+10	1E-30	1.0E-10	1.0E+10	1E-30	1.0E-10	1.0E+10	1E-30	1.0E-10	1.0E+10	1E-30	1.0E-10	1.0E+10	1E-30	1.0E-10	1.0E+10	1E-30	1.0E-10	1.0E+10	1E-30	1.0E-10	1.0E+10	1E-30	1.0E-10	1.0E+10	1E-30	1.0E-10	1.0E+10	1E-30	1.0E-10
35	0.000000000047	1.0E+10	100000000000	1E-30	6.76599539972257E-11	1.0E+10	1E-30	1.0E+10	0.1510710494153	1E-30	2.9062882768076E-11	2.47689107409731	3.18231076281389E-10	1.89337865528364E-11	1.57743829667242	5.05700882381941E-11	3.41229224848269E-11	2.35718487205875	1.18014730003713E-11	3.87162341374275E-11	4.80675914242514	6.00495417451372E-13	3.13711467267869E-10	100000	1.0E+10	1E-30	1.0E-10	1.0E+10	1E-30	1.0E-10	1.0E+10	1E-30	1.0E-10	1.0E+10	1E-30	1.0E-10	1.0E+10	1E-30	1.0E-10	1.0E+10	1E-30	1.0E-10	1.0E+10	1E-30	1.0E-10	1.0E+10	1E-30	1.0E-10	1.0E+10	1E-30	1.0E-10	1.0E+10	1E-30	1.0E-10
36	0.000000000056	1.0E+10	100000000000	1E-30	0.000000000001	1.0E+10	1E-30	1.0E+10	0.19	1E-30	6.82096262811006E-11	5.32333675322099	6.97352059019663E-13	5.29818967741424E-10	449.458522347793	9.78351096837394E-11	1.22126431161935E-11	1.2513593504133	6.52344287022578E-10	9.2396533499043E-12	0.578655911235254	1.0E+10	1E-30	1.0E-10	1.0E+10	1E-30	1.0E-10	1.0E+10	1E-30	1.0E-10	1.0E+10	1E-30	1.0E-10	1.0E+10	1E-30	1.0E-10	1.0E+10	1E-30	1.0E-10	1.0E+10	1E-30	1.0E-10	1.0E+10	1E-30	1.0E-10	1.0E+10	1E-30	1.0E-10	1.0E+10	1E-30	1.0E-10	1.0E+10	1E-30	1.0E-10
37	0.000000000056	1.0E+10	100000000000	1E-30	0.000000000001	1.0E+10	1E-30	1.0E+10	0.19	1E-30	6.82096262811006E-11	5.32333675322099	6.97352059019663E-13	5.29818967741424E-10	449.458522347793	9.78351096837394E-11	1.22126431161935E-11	1.2513593504133	6.52344287022578E-10	9.2396533499043E-12	0.578655911235254	1.0E+10	1E-30	1.0E-10	1.0E+10	1E-30	1.0E-10	1.0E+10	1E-30	1.0E-10	1.0E+10	1E-30	1.0E-10	1.0E+10	1E-30	1.0E-10	1.0E+10	1E-30	1.0E-10	1.0E+10	1E-30	1.0E-10	1.0E+10	1E-30	1.0E-10	1.0E+10	1E-30	1.0E-10	1.0E+10	1E-30	1.0E-10	1.0E+10	1E-30	1.0E-10
38	0.000000000068	1.0E+10	100000000000	1E-30	7.38023368484963E-11	1.0E+10	1E-30	1.0E+10	0.140987706592744	1E-30	2.20967474370278E-11	0.250937422068169	4.99491025397612E-10	1.52674003349113E-11	0.902575975414071	1.53166521725166E-10	1.33242553995059E-11	0.862680100228235	1.31987029628183E-10	7.73956558797899E-12	1.08614286785939	1.2884056428335E-11	3.12066460817926E-11	3.09554782261385	4.1342104068429E-13	4.25775408218568E-10	151356.124843621	1.0E+10	1E-30	1.0E-10	1.0E+10	1E-30	1.0E-10	1.0E+10	1E-30	1.0E-10	1.0E+10	1E-30	1.0E-10	1.0E+10	1E-30	1.0E-10	1.0E+10	1E-30	1.0E-10	1.0E+10	1E-30	1.0E-10	1.0E+10	1E-30	1.0E-10	1.0E+10	1E-30	1.0E-10
39	0.000000000068	1.0E+10	100000000000	1E-30	7.38023368484963E-11	1.0E+10	1E-30	1.0E+10	0.140987706592744	1E-30	2.20967474370278E-11	0.250937422068169	4.99491025397612E-10	1.52674003349113E-11	0.902575975414071	1.53166521725166E-10	1.33242553995059E-11	0.862680100228235	1.31987029628183E-10	7.73956558797899E-12	1.08614286785939	1.2884056428335E-11	3.12066460817926E-11	3.09554782261385	4.1342104068429E-13	4.25775408218568E-10	151356.124843621	1.0E+10	1E-30	1.0E-10	1.0E+10	1E-30	1.0E-10	1.0E+10	1E-30	1.0E-10	1.0E+10	1E-30	1.0E-10	1.0E+10	1E-30	1.0E-10	1.0E+10	1E-30	1.0E-10	1.0E+10	1E-30	1.0E-10	1.0E+10	1E-30	1.0E-10	1.0E+10	1E-30	1.0E-10
40	0.000000000082	1.0E+10	100000000000	1E-30	0.000000000018	1.0E+10	1E-30	1.0E+10	0.14	1E-30	8.62791941469624E-11	3.04935842800963	7.57307733887548E-13	3.71642490556711E-10	1.0E+10	4.90779036003563E-12	7.67585134386647E-11	12.4453562949358	5.16138333286611E-10	5.00781264598171E-12	0.440510207736766	6.77496106650003E-10	1.39009910391838E-11	0.801580056191515	1.0E+10	1E-30	1.0E-10	1.0E+10	1E-30	1.0E-10	1.0E+10	1E-30	1.0E-10	1.0E+10	1E-30	1.0E-10	1.0E+10	1E-30	1.0E-10	1.0E+10	1E-30	1.0E-10	1.0E+10	1E-30	1.0E-10	1.0E+10	1E-30	1.0E-10	1.0E+10	1E-30	1.0E-10	1.0E+10	1E-30	1.0E-10
41	0.000000000082	1.0E+10	100000000000	1E-30	0.000000000018	1.0E+10	1E-30	1.0E+10	0.14	1E-30	8.62791941469624E-11	3.04935842800963	7.57307733887548E-13	3.71642490556711E-10	1.0E+10	4.90779036003563E-12	7.67585134386647E-11	12.4453562949358	5.16138333286611E-10	5.00781264598171E-12	0.440510207736766	6.77496106650003E-10	1.39009910391838E-11	0.801580056191515	1.0E+10	1E-30	1.0E-10	1.0E+10	1E-30	1.0E-10	1.0E+10	1E-30	1.0E-10	1.0E+10	1E-30	1.0E-10	1.0E+10	1E-30	1.0E-10	1.0E+10	1E-30	1.0E-10	1.0E+10	1E-30	1.0E-10	1.0E+10	1E-30	1.0E-10	1.0E+10	1E-30	1.0E-10	1.0E+10	1E-30	1.0E-10
42	1.0E-10	1.0E+10	100000000000	1E-30	7.24968992102208E-11	1.0E+10	1E-30	1.0E+10	0.12	1E-30	8.78764420640307E-12	3.34443471974675E-02	9.42094970844681E-10	8.77843620276436E-12	0.315721210270927	9.53273856081999E-11	2.92528245888874E-11	1.59155125938389	8.94446871239672E-13	2.65146282395168E-10	100000	9.24633708274683E-13	2.28471845578342E-10	60.3467561457762	1.0E+10	1E-30	1.0E-10	1.0E+10	1E-30	1.0E-10	1.0E+10	1E-30	1.0E-10	1.0E+10	1E-30	1.0E-10	1.0E+10	1E-30	1.0E-10	1.0E+10	1E-30	1.0E-10	1.0E+10	1E-30	1.0E-10	1.0E+10	1E-30	1.0E-10	1.0E+10	1E-30	1.0E-10	1.0E+10	1E-30	1.0E-10
43	1.0E-10	1.0E+10	100000000000	1E-30	7.24968992102208E-11	1.0E+10	1E-30	1.0E+10	0.12	1E-30	8.78764420640307E-12	3.34443471974675E-02	9.42094970844681E-10	8.77843620276436E-12	0.315721210270927	9.53273856081999E-11	2.92528245888874E-11	1.59155125938389	8.94446871239672E-13	2.65146282395168E-10	100000	9.24633708274683E-13	2.28471845578342E-10	60.3467561457762	1.0E+10	1E-30	1.0E-10	1.0E+10	1E-30	1.0E-10	1.0E+10	1E-30	1.0E-10	1.0E+10	1E-30	1.0E-10	1.0E+10	1E-30	1.0E-10	1.0E+10	1E-30	1.0E-10	1.0E+10	1E-30	1.0E-10	1.0E+10	1E-30	1.0E-10	1.0E+10	1E-30	1.0E-10	1.0E+10	1E-30	1.0E-10
44	0.00000000012	1.0E+10	100000000000	1E-30	0.000000000001	1.0E+10	1E-30	1.0E+10	0.12	1E-30	1.12479205630904E-10	6.05766593299997	6.68901783669251E-13	4.16137177254036E-10	1.0E+10	1.0016903533407E-11	3.95117984597646E-11	6.08348710086455	1.48052100686858E-10	2.8503193469219E-11	1.41757293045758	1.3080521135633E-09	8.60662138523298E-12	0.336365440903595	1.0E+10	1E-30	1.0E-10	1.0E+10	1E-30	1.0E-10	1.0E+10	1E-30	1.0E-10	1.0E+10	1E-30	1.0E-10	1.0E+10	1E-30	1.0E-10	1.0E+10	1E-30	1.0E-10	1.0E+10	1E-30	1.0E-10	1.0E+10	1E-30	1.0E-10	1.0E+10	1E-30	1.0E-10	1.0E+10	1E-30	1.0E-10
45	0.00000000012	1.0E+10	100000000000	1E-30	0.000000000001	1.0E+10	1E-30	1.0E+10	0.12	1E-30	1.12479205630904E-10	6.05766593299997	6.68901783669251E-13	4.16137177254036E-10	1.0E+10	1.0016903533407E-11	3.95117984597646E-11	6.08348710086455	1.48052100686858E-10	2.8503193469219E-11	1.41757293045758	1.3080521135633E-09	8.60662138523298E-12	0.336365440903595	1.0E+10	1E-30	1.0E-10	1.0E+10	1E-30	1.0E-10	1.0E+10	1E-30	1.0E-10	1.0E+10	1E-30	1.0E-10	1.0E+10	1E-30	1.0E-10	1.0E+10	1E-30	1.0E-10	1.0E+10	1E-30	1.0E-10	1.0E+10	1E-30	1.0E-10	1.0E+10	1E-30	1.0E-10	1.0E+10	1E-30	1.0E-10
46	0.00000000015	1.0E+10	100000000000	1E-30	3.37790140908693E-10	1.0E+10	1E-30	1.0E+10	9.51332684678457E-02	1E-30	8.52311317108697E-11	1.91184815062737	1.88641459992323E-09	7.9135594678119E-12	0.364686044684592	3.05768810201867E-10	1.88897556337416E-11	0.991243069044186	3.22289014046253E-11	1.24753923197392E-11	2.46913385432763	2.0095193155446E-12	1.23579919086367E-10	100000	1.0E+10	1E-30	1.0E-10	1.0E+10	1E-30	1.0E-10	1.0E+10	1E-30	1.0E-10	1.0E+10	1E-30	1.0E-10	1.0E+10	1E-30	1.0E-10	1.0E+10	1E-30	1.0E-10	1.0E+10	1E-30	1.0E-10	1.0E+10	1E-30	1.0E-10	1.0E+10	1E-30	1.0E-10	1.0E+10	1E-30	1.0E-10
47	0.00000000015	1.0E+10	100000000000	1E-30	3.37790140908693E-10	1.0E+10	1E-30	1.0E+10	9.51332684678457E-02	1E-30	8.52311317108697E-11	1.91184815062737	1.88641459992323E-09	7.9135594678119E-12	0.364686044684592	3.05768810201867E-10	1.88897556337416E-11	0.991243069044186	3.22289014046253E-11	1.24753923197392E-11	2.46913385432763	2.0095193155446E-12	1.23579919086367E-10	100000	1.0E+10	1E-30	1.0E-10	1.0E+10	1E-30	1.0E-10	1.0E+10	1E-30	1.0E-10	1.0E+10	1E-30	1.0E-10	1.0E+10	1E-30	1.0E-10	1.0E+10	1E-30	1.0E-10	1.0E+10	1E-30	1.0E-10	1.0E+10	1E-30	1.0E-10	1.0E+10	1E-30	1.0E-10	1.0E+10	1E-30	1.0E-10
48	0.00000000018	1.0E+10	100000000000	1E-30	0.00000000005	1.0E+10	1E-30	1.0E+10	0.08	1E-30	1.23345004883803E-10	4.64999713439943	8.18472914358461E-13	0.000000000329	1.0E+10	3.17591640513282E-11	1.24620998513445E-11	2.3386102561195	2.69604759653913E-10	2.89979767977056E-11	1.31847138290236	1.22652274165421E-09	1.56159704121833E-11	0.619314352426577	1.0E+10	1E-30	1.0E-10	1.0E+10	1E-30	1.0E-10	1.0E+10	1E-30	1.0E-10	1.0E+10	1E-30	1.0E-10	1.0E+10	1E-30	1.0E-10	1.0E+10	1E-30	1.0E-10	1.0E+10	1E-30	1.0E-10	1.0E+10	1E-30	1.0E-10	1.0E+10	1E-30	1.0E-10	1.0E+10	1E-30	1.0E-10
49	0.00000000018	1.0E+10	100000000000	1E-30	0.00000000005	1.0E+10	1E-30	1.0E+10	0.08	1E-30	1.23345004883803E-10	4.64999713439943	8.18472914358461E-13	0.000000000329	1.0E+10	3.17591640513282E-11	1.24620998513445E-11	2.3386102561195	2.69604759653913E-10	2.89979767977056E-11	1.31847138290236	1.22652274165421E-09	1.56159704121833E-11	0.619314352426577	1.0E+10	1E-30	1.0E-10	1.0E+10	1E-30	1.0E-10	1.0E+10	1E-30	1.0E-10	1.0E+10	1E-30	1.0E-10	1.0E+10	1E-30	1.0E-10	1.0E+10	1E-30	1.0E-10	1.0E+10	1E-30	1.0E-10	1.0E+10	1E-30	1.0E-10	1.0E+10	1E-30	1.0E-10	1.0E+10	1E-30	1.0E-10
50	0.00000000022	1.0E+10	100000000000	1E-30	2.59892876493706E-10	1.0E+10	1E-30	1.0E+10	9.53687352286137E-02	1.60787484876007E-09	1.25641108032186E-11	0.289816298759958	2.00297186186292E-10	3.58508742434788E-11	1.08212521913344	1.70195660806668E-10	1.32461655341821E-11	0.694157198794048	2.01758248287181E-11	2.44094131201177E-11	1.39656386373055	6.58737918183447E-13	2.83567443137959E-10	100000	1.0E+10	1E-30	1.0E-10	1.0E+10	1E-30	1.0E-10	1.0E+10	1E-30	1.0E-10	1.0E+10	1E-30	1.0E-10	1.0E+10	1E-30	1.0E-10	1.0E+10	1E-30	1.0E-10	1.0E+10	1E-30	1.0E-10	1.0E+10	1E-30	1.0E-10	1.0E+10	1E-30	1.0E-10	1.0E+10	1E-30	1.0E-10
51	0.00000000022	1.0E+10	100000000000	1E-30	2.59892876493706E-10	1.0E+10	1E-30	1.0E+10	9.53687352286137E-02	1.60787484876007E-09	1.25641108032186E-11	0.289816298759958	2.00297186186292E-10	3.58508742434788E-11	1.08212521913344	1.70195660806668E-10	1.32461655341821E-11	0.694157198794048	2.01758248287181E-11	2.44094131201177E-11	1.39656386373055	6.58737918183447E-13	2.83567443137959E-10	100000	1.0E+10	1E-30	1.0E-10	1.0E+10	1E-30	1.0E-10	1.0E+10	1E-30	1.0E-10	1.0E+10	1E-30	1.0E-10	1.0E+10	1E-30	1.0E-10	1.0E+10	1E-30	1.0E-10	1.0E+10	1E-30	1.0E-10	1.0E+10	1E-30	1.0E-10	1.0E+10	1E-30	1.0E-10	1.0E+10	1E-30	1.0E-10
52	0.00000000027	1.0E+10	100000000000	1E-30	0.000000000002	1.0E+10	1E-30	1.0E+10	0.09	1E-30	1.05059050232146E-10	4.95079110603645	6.54976879822157E-13	0.000000000429	1.0E+10	1.61002720654303E-11	2.45825581079896E-11	4.61310880178799	8.14514330201781E-10	3.51794680975443E-12	0.244248224356697	2.92135843599121E-10	3.60904270459449E-11	0.912630661528348	3.06658154567259E-09	8.60069593485296E-12	0.310570561332907	1.0E+10	1E-30	1.0E-10	1.0E+10	1E-30	1.0E-10	1.0E+10	1E-30	1.0E-10	1.0E+10	1E-30	1.0E-10	1.0E+10	1E-30	1.0E-10	1.0E+10	1E-30	1.0E-10	1.0E+10	1E-30	1.0E-10	1.0E+10	1E-30	1.0E-10	1.0E+10	1E-30	1.0E-10
53	0.00000000027	1.0E+10	100000000000	1E-30	0.000000000002	1.0E+10	1E-30	1.0E+10	0.09	1E-30	1.05059050232146E-10	4.95079110603645	6.54976879822157E-13	0.000000000429	1.0E+10	1.61002720654303E-11	2.45825581079896E-11	4.61310880178799	8.14514330201781E-10	3.51794680975443E-12	0.244248224356697	2.92135843599121E-10	3.60904270459449E-11	0.912630661528348	3.06658154567259E-09	8.60069593485296E-12	0.310570561332907	1.0E+10	1E-30	1.0E-10	1.0E+10	1E-30	1.0E-10	1.0E+10	1E-30	1.0E-10	1.0E+10	1E-30	1.0E-10	1.0E+10	1E-30	1.0E-10	1.0E+10	1E-30	1.0E-10	1.0E+10	1E-30	1.0E-10	1.0E+10	1E-30	1.0E-10	1.0E+10	1E-30	1.0E-10
54	0.00000000033	1.0E+10	100000000000	1E-30	1.2614127649275E-10	1.0E+10	1E-30	1.0E+10	8.20085529161721E-02	1E-30	9.00865120986428E-11	1.74194303652275	4.34302837098324E-09	8.34890430953425E-12	0.250587414254042	5.72249704319014E-10	2.58560989194337E-11	0.866392422584893	5.46877119827689E-13	3.45287084153226E-10	100000	1.0E+10	1E-30	1.0E-10	1.0E+10	1E-30	1.0E-10	1.0E+10	1E-30	1.0E-10	1.0E+10	1E-30	1.0E-10	1.0E+10	1E-30	1.0E-10	1.0E+10	1E-30	1.0E-10	1.0E+10	1E-30	1.0E-10	1.0E+10	1E-30	1.0E-10	1.0E+10	1E-30	1.0E-10	1.0E+10	1E-30	1.0E-10	1.0E+10	1E-30	1.0E-10
55	0.00000000033	1.0E+10	100000000000	1E-30	1.2614127649275E-10	1.0E+10	1E-30	1.0E+10	8.20085529161721E-02	1E-30	9.00865120986428E-11	1.74194303652275	4.34302837098324E-09	8.34890430953425E-12	0.250587414254042	5.72249704319014E-10	2.58560989194337E-11	0.866392422584893	5.46877119827689E-13	3.45287084153226E-10	100000	1.0E+10	1E-30	1.0E-10	1.0E+10	1E-30	1.0E-10	1.0E+10	1E-30	1.0E-10	1.0E+10	1E-30	1.0E-10	1.0E+10	1E-30	1.0E-10	1.0E+10	1E-30	1.0E-10	1.0E+10	1E-30	1.0E-10	1.0E+10	1E-30	1.0E-10	1.0E+10	1E-30	1.0E-10	1.0E+10	1E-30	1.0E-10	1.0E+10	1E-30	1.0E-10
56	0.00000000039	1.0E+10	100000000000	1E-30	0.00000000002	1.0E+10	1E-30	1.0E+10	0.06	1E-30	5.49264293428771E-11	0.760326932328804	9.78460936424872E-13	3.85007390976071E-10	320.281042296785	7.59414157623934E-10	7.12714707358773E-12	0.261969936783016	6.21631722323193E-10	2.82972741569545E-11	0.742937536224873	2.68607693123847E-09	1.92453465680663E-11	0.570573068059184	1.0E+10	1E-30	1.0E-10	1.0E+10	1E-30	1.0E-10	1.0E+10	1E-30	1.0E-10	1.0E+10	1E-30	1.0E-10	1.0E+10	1E-30	1.0E-10	1.0E+10	1E-30	1.0E-10	1.0E+10	1E-30	1.0E-10	1.0E+10	1E-30	1.0E-10	1.0E+10	1E-30	1.0E-10	1.0E+10	1E-30	1.0E-10
57	0.00000000039	1.0E+10	100000000000	1E-30	0.00000000002	1.0E+10	1E-30	1.0E+10	0.06	1E-30	5.49264293428771E-11	0.760326932328804	9.78460936424872E-13	3.85007390976071E-10	320.281042296785	7.59414157623934E-10	7.12714707358773E-12	0.261969936783016	6.21631722323193E-10	2.82972741569545E-11	0.742937536224873	2.68607693123847E-09	1.92453465680663E-11	0.570573068059184	1.0E+10	1E-30	1.0E-10	1.0E+10	1E-30	1.0E-10	1.0E+10	1E-30	1.0E-10	1.0E+10	1E-30	1.0E-10	1.0E+10	1E-30	1.0E-10	1.0E+10	1E-30	1.0E-10	1.0E+10	1E-30	1.0E-10	1.0E+10	1E-30	1.0E-10	1.0E+10	1E-30	1.0E-10	1.0E+10	1E-30	1.0E-10
58	0.00000000047	1.0E+10	100000000000	1E-30	2.03008502156209E-10	1.0E+10	1E-30	1.0E+10	0.055	1E-30	6.05864518375049E-11	1.87270356121027	2.49669104807083E-09	2.56352650940403E-11	0.5985514711004	7.45657909052952E-10	2.86921261283313E-11	0.782737469912392	3.89832011838261E-10	1.57326910280377E-11	0.355791073336522	1.27927747286368E-12	1.70778424028228E-10	100000	1.0E+10	1E-30	1.0E-10	1.0E+10	1E-30	1.0E-10	1.0E+10	1E-30	1.0E-10	1.0E+10	1E-30	1.0E-10	1.0E+10	1E-30	1.0E-10	1.0E+10	1E-30	1.0E-10	1.0E+10	1E-30	1.0E-10	1.0E+10	1E-30	1.0E-10	1.0E+10	1E-30	1.0E-10	1.0E+10	1E-30	1.0E-10
59	0.00000000047	1.0E+10	100000000000	1E-30	2.03008502156209E-10	1.0E+10	1E-30	1.0E+10	0.055	1E-30	6.05864518375049E-11	1.87270356121027	2.49669104807083E-09	2.56352650940403E-11	0.5985514711004	7.45657909052952E-10	2.86921261283313E-11	0.782737469912392	3.89832011838261E-10	1.57326910280377E-11	0.355791073336522	1.27927747286368E-12	1.70778424028228E-10	100000	1.0E+10	1E-30	1.0E-10	1.0E+10	1E-30	1.0E-10	1.0E+10	1E-30	1.0E-10	1.0E+10	1E-30	1.0E-10	1.0E+10	1E-30	1.0E-10	1.0E+10	1E-30	1.0E-10	1.0E+10	1E-30	1.0E-10	1.0E+10	1E-30	1.0E-10	1.0E+10	1E-30	1.0E-10	1.0E+10	1E-30	1.0E-10
60	0.00000000056	1.0E+10	100000000000	1E-30	0.00000000001	1.0E+10	1E-30	1.0E+10	0.045	1E-30	5.40979282677022E-11	1.35962923216193	1.45939051287134E-12	1.92852927203206E-10	1.0E+10	2.632415592448E-12	1.33182743616981E-10	98.9559251879394	4.84546976071246E-10	1.80886657153957E-11	0.415384348843896	8.98252459061518E-10	2.99708030623886E-11	0.756966035016571	3.0700654131283E-09	2.4109094659758E-11	0.717746835300324	1.0E+10	1E-30	1.0E-10	1.0E+10	1E-30	1.0E-10	1.0E+10	1E-30	1.0E-10	1.0E+10	1E-30	1.0E-10	1.0E+10	1E-30	1.0E-10	1.0E+10	1E-30	1.0E-10	1.0E+10	1E-30	1.0E-10	1.0E+10	1E-30	1.0E-10	1.0E+10	1E-30	1.0E-10
61	0.00000000056	1.0E+10	100000000000	1E-30	0.00000000001	1.0E+10	1E-30	1.0E+10	0.045	1E-30	5.40979282677022E-11	1.35962923216193	1.45939051287134E-12	1.92852927203206E-10	1.0E+10	2.632415592448E-12	1.33182743616981E-10	98.9559251879394	4.84546976071246E-10	1.80886657153957E-11	0.415384348843896	8.98252459061518E-10	2.99708030623886E-11	0.756966035016571	3.0700654131283E-09	2.4109094659758E-11	0.717746835300324	1.0E+10	1E-30	1.0E-10	1.0E+10	1E-30	1.0E-10	1.0E+10	1E-30	1.0E-10	1.0E+10	1E-30	1.0E-10	1.0E+10	1E-30	1.0E-10	1.0E+10	1E-30	1.0E-10	1.0E+10	1E-30	1.0E-10	1.0E+10	1E-30	1.0E-10	1.0E+10	1E-30	1.0E-10
62	0.00000000056	1.0E+10	100000000000	1E-30	0.00000000001	1.0E+10	1E-30	1.0E+10	0.045	1E-30	5.40979282677022E-11	1.35962923216193	1.45939051287134E-12	1.92852927203206E-10	1.0E+10	2.632415592448E-12	1.33182743616981E-10	98.9559251879394	4.84546976071246E-10	1.80886657153957E-11	0.415384348843896	8.98252459061518E-10	2.99708030623886E-11	0.756966035016571	3.0700654131283E-09	2.4109094659758E-11	0.717746835300324	1.0E+10	1E-30	1.0E-10	1.0E+10	1E-30	1.0E-10	1.0E+10	1E-30	1.0E-10	1.0E+10	1E-30	1.0E-10	1.0E+10	1E-30	1.0E-10	1.0E+10	1E-30	1.0E-10	1.0E+10	1E-30	1.0E-10	1.0E+10	1E-30	1.0E-10	1.0E+10	1E-30	1.0E-10
63	0.00000000068	1.0E+10	100000000000	1E-30	1.35561646773108E-10	1.0E+10	1E-30	1.0E+10	0.05	1E-30	2.04281000005794E-11	0.92053753427014	1E-30	8.36027401829628E-11	0.586073974157459	6.32132057780595E-09	1.48774488211068E-11	0.390479734826804	1.60944747761218E-09	1.91732196094164E-11	0.531581922316994	7.44860041172421E-13	2.56622276650629E-10	100000	1.0E+10	1E-30	1.0E-10	1.0E+10	1E-30	1.0E-10	1.0E+10	1E-30	1.0E-10	1.0E+10	1E-30	1.0E-10	1.0E+10	1E-30	1.0E-10	1.0E+10	1E-30	1.0E-10	1.0E+10	1E-30	1.0E-10	1.0E+10	1E-30	1.0E-10	1.0E+10	1E-30	1.0E-10	1.0E+10	1E-30	1.0E-10
64	0.00000000068	1.0E+10	100000000000	1E-30	1.35561646773108E-10	1.0E+10	1E-30	1.0E+10	0.05	1E-30	2.04281000005794E-11	0.92053753427014	1E-30	8.36027401829628E-11	0.586073974157459	6.32132057780595E-09	1.48774488211068E-11	0.390479734826804	1.60944747761218E-09	1.91732196094164E-11	0.531581922316994	7.44860041172421E-13	2.56622276650629E-10	100000	1.0E+10	1E-30	1.0E-10	1.0E+10	1E-30	1.0E-10	1.0E+10	1E-30	1.0E-10	1.0E+10	1E-30	1.0E-10	1.0E+10	1E-30	1.0E-10	1.0E+10	1E-30	1.0E-10	1.0E+10	1E-30	1.0E-10	1.0E+10	1E-30	1.0E-10	1.0E+10	1E-30	1.0E-10	1.0E+10	1E-30	1.0E-10
65	0.00000000068	1.0E+10	100000000000	1E-30	1.35561646773108E-10	1.0E+10	1E-30	1.0E+10	0.05	1E-30	2.04281000005794E-11	0.92053753427014	1E-30	8.36027401829628E-11	0.586073974157459	6.32132057780595E-09	1.48774488211068E-11	0.390479734826804	1.60944747761218E-09	1.91732196094164E-11	0.531581922316994	7.44860041172421E-13	2.56622276650629E-10	100000	1.0E+10	1E-30	1.0E-10	1.0E+10	1E-30	1.0E-10	1.0E+10	1E-30	1.0E-10	1.0E+10	1E-30	1.0E-10	1.0E+10	1E-30	1.0E-10	1.0E+10	1E-30	1.0E-10	1.0E+10	1E-30	1.0E-10	1.0E+10	1E-30	1.0E-10	1.0E+10	1E-30	1.0E-10	1.0E+10	1E-30	1.0E-10
66	0.00000000082	1.0E+10	100000000000	1E-30	0.000000000001	1.0E+10	1E-30	1.0E+10	0.035	1E-30	7.88802214598028E-11	0.660825398004407	9.22724055463367E-13	3.05018310375025E-10	1.0E+10	5.85820442773554E-12	5.98463804510599E-11	12.7349396038683	1.66198650077898E-09	7.77600802201804E-12	0.220988941686486	1.55484026211532E-09	2.54550826375197E-11	0.606084636206296	4.93342253893769E-09	2.22848376715201E-11	0.520331512433629	1.0E+10	1E-30	1.0E-10	1.0E+10	1E-30	1.0E-10	1.0E+10	1E-30	1.0E-10	1.0E+10	1E-30	1.0E-10	1.0E+10	1E-30	1.0E-10	1.0E+10	1E-30	1.0E-10	1.0E+10	1E-30	1.0E-10	1.0E+10	1E-30	1.0E-10	1.0E+10	1E-30	1.0E-10
67	0.00000000082	1.0E+10	100000000000	1E-30	0.000000000001	1.0E+10	1E-30	1.0E+10	0.035	1E-30	7.88802214598028E-11	0.660825398004407	9.22724055463367E-13	3.05018310375025E-10	1.0E+10	5.85820442773554E-12	5.98463804510599E-11	12.7349396038683	1.66198650077898E-09	7.77600802201804E-12	0.220988941686486	1.55484026211532E-09	2.54550826375197E-11	0.606084636206296	4.93342253893769E-09	2.22848376715201E-11	0.520331512433629	1.0E+10	1E-30	1.0E-10	1.0E+10	1E-30	1.0E-10	1.0E+10	1E-30	1.0E-10	1.0E+10	1E-30	1.0E-10	1.0E+10	1E-30	1.0E-10	1.0E+10	1E-30	1.0E-10	1.0E+10	1E-30	1.0E-10	1.0E+10	1E-30	1.0E-10	1.0E+10	1E-30	1.0E-10
68	0.00000000082	1.0E+10	100000000000	1E-30	0.000000000001	1.0E+10	1E-30	1.0E+10	0.035	1E-30	7.88802214598028E-11	0.660825398004407	9.22724055463367E-13	3.05018310375025E-10	1.0E+10	5.85820442773554E-12	5.98463804510599E-11	12.7349396038683	1.66198650077898E-09	7.77600802201804E-12	0.220988941686486	1.55484026211532E-09	2.54550826375197E-11	0.606084636206296	4.93342253893769E-09	2.22848376715201E-11	0.520331512433629	1.0E+10	1E-30	1.0E-10	1.0E+10	1E-30	1.0E-10	1.0E+10	1E-30	1.0E-10	1.0E+10	1E-30	1.0E-10	1.0E+10	1E-30	1.0E-10	1.0E+10	1E-30	1.0E-10	1.0E+10	1E-30	1.0E-10	1.0E+10	1E-30	1.0E-10	1.0E+10	1E-30	1.0E-10
69	9.95598084791325E-10	1.0E+10	100000000000	1E-30	2.66475620039544E-10	1.0E+10	1E-30	1.0E+10	2.04403200165934E-02	1E-30	7.39151022667997E-11	0.911528569806647	1E-30	6.17875749620848E-11	2.04704538704071E-02	6.37423466788627E-09	2.29230228078619E-11	0.638655952738379	2.12345835086436E-09	2.67166225109743E-11	0.654168020902454	6.92423335246579E-10	2.56629541210801E-11	0.281974837116415	6.15682995174202E-12	4.04529882253123E-11	100000	1.0E+10	1E-30	1.0E-10	1.0E+10	1E-30	1.0E-10	1.0E+10	1E-30	1.0E-10	1.0E+10	1E-30	1.0E-10	1.0E+10	1E-30	1.0E-10	1.0E+10	1E-30	1.0E-10	1.0E+10	1E-30	1.0E-10	1.0E+10	1E-30	1.0E-10	1.0E+10	1E-30	1.0E-10
70	9.95598084791325E-10	1.0E+10	100000000000	1E-30	2.66475620039544E-10	1.0E+10	1E-30	1.0E+10	2.04403200165934E-02	1E-30	7.39151022667997E-11	0.911528569806647	1E-30	6.17875749620848E-11	2.04704538704071E-02	6.37423466788627E-09	2.29230228078619E-11	0.638655952738379	2.12345835086436E-09	2.67166225109743E-11	0.654168020902454	6.92423335246579E-10	2.56629541210801E-11	0.281974837116415	6.15682995174202E-12	4.04529882253123E-11	100000	1.0E+10	1E-30	1.0E-10	1.0E+10	1E-30	1.0E-10	1.0E+10	1E-30	1.0E-10	1.0E+10	1E-30	1.0E-10	1.0E+10	1E-30	1.0E-10	1.0E+10	1E-30	1.0E-10	1.0E+10	1E-30	1.0E-10	1.0E+10	1E-30	1.0E-10	1.0E+10	1E-30	1.0E-10
71	9.95598084791325E-10	1.0E+10	100000000000	1E-30	2.66475620039544E-10	1.0E+10	1E-30	1.0E+10	2.04403200165934E-02	1E-30	7.39151022667997E-11	0.911528569806647	1E-30	6.17875749620848E-11	2.04704538704071E-02	6.37423466788627E-09	2.29230228078619E-11	0.638655952738379	2.12345835086436E-09	2.67166225109743E-11	0.654168020902454	6.92423335246579E-10	2.56629541210801E-11	0.281974837116415	6.15682995174202E-12	4.04529882253123E-11	100000	1.0E+10	1E-30	1.0E-10	1.0E+10	1E-30	1.0E-10	1.0E+10	1E-30	1.0E-10	1.0E+10	1E-30	1.0E-10	1.0E+10	1E-30	1.0E-10	1.0E+10	1E-30	1.0E-10	1.0E+10	1E-30	1.0E-10	1.0E+10	1E-30	1.0E-10	1.0E+10	1E-30	1.0E-10
72	1.20367691944952E-09	1.0E+10	100000000000	1E-30	4.17764162128034E-10	1.0E+10	1E-30	1.0E+10	0.01290850215474	1E-30	2.06888013203693E-11	1.14579710604832	1E-30	5.36998422346285E-11	0.394805243900337	1E-30	6.26504807922562E-11	2.48099384266444E-02	1E-30	2.82881585363716E-10	8.20536491584125E-03	1.30778492578468E-08	9.66469288657609E-12	0.18414788663282	2.12208767757787E-09	2.3571072698525E-11	0.477846345195352	1.37583358862464E-11	2.40664991726454E-11	100000	1.0E+10	1E-30	1.0E-10	1.0E+10	1E-30	1.0E-10	1.0E+10	1E-30	1.0E-10	1.0E+10	1E-30	1.0E-10	1.0E+10	1E-30	1.0E-10	1.0E+10	1E-30	1.0E-10	1.0E+10	1E-30	1.0E-10	1.0E+10	1E-30	1.0E-10
73	1.20422290518587E-09	1.0E+10	100000000000	1E-30	3.11720660389317E-10	1.0E+10	1E-30	1.0E+10	1.02356937614241E-02	1E-30	5.60540305052217E-11	0.509167974006215	1E-30	6.2654790420497E-11	0.026010127527304	1E-30	1.54727541740886E-10	1.00859440648398E-02	1.29618468373174E-08	9.92740613845932E-12	0.15241881827461	1.94857436454748E-09	2.76912411320616E-11	0.482639235511716	3.30559001721781E-12	1.0016819312094E-10	100000	6.28076074852571E-12	4.44498913037845E-11	9.94948134645495	1.0E+10	1E-30	1.0E-10	1.0E+10	1E-30	1.0E-10	1.0E+10	1E-30	1.0E-10	1.0E+10	1E-30	1.0E-10	1.0E+10	1E-30	1.0E-10	1.0E+10	1E-30	1.0E-10	1.0E+10	1E-30	1.0E-10	1.0E+10	1E-30	1.0E-10
74	1.50486193104804E-09	1.0E+10	100000000000	1E-30	3.27986131635273E-10	1.0E+10	1E-30	1.0E+10	1.94589438638953E-02	1E-30	5.09631485659788E-11	0.336720162145953	1E-30	8.61328023022021E-11	1.57353540970919E-02	1.06102421149094E-08	1.73847431151398E-11	0.27494229287396	2.41618153653871E-09	3.35288752266614E-11	0.445093734622996	1.62855919647044E-09	1.54153754478424E-11	0.191983820165293	1.08443040154497E-11	2.48911418121098E-11	0.467193931071656	3.12012281155774E-12	7.44965358513732E-11	100000	1.0E+10	1E-30	1.0E-10	1.0E+10	1E-30	1.0E-10	1.0E+10	1E-30	1.0E-10	1.0E+10	1E-30	1.0E-10	1.0E+10	1E-30	1.0E-10	1.0E+10	1E-30	1.0E-10	1.0E+10	1E-30	1.0E-10	1.0E+10	1E-30	1.0E-10
75	1.50486193104804E-09	1.0E+10	100000000000	1E-30	3.27986131635273E-10	1.0E+10	1E-30	1.0E+10	1.94589438638953E-02	1E-30	5.09631485659788E-11	0.336720162145953	1E-30	8.61328023022021E-11	1.57353540970919E-02	1.06102421149094E-08	1.73847431151398E-11	0.27494229287396	2.41618153653871E-09	3.35288752266614E-11	0.445093734622996	1.62855919647044E-09	1.54153754478424E-11	0.191983820165293	1.08443040154497E-11	2.48911418121098E-11	0.467193931071656	3.12012281155774E-12	7.44965358513732E-11	100000	1.0E+10	1E-30	1.0E-10	1.0E+10	1E-30	1.0E-10	1.0E+10	1E-30	1.0E-10	1.0E+10	1E-30	1.0E-10	1.0E+10	1E-30	1.0E-10	1.0E+10	1E-30	1.0E-10	1.0E+10	1E-30	1.0E-10	1.0E+10	1E-30	1.0E-10
76	1.50486193104804E-09	1.0E+10	100000000000	1E-30	3.27986131635273E-10	1.0E+10	1E-30	1.0E+10	1.94589438638953E-02	1E-30	5.09631485659788E-11	0.336720162145953	1E-30	8.61328023022021E-11	1.57353540970919E-02	1.06102421149094E-08	1.73847431151398E-11	0.27494229287396	2.41618153653871E-09	3.35288752266614E-11	0.445093734622996	1.62855919647044E-09	1.54153754478424E-11	0.191983820165293	1.08443040154497E-11	2.48911418121098E-11	0.467193931071656	3.12012281155774E-12	7.44965358513732E-11	100000	1.0E+10	1E-30	1.0E-10	1.0E+10	1E-30	1.0E-10	1.0E+10	1E-30	1.0E-10	1.0E+10	1E-30	1.0E-10	1.0E+10	1E-30	1.0E-10	1.0E+10	1E-30	1.0E-10	1.0E+10	1E-30	1.0E-10	1.0E+10	1E-30	1.0E-10
77	1.80758272546474E-09	1.0E+10	100000000000	1E-30	1.98554773852694E-10	1.0E+10	1E-30	1.0E+10	2.05144553596546E-02	1E-30	5.18831756750567E-11	2.28881663204252E-02	1.64026058854367E-08	1.29010277000858E-11	0.180111687680688	3.02107692028495E-09	2.50420224684259E-11	0.36992864735611	8.33791619622677E-10	2.40479663152561E-11	0.223959848529261	8.65956722930165E-12	4.5490987685383E-11	0.881143954662253	9.60617330875805E-13	2.30642106156347E-10	100000	1.0E+10	1E-30	1.0E-10	1.0E+10	1E-30	1.0E-10	1.0E+10	1E-30	1.0E-10	1.0E+10	1E-30	1.0E-10	1.0E+10	1E-30	1.0E-10	1.0E+10	1E-30	1.0E-10	1.0E+10	1E-30	1.0E-10	1.0E+10	1E-30	1.0E-10	1.0E+10	1E-30	1.0E-10
78	2.19829421099855E-09	1.0E+10	100000000000	1E-30	3.19876179586267E-10	1.0E+10	1E-30	1.0E+10	1.61753705205941E-02	1E-30	4.86904672705766E-11	0.551419980454801	1E-30	7.25850359201506E-11	2.01854576609116E-02	1.7640287388696E-08	1.51073479371029E-11	0.194202012387643	3.10764512721082E-09	3.32570726322855E-11	0.416990532596651	1.79871821014299E-09	1.85035862273304E-11	0.205881211459622	7.69839399307283E-12	3.27317251955734E-11	100000	3.82485904910189E-12	4.88237426713436E-11	43.8614961217153	1.0E+10	1E-30	1.0E-10	1.0E+10	1E-30	1.0E-10	1.0E+10	1E-30	1.0E-10	1.0E+10	1E-30	1.0E-10	1.0E+10	1E-30	1.0E-10	1.0E+10	1E-30	1.0E-10	1.0E+10	1E-30	1.0E-10	1.0E+10	1E-30	1.0E-10
79	2.77641299892457E-09	1.0E+10	100000000000	1E-30	3.104922864679E-10	1.0E+10	1E-30	1.0E+10	8.84732073461596E-03	1E-30	6.96977225714867E-11	0.395483536233844	1E-30	5.38772292581322E-11	1.69878913435046E-02	1E-30	1.1030610029738E-10	0.005598846637996	2.24889809471879E-08	1.49855602507493E-11	0.227351775961559	4.9293132099229E-09	3.05399396711905E-11	0.375753561206623	5.42747836658895E-09	9.13443860573736E-12	0.131409434218738	3.9475451184534E-12	8.5205984585179E-11	38.3604557195907	1.0E+10	1E-30	1.0E-10	1.0E+10	1E-30	1.0E-10	1.0E+10	1E-30	1.0E-10	1.0E+10	1E-30	1.0E-10	1.0E+10	1E-30	1.0E-10	1.0E+10	1E-30	1.0E-10	1.0E+10	1E-30	1.0E-10	1.0E+10	1E-30	1.0E-10
80	3.17311335095579E-09	1.0E+10	100000000000	1E-30	2.80412645464199E-10	1.0E+10	1E-30	1.0E+10	0.013	1E-30	6.84571454573975E-11	0.359276683973495	1E-30	5.87006780186075E-11	9.32230284186533E-03	1.87127957160442E-08	2.12376782714503E-11	0.244940511987486	4.91848224942184E-09	3.72992225304699E-11	0.40228230573877	4.76748145910886E-09	1.37085319792021E-11	0.1458538063965	3.75889818896011E-11	9.31620745612724E-12	1.97573900205452	4.0525373342927E-12	6.97657079705163E-11	100000	1.0E+10	1E-30	1.0E-10	1.0E+10	1E-30	1.0E-10	1.0E+10	1E-30	1.0E-10	1.0E+10	1E-30	1.0E-10	1.0E+10	1E-30	1.0E-10	1.0E+10	1E-30	1.0E-10	1.0E+10	1E-30	1.0E-10	1.0E+10	1E-30	1.0E-10
81	3.83557423983721E-09	1.0E+10	100000000000	1E-30	3.17470568158495E-10	1.0E+10	1E-30	1.0E+10	7.59765126387253E-03	1E-30	1.023185591364E-10	0.36907772469706	1E-30	5.33824112883436E-11	1.33458684863925E-02	1E-30	1.38096167963766E-10	5.29109157657465E-03	2.12861262465932E-08	2.38791332704283E-11	0.302548575230672	8.42572989360351E-09	2.81593467748904E-11	0.390548541691806	1.69913550927864E-11	2.14516689016798E-11	5.92703236630671	1.0E+10	1E-30	1.0E-10	1.0E+10	1E-30	1.0E-10	1.0E+10	1E-30	1.0E-10	1.0E+10	1E-30	1.0E-10	1.0E+10	1E-30	1.0E-10	1.0E+10	1E-30	1.0E-10	1.0E+10	1E-30	1.0E-10	1.0E+10	1E-30	1.0E-10	1.0E+10	1E-30	1.0E-10
82	4.67203470682294E-09	1.0E+10	100000000000	1E-30	4.25114575490099E-10	1.0E+10	1E-30	1.0E+10	9.0215462165596E-03	1E-30	3.63388922959798E-11	0.284575329874066	1E-30	6.79053637600713E-11	2.12137409676942E-02	1E-30	4.07473784860005E-11	2.49378750143035E-03	3.8134420225032E-08	1.26756857443988E-11	0.101367656586918	6.36540884609176E-09	3.14908090917315E-11	0.280998975726931	3.36959495327166E-09	1.73592645168369E-11	0.133138981532541	7.47265081252805E-12	3.27261441554453E-11	2.24746968286083	1.0E+10	1E-30	1.0E-10	1.0E+10	1E-30	1.0E-10	1.0E+10	1E-30	1.0E-10	1.0E+10	1E-30	1.0E-10	1.0E+10	1E-30	1.0E-10	1.0E+10	1E-30	1.0E-10	1.0E+10	1E-30	1.0E-10	1.0E+10	1E-30	1.0E-10
83	5.59021742171364E-09	1.0E+10	100000000000	1E-30	3.54328000601346E-10	1.0E+10	1E-30	1.0E+10	8.39288634366791E-03	1E-30	5.44445869162925E-11	0.335587826344688	1E-30	5.85188344442703E-11	1.80084167733898E-02	1E-30	4.01407811628768E-11	1.78594242097711E-03	3.19015059980566E-08	1.97219392440509E-11	0.138170703486951	8.61037348736662E-09	3.1212901492357E-11	0.275321087320991	5.28175821869727E-09	1.51979371184373E-11	0.115778506374984	8.30472207836754E-12	4.7473586844508E-11	14.6245807997432	1.0E+10	1E-30	1.0E-10	1.0E+10	1E-30	1.0E-10	1.0E+10	1E-30	1.0E-10	1.0E+10	1E-30	1.0E-10	1.0E+10	1E-30	1.0E-10	1.0E+10	1E-30	1.0E-10	1.0E+10	1E-30	1.0E-10	1.0E+10	1E-30	1.0E-10
84	6.58887903895204E-09	1.0E+10	100000000000	1E-30	3.66724376355466E-10	1.0E+10	1E-30	1.0E+10	7.62899156466851E-03	1E-30	5.27912651692174E-11	0.303500664917753	1E-30	8.19006773909078E-11	1.36319848675039E-02	3.1247458184082E-08	2.39764101933739E-11	0.154070541503228	1.1854416948505E-08	2.84290640717289E-11	0.259889018645464	4.99022777491029E-09	2.05602106304921E-11	0.123599615366337	7.37261470707148E-12	2.85221389227664E-11	3.95973403700801	1.0E+10	1E-30	1.0E-10	1.0E+10	1E-30	1.0E-10	1.0E+10	1E-30	1.0E-10	1.0E+10	1E-30	1.0E-10	1.0E+10	1E-30	1.0E-10	1.0E+10	1E-30	1.0E-10	1.0E+10	1E-30	1.0E-10	1.0E+10	1E-30	1.0E-10	1.0E+10	1E-30	1.0E-10
85	8.2566301975995E-09	1.0E+10	100000000000	1E-30	2.74439991105368E-10	1.0E+10	1E-30	1.0E+10	6.53581672722449E-03	1E-30	7.66090452515033E-11	0.209778122610303	1E-30	7.04212431572026E-11	1.06153649526082E-02	1E-30	8.76274505319295E-11	2.10978299196605E-03	3.68933214444342E-08	2.84297122011761E-11	0.160540651765868	1.56636629750157E-08	2.98048824883201E-11	0.230398990668983	8.88256250331725E-08	2.5563071656458E-12	3.28856294046135E-02	1.56521988443014E-08	9.33522044590042E-12	8.41626993149595E-02	2.54045777373597E-12	8.46838154778702E-11	17.8448848137383	1.0E+10	1E-30	1.0E-10	1.0E+10	1E-30	1.0E-10	1.0E+10	1E-30	1.0E-10	1.0E+10	1E-30	1.0E-10	1.0E+10	1E-30	1.0E-10	1.0E+10	1E-30	1.0E-10	1.0E+10	1E-30	1.0E-10
86	9.87363792929885E-09	1.0E+10	100000000000	1E-30	2.93333058880846E-10	1.0E+10	1E-30	1.0E+10	6.09292578086578E-03	1E-30	8.6027913193328E-11	0.210007547384597	1E-30	7.41045796520892E-11	9.49612289350704E-03	4.11954062938385E-08	3.13315809346225E-11	0.179660458398662	1.7948605836853E-08	3.21463385973281E-11	0.22464616364523	8.4304600034464E-08	3.50735045746327E-12	3.47566893968618E-02	2.67511332783429E-08	7.13549012008539E-12	8.20253819501431E-02	8.68470460259949E-12	2.8280282200753E-11	1.96975187115878	1.0E+10	1E-30	1.0E-10	1.0E+10	1E-30	1.0E-10	1.0E+10	1E-30	1.0E-10	1.0E+10	1E-30	1.0E-10	1.0E+10	1E-30	1.0E-10	1.0E+10	1E-30	1.0E-10	1.0E+10	1E-30	1.0E-10	1.0E+10	1E-30	1.0E-10
87	4.5289309562798E-08	1.0E+10	1000000000	1E-30	0.00000000019	1.0E+10	1E-30	1.0E+10	1.90743137231334E-02	4.70944527273051E-06	1.0E+10	1.45429728755298	4.30872709360443E-06	1.0E+10	0.410420112056176	4.6683879300409E-05	1.0E+10	0.34092056075233	4.04414132835673E-06	1.0E+10	0.065590743979829	4.3947039022781E-06	1.0E+10	9.0537921684208E-03	1E-30	9.87768804365591E-11	0.124116178004918	1E-30	6.39929550735209E-12	4.33008794702561E-02	2.46580703187931E-07	2.1507667084707E-11	3.17386375428471E-02	6.02587019009467E-08	3.98873442270587E-11	5.58282498640159E-02	8.31974924063042E-12	7.20615025380645E-11	7.51013054533742	1.04022804639116E-11	3.38204364557666E-11	15.3000049983317	1.0E+10	1E-30	1.0E-10	1.0E+10	1E-30	1.0E-10	1.0E+10	1E-30	1.0E-10	1.0E+10	1E-30	1.0E-10
88	9.6125383304492E-08	1.0E+10	500000000	1E-30	0.000000000125	1.0E+10	1E-30	1.0E+10	1.33119754935139E-02	1.19397996342171E-05	1.0E+10	0.793361242077933	9.36848773099518E-06	1.0E+10	0.242690400996919	1.00542377690915E-04	1.0E+10	0.1582963788475	8.18165678165248E-06	1.0E+10	0.038905309117538	1.57257318282664E-05	1.0E+10	3.39735728381355E-03	1E-30	1.44786754742994E-10	7.96569552211059E-02	1E-30	1.09139066234847E-11	3.25954262583215E-02	5.85781849719113E-07	2.13540042423479E-11	2.42874603868022E-02	1.91148942784064E-07	3.1364736957872E-11	3.43480704165749E-02	9.10149913669062E-12	6.58719648286144E-11	7.21375374341702	2.98694323987257E-12	8.56600056669655E-11	26.6417756064701	1.0E+10	1E-30	1.0E-10	1.0E+10	1E-30	1.0E-10	1.0E+10	1E-30	1.0E-10	1.0E+10	1E-30	1.0E-10
89	2.08122003223611E-07	1.0E+10	227272727.272727	1E-30	0.000000000145	1.0E+10	1E-30	1.0E+10	0.011	1.9297773419966E-05	1.0E+10	0.657236053850332	7.6577071220667E-05	1.0E+10	0.207836289054813	1.75713080415935E-05	1.0E+10	0.101628622536112	1.78646060110608E-05	1.0E+10	1.27270763360928E-02	2.14221500498792E-05	1.0E+10	1.85736425523722E-03	1E-30	1.65859024787253E-11	8.14652109119149E-02	1E-30	1.33583232743735E-10	0.060545667009393	1.22662002833192E-06	2.1488535788172E-11	1.18369160634856E-02	3.92663263719074E-07	3.33576128338322E-11	2.08496008104482E-02	1.32631934463527E-11	4.52028113323355E-11	5.49988325804334	1.97207784162497E-12	1.18930283581807E-10	26.9013963736769	1.0E+10	1E-30	1.0E-10	1.0E+10	1E-30	1.0E-10	1.0E+10	1E-30	1.0E-10	1.0E+10	1E-30	1.0E-10
90	9.32006195600336E-07	1.0E+10	50000000	1E-30	1.82402167871182E-11	1.0E+10	1E-30	1.0E+10	5.14704901857192E-03	1.36396649173314E-04	1.0E+10	10.3131675280006	1.32334666092218E-04	1.0E+10	1.28530084344808	9.52498064172157E-05	1.0E+10	0.206685760996516	1.2156219218428E-04	1.0E+10	2.07604195631084E-02	6.57994644415807E-05	1.0E+10	6.97271371756405E-03	1E-30	2.61631917778397E-11	0.097890005267145	1E-30	2.58342007535744E-10	4.10645087368354E-02	5.67768394658512E-06	2.82591888354668E-11	7.53725258375986E-03	3.21092178360599E-06	2.52175348485886E-11	8.1342890045818E-03	2.26407793472559E-12	1.09685373727028E-10	100000	1.96358621487231E-12	1.24585021018143E-10	31.5531831052092	1.0E+10	1E-30	1.0E-10	1.0E+10	1E-30	1.0E-10	1.0E+10	1E-30	1.0E-10	1.0E+10	1E-30	1.0E-10
91	9.32006195600336E-07	1.0E+10	50000000	1E-30	1.82402167871182E-11	1.0E+10	1E-30	1.0E+10	5.14704901857192E-03	1.36396649173314E-04	1.0E+10	10.3131675280006	1.32334666092218E-04	1.0E+10	1.28530084344808	9.52498064172157E-05	1.0E+10	0.206685760996516	1.2156219218428E-04	1.0E+10	2.07604195631084E-02	6.57994644415807E-05	1.0E+10	6.97271371756405E-03	1E-30	2.61631917778397E-11	0.097890005267145	1E-30	2.58342007535744E-10	4.10645087368354E-02	5.67768394658512E-06	2.82591888354668E-11	7.53725258375986E-03	3.21092178360599E-06	2.52175348485886E-11	8.1342890045818E-03	2.26407793472559E-12	1.09685373727028E-10	100000	1.96358621487231E-12	1.24585021018143E-10	31.5531831052092	1.0E+10	1E-30	1.0E-10	1.0E+10	1E-30	1.0E-10	1.0E+10	1E-30	1.0E-10	1.0E+10	1E-30	1.0E-10
92	9.32006195600336E-07	1.0E+10	50000000	1E-30	1.82402167871182E-11	1.0E+10	1E-30	1.0E+10	5.14704901857192E-03	1.36396649173314E-04	1.0E+10	10.3131675280006	1.32334666092218E-04	1.0E+10	1.28530084344808	9.52498064172157E-05	1.0E+10	0.206685760996516	1.2156219218428E-04	1.0E+10	2.07604195631084E-02	6.57994644415807E-05	1.0E+10	6.97271371756405E-03	1E-30	2.61631917778397E-11	0.097890005267145	1E-30	2.58342007535744E-10	4.10645087368354E-02	5.67768394658512E-06	2.82591888354668E-11	7.53725258375986E-03	3.21092178360599E-06	2.52175348485886E-11	8.1342890045818E-03	2.26407793472559E-12	1.09685373727028E-10	100000	1.96358621487231E-12	1.24585021018143E-10	31.5531831052092	1.0E+10	1E-30	1.0E-10	1.0E+10	1E-30	1.0E-10	1.0E+10	1E-30	1.0E-10	1.0E+10	1E-30	1.0E-10
93	9.32006195600336E-07	1.0E+10	50000000	1E-30	1.82402167871182E-11	1.0E+10	1E-30	1.0E+10	5.14704901857192E-03	1.36396649173314E-04	1.0E+10	10.3131675280006	1.32334666092218E-04	1.0E+10	1.28530084344808	9.52498064172157E-05	1.0E+10	0.206685760996516	1.2156219218428E-04	1.0E+10	2.07604195631084E-02	6.57994644415807E-05	1.0E+10	6.97271371756405E-03	1E-30	2.61631917778397E-11	0.097890005267145	1E-30	2.58342007535744E-10	4.10645087368354E-02	5.67768394658512E-06	2.82591888354668E-11	7.53725258375986E-03	3.21092178360599E-06	2.52175348485886E-11	8.1342890045818E-03	2.26407793472559E-12	1.09685373727028E-10	100000	1.96358621487231E-12	1.24585021018143E-10	31.5531831052092	1.0E+10	1E-30	1.0E-10	1.0E+10	1E-30	1.0E-10	1.0E+10	1E-30	1.0E-10	1.0E+10	1E-30	1.0E-10
94	9.32006195600336E-07	1.0E+10	50000000	1E-30	1.82402167871182E-11	1.0E+10	1E-30	1.0E+10	5.14704901857192E-03	1.36396649173314E-04	1.0E+10	10.3131675280006	1.32334666092218E-04	1.0E+10	1.28530084344808	9.52498064172157E-05	1.0E+10	0.206685760996516	1.2156219218428E-04	1.0E+10	2.07604195631084E-02	6.57994644415807E-05	1.0E+10	6.97271371756405E-03	1E-30	2.61631917778397E-11	0.097890005267145	1E-30	2.58342007535744E-10	4.10645087368354E-02	5.67768394658512E-06	2.82591888354668E-11	7.53725258375986E-03	3.21092178360599E-06	2.52175348485886E-11	8.1342890045818E-03	2.26407793472559E-12	1.09685373727028E-10	100000	1.96358621487231E-12	1.24585021018143E-10	31.5531831052092	1.0E+10	1E-30	1.0E-10	1.0E+10	1E-30	1.0E-10	1.0E+10	1E-30	1.0E-10	1.0E+10	1E-30	1.0E-10
95	1.66099996904929E-06	1.0E+10	22727272.7272727	1E-30	1.65516617175713E-10	1.0E+10	1E-30	1.0E+10	5.31183637421943E-03	1.18783620989762E-04	1.0E+10	28.947399117181	1.53412144485746E-04	1.0E+10	4.03726902410631	1.02069476925029E-04	1.0E+10	1.09717161127854	1.01315234793873E-04	1.0E+10	0.184298385947908	6.72598099699746E-05	1.0E+10	4.18989467766234E-02	5.11326081936258E-05	1.0E+10	7.57815691205236E-03	1E-30	2.33230241447246E-11	5.25718399131624E-02	1E-30	1.74567032683369E-10	2.75366359911862E-02	9.08776154109829E-06	2.73476893693125E-11	5.52692886181079E-03	2.00690608582499E-06	5.60811376961847E-11	9.45812448699894E-03	2.44630605580242E-12	1.73890497826604E-10	41.508299950646	1.0E+10	1E-30	1.0E-10	1.0E+10	1E-30	1.0E-10	1.0E+10	1E-30	1.0E-10	1.0E+10	1E-30	1.0E-10
96	1.66099996904929E-06	1.0E+10	22727272.7272727	1E-30	1.65516617175713E-10	1.0E+10	1E-30	1.0E+10	5.31183637421943E-03	1.18783620989762E-04	1.0E+10	28.947399117181	1.53412144485746E-04	1.0E+10	4.03726902410631	1.02069476925029E-04	1.0E+10	1.09717161127854	1.01315234793873E-04	1.0E+10	0.184298385947908	6.72598099699746E-05	1.0E+10	4.18989467766234E-02	5.11326081936258E-05	1.0E+10	7.57815691205236E-03	1E-30	2.33230241447246E-11	5.25718399131624E-02	1E-30	1.74567032683369E-10	2.75366359911862E-02	9.08776154109829E-06	2.73476893693125E-11	5.52692886181079E-03	2.00690608582499E-06	5.60811376961847E-11	9.45812448699894E-03	2.44630605580242E-12	1.73890497826604E-10	41.508299950646	1.0E+10	1E-30	1.0E-10	1.0E+10	1E-30	1.0E-10	1.0E+10	1E-30	1.0E-10	1.0E+10	1E-30	1.0E-10
97	1.66099996904929E-06	1.0E+10	22727272.7272727	1E-30	1.65516617175713E-10	1.0E+10	1E-30	1.0E+10	5.31183637421943E-03	1.18783620989762E-04	1.0E+10	28.947399117181	1.53412144485746E-04	1.0E+10	4.03726902410631	1.02069476925029E-04	1.0E+10	1.09717161127854	1.01315234793873E-04	1.0E+10	0.184298385947908	6.72598099699746E-05	1.0E+10	4.18989467766234E-02	5.11326081936258E-05	1.0E+10	7.57815691205236E-03	1E-30	2.33230241447246E-11	5.25718399131624E-02	1E-30	1.74567032683369E-10	2.75366359911862E-02	9.08776154109829E-06	2.73476893693125E-11	5.52692886181079E-03	2.00690608582499E-06	5.60811376961847E-11	9.45812448699894E-03	2.44630605580242E-12	1.73890497826604E-10	41.508299950646	1.0E+10	1E-30	1.0E-10	1.0E+10	1E-30	1.0E-10	1.0E+10	1E-30	1.0E-10	1.0E+10	1E-30	1.0E-10
98	1.66099996904929E-06	1.0E+10	22727272.7272727	1E-30	1.65516617175713E-10	1.0E+10	1E-30	1.0E+10	5.31183637421943E-03	1.18783620989762E-04	1.0E+10	28.947399117181	1.53412144485746E-04	1.0E+10	4.03726902410631	1.02069476925029E-04	1.0E+10	1.09717161127854	1.01315234793873E-04	1.0E+10	0.184298385947908	6.72598099699746E-05	1.0E+10	4.18989467766234E-02	5.11326081936258E-05	1.0E+10	7.57815691205236E-03	1E-30	2.33230241447246E-11	5.25718399131624E-02	1E-30	1.74567032683369E-10	2.75366359911862E-02	9.08776154109829E-06	2.73476893693125E-11	5.52692886181079E-03	2.00690608582499E-06	5.60811376961847E-11	9.45812448699894E-03	2.44630605580242E-12	1.73890497826604E-10	41.508299950646	1.0E+10	1E-30	1.0E-10	1.0E+10	1E-30	1.0E-10	1.0E+10	1E-30	1.0E-10	1.0E+10	1E-30	1.0E-10
99	1.66099996904929E-06	1.0E+10	22727272.7272727	1E-30	1.65516617175713E-10	1.0E+10	1E-30	1.0E+10	5.31183637421943E-03	1.18783620989762E-04	1.0E+10	28.947399117181	1.53412144485746E-04	1.0E+10	4.03726902410631	1.02069476925029E-04	1.0E+10	1.09717161127854	1.01315234793873E-04	1.0E+10	0.184298385947908	6.72598099699746E-05	1.0E+10	4.18989467766234E-02	5.11326081936258E-05	1.0E+10	7.57815691205236E-03	1E-30	2.33230241447246E-11	5.25718399131624E-02	1E-30	1.74567032683369E-10	2.75366359911862E-02	9.08776154109829E-06	2.73476893693125E-11	5.52692886181079E-03	2.00690608582499E-06	5.60811376961847E-11	9.45812448699894E-03	2.44630605580242E-12	1.73890497826604E-10	41.508299950646	1.0E+10	1E-30	1.0E-10	1.0E+10	1E-30	1.0E-10	1.0E+10	1E-30	1.0E-10	1.0E+10	1E-30	1.0E-10
100	3.28032420544125E-06	1.0E+10	10638297.8723404	1E-30	0.00000000007	1.0E+10	1E-30	1.0E+10	5.05187593458628E-03	8.66508709468898E-05	1.0E+10	29.4119677319971	1.01856894450894E-04	1.0E+10	3.01916152683853	8.00293456553052E-05	1.0E+10	0.537550927178571	7.47165190270612E-05	1.0E+10	0.065058712033588	1.36406967149026E-04	1.0E+10	9.55682273237678E-03	6.1880790377808E-05	1.0E+10	5.82326078238101E-03	1E-30	1.29653394155243E-11	0.155301267614487	1E-30	3.69252528048555E-11	0.065043765396725	1E-30	2.13562694590434E-10	2.52574066389524E-02	1.12779526528665E-05	4.04697675799404E-11	4.37139307869225E-03	5.82547586426659E-06	4.13946986285074E-11	5.15964941089159E-03	1.35154943091896E-12	1.59154943091895E-10	200	1.0E+10	1E-30	1.0E-10	1.0E+10	1E-30	1.0E-10	1.0E+10	1E-30	1.0E-10
101	3.28032420544125E-06	1.0E+10	10638297.8723404	1E-30	0.00000000007	1.0E+10	1E-30	1.0E+10	5.05187593458628E-03	8.66508709468898E-05	1.0E+10	29.4119677319971	1.01856894450894E-04	1.0E+10	3.01916152683853	8.00293456553052E-05	1.0E+10	0.537550927178571	7.47165190270612E-05	1.0E+10	0.065058712033588	1.36406967149026E-04	1.0E+10	9.55682273237678E-03	6.1880790377808E-05	1.0E+10	5.82326078238101E-03	1E-30	1.29653394155243E-11	0.155301267614487	1E-30	3.69252528048555E-11	0.065043765396725	1E-30	2.13562694590434E-10	2.52574066389524E-02	1.12779526528665E-05	4.04697675799404E-11	4.37139307869225E-03	5.82547586426659E-06	4.13946986285074E-11	5.15964941089159E-03	1.35154943091896E-12	1.59154943091895E-10	200	1.0E+10	1E-30	1.0E-10	1.0E+10	1E-30	1.0E-10	1.0E+10	1E-30	1.0E-10
102	3.28032420544125E-06	1.0E+10	10638297.8723404	1E-30	0.00000000007	1.0E+10	1E-30	1.0E+10	5.05187593458628E-03	8.66508709468898E-05	1.0E+10	29.4119677319971	1.01856894450894E-04	1.0E+10	3.01916152683853	8.00293456553052E-05	1.0E+10	0.537550927178571	7.47165190270612E-05	1.0E+10	0.065058712033588	1.36406967149026E-04	1.0E+10	9.55682273237678E-03	6.1880790377808E-05	1.0E+10	5.82326078238101E-03	1E-30	1.29653394155243E-11	0.155301267614487	1E-30	3.69252528048555E-11	0.065043765396725	1E-30	2.13562694590434E-10	2.52574066389524E-02	1.12779526528665E-05	4.04697675799404E-11	4.37139307869225E-03	5.82547586426659E-06	4.13946986285074E-11	5.15964941089159E-03	1.35154943091896E-12	1.59154943091895E-10	200	1.0E+10	1E-30	1.0E-10	1.0E+10	1E-30	1.0E-10	1.0E+10	1E-30	1.0E-10
103	3.28032420544125E-06	1.0E+10	10638297.8723404	1E-30	0.00000000007	1.0E+10	1E-30	1.0E+10	5.05187593458628E-03	8.66508709468898E-05	1.0E+10	29.4119677319971	1.01856894450894E-04	1.0E+10	3.01916152683853	8.00293456553052E-05	1.0E+10	0.537550927178571	7.47165190270612E-05	1.0E+10	0.065058712033588	1.36406967149026E-04	1.0E+10	9.55682273237678E-03	6.1880790377808E-05	1.0E+10	5.82326078238101E-03	1E-30	1.29653394155243E-11	0.155301267614487	1E-30	3.69252528048555E-11	0.065043765396725	1E-30	2.13562694590434E-10	2.52574066389524E-02	1.12779526528665E-05	4.04697675799404E-11	4.37139307869225E-03	5.82547586426659E-06	4.13946986285074E-11	5.15964941089159E-03	1.35154943091896E-12	1.59154943091895E-10	200	1.0E+10	1E-30	1.0E-10	1.0E+10	1E-30	1.0E-10	1.0E+10	1E-30	1.0E-10
104	3.43128743197727E-06	1.0E+10	10638297.8723404	1E-30	1.86980159650852E-10	1.0E+10	1E-30	1.0E+10	4.01328799197098E-03	1.91800353865497E-04	1.0E+10	17.9273750860016	2.46108215450869E-04	1.0E+10	1.95445324304025	3.0381591931278E-04	1.0E+10	0.503412560656605	1.88142900020755E-04	1.0E+10	0.164123833997171	1.41937332617643E-04	1.0E+10	3.00828985006768E-02	1.01980496704494E-04	1.0E+10	5.76677016886474E-03	1E-30	2.03620558806762E-11	0.145911203754832	1E-30	3.78693457519608E-11	3.82050034725924E-02	1E-30	2.48313283106082E-10	2.32307739847495E-02	3.02512042160705E-05	2.22420809346759E-11	2.79265078453279E-03	4.72259535490496E-06	7.18854852846826E-11	5.93792738088425E-03	5.83178414617922E-12	5.97958051010386E-11	13.4270147046791	1.0E+10	1E-30	1.0E-10	1.0E+10	1E-30	1.0E-10	1.0E+10	1E-30	1.0E-10
105	3.43128743197727E-06	1.0E+10	10638297.8723404	1E-30	1.86980159650852E-10	1.0E+10	1E-30	1.0E+10	4.01328799197098E-03	1.91800353865497E-04	1.0E+10	17.9273750860016	2.46108215450869E-04	1.0E+10	1.95445324304025	3.0381591931278E-04	1.0E+10	0.503412560656605	1.88142900020755E-04	1.0E+10	0.164123833997171	1.41937332617643E-04	1.0E+10	3.00828985006768E-02	1.01980496704494E-04	1.0E+10	5.76677016886474E-03	1E-30	2.03620558806762E-11	0.145911203754832	1E-30	3.78693457519608E-11	3.82050034725924E-02	1E-30	2.48313283106082E-10	2.32307739847495E-02	3.02512042160705E-05	2.22420809346759E-11	2.79265078453279E-03	4.72259535490496E-06	7.18854852846826E-11	5.93792738088425E-03	5.83178414617922E-12	5.97958051010386E-11	13.4270147046791	1.0E+10	1E-30	1.0E-10	1.0E+10	1E-30	1.0E-10	1.0E+10	1E-30	1.0E-10
106	3.49374081747198E-06	1.0E+10	10638297.8723404	1E-30	2.18098937361494E-10	1.0E+10	1E-30	1.0E+10	4.04832495004681E-03	1.65405727049374E-04	1.0E+10	23.4179197114769	2.19937575048941E-04	1.0E+10	2.64484024417444	1.75199603030116E-04	1.0E+10	0.573740948053178	1.56201105737297E-04	1.0E+10	8.60605646454653E-02	1.62812324701355E-04	1.0E+10	1.16390160889383E-02	1.56371677214801E-04	1.0E+10	4.09117747435266E-03	1E-30	1.3843256346697E-11	0.113539788920891	1E-30	2.98075557558321E-11	3.10832818298776E-02	1E-30	2.28567342332266E-10	2.22476588713194E-02	1.18915868298722E-05	5.04632875781587E-11	5.27105104608282E-03	5.13737406066491E-06	5.63726801289636E-11	6.68461846905015E-03	7.23962734939757E-12	4.77599398744716E-11	14.0068631290071	1.0E+10	1E-30	1.0E-10	1.0E+10	1E-30	1.0E-10	1.0E+10	1E-30	1.0E-10
107	3.49374081747198E-06	1.0E+10	10638297.8723404	1E-30	2.18098937361494E-10	1.0E+10	1E-30	1.0E+10	4.04832495004681E-03	1.65405727049374E-04	1.0E+10	23.4179197114769	2.19937575048941E-04	1.0E+10	2.64484024417444	1.75199603030116E-04	1.0E+10	0.573740948053178	1.56201105737297E-04	1.0E+10	8.60605646454653E-02	1.62812324701355E-04	1.0E+10	1.16390160889383E-02	1.56371677214801E-04	1.0E+10	4.09117747435266E-03	1E-30	1.3843256346697E-11	0.113539788920891	1E-30	2.98075557558321E-11	3.10832818298776E-02	1E-30	2.28567342332266E-10	2.22476588713194E-02	1.18915868298722E-05	5.04632875781587E-11	5.27105104608282E-03	5.13737406066491E-06	5.63726801289636E-11	6.68461846905015E-03	7.23962734939757E-12	4.77599398744716E-11	14.0068631290071	1.0E+10	1E-30	1.0E-10	1.0E+10	1E-30	1.0E-10	1.0E+10	1E-30	1.0E-10
108	3.43128743197727E-06	1.0E+10	10638297.8723404	1E-30	1.86980159650852E-10	1.0E+10	1E-30	1.0E+10	4.01328799197098E-03	1.91800353865497E-04	1.0E+10	17.9273750860016	2.46108215450869E-04	1.0E+10	1.95445324304025	3.0381591931278E-04	1.0E+10	0.503412560656605	1.88142900020755E-04	1.0E+10	0.164123833997171	1.41937332617643E-04	1.0E+10	3.00828985006768E-02	1.01980496704494E-04	1.0E+10	5.76677016886474E-03	1E-30	2.03620558806762E-11	0.145911203754832	1E-30	3.78693457519608E-11	3.82050034725924E-02	1E-30	2.48313283106082E-10	2.32307739847495E-02	3.02512042160705E-05	2.22420809346759E-11	2.79265078453279E-03	4.72259535490496E-06	7.18854852846826E-11	5.93792738088425E-03	5.83178414617922E-12	5.97958051010386E-11	13.4270147046791	1.0E+10	1E-30	1.0E-10	1.0E+10	1E-30	1.0E-10	1.0E+10	1E-30	1.0E-10
109	3.43128743197727E-06	1.0E+10	10638297.8723404	1E-30	1.86980159650852E-10	1.0E+10	1E-30	1.0E+10	4.01328799197098E-03	1.91800353865497E-04	1.0E+10	17.9273750860016	2.46108215450869E-04	1.0E+10	1.95445324304025	3.0381591931278E-04	1.0E+10	0.503412560656605	1.88142900020755E-04	1.0E+10	0.164123833997171	1.41937332617643E-04	1.0E+10	3.00828985006768E-02	1.01980496704494E-04	1.0E+10	5.76677016886474E-03	1E-30	2.03620558806762E-11	0.145911203754832	1E-30	3.78693457519608E-11	3.82050034725924E-02	1E-30	2.48313283106082E-10	2.32307739847495E-02	3.02512042160705E-05	2.22420809346759E-11	2.79265078453279E-03	4.72259535490496E-06	7.18854852846826E-11	5.93792738088425E-03	5.83178414617922E-12	5.97958051010386E-11	13.4270147046791	1.0E+10	1E-30	1.0E-10	1.0E+10	1E-30	1.0E-10	1.0E+10	1E-30	1.0E-10
110	3.43128743197727E-06	1.0E+10	10638297.8723404	1E-30	1.86980159650852E-10	1.0E+10	1E-30	1.0E+10	4.01328799197098E-03	1.91800353865497E-04	1.0E+10	17.9273750860016	2.46108215450869E-04	1.0E+10	1.95445324304025	3.0381591931278E-04	1.0E+10	0.503412560656605	1.88142900020755E-04	1.0E+10	0.164123833997171	1.41937332617643E-04	1.0E+10	3.00828985006768E-02	1.01980496704494E-04	1.0E+10	5.76677016886474E-03	1E-30	2.03620558806762E-11	0.145911203754832	1E-30	3.78693457519608E-11	3.82050034725924E-02	1E-30	2.48313283106082E-10	2.32307739847495E-02	3.02512042160705E-05	2.22420809346759E-11	2.79265078453279E-03	4.72259535490496E-06	7.18854852846826E-11	5.93792738088425E-03	5.83178414617922E-12	5.97958051010386E-11	13.4270147046791	1.0E+10	1E-30	1.0E-10	1.0E+10	1E-30	1.0E-10	1.0E+10	1E-30	1.0E-10
111	3.43128743197727E-06	1.0E+10	10638297.8723404	1E-30	1.86980159650852E-10	1.0E+10	1E-30	1.0E+10	4.01328799197098E-03	1.91800353865497E-04	1.0E+10	17.9273750860016	2.46108215450869E-04	1.0E+10	1.95445324304025	3.0381591931278E-04	1.0E+10	0.503412560656605	1.88142900020755E-04	1.0E+10	0.164123833997171	1.41937332617643E-04	1.0E+10	3.00828985006768E-02	1.01980496704494E-04	1.0E+10	5.76677016886474E-03	1E-30	2.03620558806762E-11	0.145911203754832	1E-30	3.78693457519608E-11	3.82050034725924E-02	1E-30	2.48313283106082E-10	2.32307739847495E-02	3.02512042160705E-05	2.22420809346759E-11	2.79265078453279E-03	4.72259535490496E-06	7.18854852846826E-11	5.93792738088425E-03	5.83178414617922E-12	5.97958051010386E-11	13.4270147046791	1.0E+10	1E-30	1.0E-10	1.0E+10	1E-30	1.0E-10	1.0E+10	1E-30	1.0E-10
112	3.49374081747198E-06	1.0E+10	10638297.8723404	1E-30	2.18098937361494E-10	1.0E+10	1E-30	1.0E+10	4.04832495004681E-03	1.65405727049374E-04	1.0E+10	23.4179197114769	2.19937575048941E-04	1.0E+10	2.64484024417444	1.75199603030116E-04	1.0E+10	0.573740948053178	1.56201105737297E-04	1.0E+10	8.60605646454653E-02	1.62812324701355E-04	1.0E+10	1.16390160889383E-02	1.56371677214801E-04	1.0E+10	4.09117747435266E-03	1E-30	1.3843256346697E-11	0.113539788920891	1E-30	2.98075557558321E-11	3.10832818298776E-02	1E-30	2.28567342332266E-10	2.22476588713194E-02	1.18915868298722E-05	5.04632875781587E-11	5.27105104608282E-03	5.13737406066491E-06	5.63726801289636E-11	6.68461846905015E-03	7.23962734939757E-12	4.77599398744716E-11	14.0068631290071	1.0E+10	1E-30	1.0E-10	1.0E+10	1E-30	1.0E-10	1.0E+10	1E-30	1.0E-10
113	3.49374081747198E-06	1.0E+10	10638297.8723404	1E-30	2.18098937361494E-10	1.0E+10	1E-30	1.0E+10	4.04832495004681E-03	1.65405727049374E-04	1.0E+10	23.4179197114769	2.19937575048941E-04	1.0E+10	2.64484024417444	1.75199603030116E-04	1.0E+10	0.573740948053178	1.56201105737297E-04	1.0E+10	8.60605646454653E-02	1.62812324701355E-04	1.0E+10	1.16390160889383E-02	1.56371677214801E-04	1.0E+10	4.09117747435266E-03	1E-30	1.3843256346697E-11	0.113539788920891	1E-30	2.98075557558321E-11	3.10832818298776E-02	1E-30	2.28567342332266E-10	2.22476588713194E-02	1.18915868298722E-05	5.04632875781587E-11	5.27105104608282E-03	5.13737406066491E-06	5.63726801289636E-11	6.68461846905015E-03	7.23962734939757E-12	4.77599398744716E-11	14.0068631290071	1.0E+10	1E-30	1.0E-10	1.0E+10	1E-30	1.0E-10	1.0E+10	1E-30	1.0E-10
114	7.07882406529703E-06	1.0E+10	5000000	1E-30	1.31577383537182E-10	1.0E+10	1E-30	1.0E+10	3.18831746412325E-03	2.78680954511602E-04	1.0E+10	11.5069242277297	3.22085581226286E-04	1.0E+10	1.39519575148758	2.92995089711378E-04	1.0E+10	0.186624582588332	2.46766331549602E-04	1.0E+10	2.61266697206144E-02	1.88955807766927E-04	1.0E+10	4.22711844750704E-03	1E-30	1.86472923747636E-11	0.074828599360652	1E-30	4.77205121668212E-11	2.89624162332977E-02	1E-30	3.02178767543998E-10	1.55442212409338E-02	5.53402034985311E-05	2.41376071955405E-11	2.54533377016646E-03	1.44256989161979E-05	4.92370929975366E-11	3.71939416541909E-03	5.06420578694578E-12	4.79213171412501E-11	100000	7.26092824987053E-12	3.28002185515642E-11	2.55759119495488	1.0E+10	1E-30	1.0E-10	1.0E+10	1E-30	1.0E-10	1.0E+10	1E-30	1.0E-10
115	7.07882406529703E-06	1.0E+10	5000000	1E-30	1.31577383537182E-10	1.0E+10	1E-30	1.0E+10	3.18831746412325E-03	2.78680954511602E-04	1.0E+10	11.5069242277297	3.22085581226286E-04	1.0E+10	1.39519575148758	2.92995089711378E-04	1.0E+10	0.186624582588332	2.46766331549602E-04	1.0E+10	2.61266697206144E-02	1.88955807766927E-04	1.0E+10	4.22711844750704E-03	1E-30	1.86472923747636E-11	0.074828599360652	1E-30	4.77205121668212E-11	2.89624162332977E-02	1E-30	3.02178767543998E-10	1.55442212409338E-02	5.53402034985311E-05	2.41376071955405E-11	2.54533377016646E-03	1.44256989161979E-05	4.92370929975366E-11	3.71939416541909E-03	5.06420578694578E-12	4.79213171412501E-11	100000	7.26092824987053E-12	3.28002185515642E-11	2.55759119495488	1.0E+10	1E-30	1.0E-10	1.0E+10	1E-30	1.0E-10	1.0E+10	1E-30	1.0E-10
116	6.06862060023347E-06	1.0E+10	5000000	1E-30	1.5635795535293E-10	1.0E+10	1E-30	1.0E+10	2.93195993454252E-03	1.38539365772652E-04	1.0E+10	28.8567180765258	1.61678994830371E-04	1.0E+10	3.57111504722335	4.04194665701596E-04	1.0E+10	0.312032304304461	6.1100066491994E-04	1.0E+10	2.00371106498713E-02	5.89266252805606E-04	1.0E+10	3.51059335253725E-03	1E-30	1.75991683896933E-11	6.03157288607458E-02	1E-30	3.443122586873E-11	2.44073384343841E-02	1E-30	2.56164440620392E-10	1.70789693272643E-02	1.33416978925013E-05	7.51530630796613E-11	4.27904983541407E-03	1.84547408629984E-05	2.96834575551126E-11	2.96637741615071E-03	2.07655317580759E-11	1.52478011433137E-11	100000	6.20864663294098E-12	5.03684169977757E-11	6.75319862599937	1.0E+10	1E-30	1.0E-10	1.0E+10	1E-30	1.0E-10	1.0E+10	1E-30	1.0E-10
117	6.06862060023347E-06	1.0E+10	5000000	1E-30	1.5635795535293E-10	1.0E+10	1E-30	1.0E+10	2.93195993454252E-03	1.38539365772652E-04	1.0E+10	28.8567180765258	1.61678994830371E-04	1.0E+10	3.57111504722335	4.04194665701596E-04	1.0E+10	0.312032304304461	6.1100066491994E-04	1.0E+10	2.00371106498713E-02	5.89266252805606E-04	1.0E+10	3.51059335253725E-03	1E-30	1.75991683896933E-11	6.03157288607458E-02	1E-30	3.443122586873E-11	2.44073384343841E-02	1E-30	2.56164440620392E-10	1.70789693272643E-02	1.33416978925013E-05	7.51530630796613E-11	4.27904983541407E-03	1.84547408629984E-05	2.96834575551126E-11	2.96637741615071E-03	2.07655317580759E-11	1.52478011433137E-11	100000	6.20864663294098E-12	5.03684169977757E-11	6.75319862599937	1.0E+10	1E-30	1.0E-10	1.0E+10	1E-30	1.0E-10	1.0E+10	1E-30	1.0E-10
118	6.58893812463357E-06	1.0E+10	5000000	1E-30	2.27652693702823E-10	1.0E+10	1E-30	1.0E+10	3.44343436009395E-03	3.33419039290725E-04	1.0E+10	9.63806810890255	3.95903417253076E-04	1.0E+10	1.66164865564402	2.70049037594775E-04	1.0E+10	0.349762712446372	2.50968537924262E-04	1.0E+10	3.86314479670009E-02	1.94372705582921E-04	1.0E+10	5.68311929787846E-03	1E-30	5.93770002543022E-12	0.144715250327079	1E-30	1.64421380476374E-11	0.102511109872551	1E-30	4.8568268108599E-11	3.70737926990945E-02	1E-30	3.07892712618346E-10	1.65754336776523E-02	4.01787528538934E-05	3.36508390230561E-11	2.24801283153862E-03	1.80802058027625E-05	4.58724244014102E-11	3.3095648567375E-03	2.30709564324591E-11	1.60938363376278E-11	4.29991673950302	1.0E+10	1E-30	1.0E-10	1.0E+10	1E-30	1.0E-10	1.0E+10	1E-30	1.0E-10
119	6.58893812463357E-06	1.0E+10	5000000	1E-30	2.27652693702823E-10	1.0E+10	1E-30	1.0E+10	3.44343436009395E-03	3.33419039290725E-04	1.0E+10	9.63806810890255	3.95903417253076E-04	1.0E+10	1.66164865564402	2.70049037594775E-04	1.0E+10	0.349762712446372	2.50968537924262E-04	1.0E+10	3.86314479670009E-02	1.94372705582921E-04	1.0E+10	5.68311929787846E-03	1E-30	5.93770002543022E-12	0.144715250327079	1E-30	1.64421380476374E-11	0.102511109872551	1E-30	4.8568268108599E-11	3.70737926990945E-02	1E-30	3.07892712618346E-10	1.65754336776523E-02	4.01787528538934E-05	3.36508390230561E-11	2.24801283153862E-03	1.80802058027625E-05	4.58724244014102E-11	3.3095648567375E-03	2.30709564324591E-11	1.60938363376278E-11	4.29991673950302	1.0E+10	1E-30	1.0E-10	1.0E+10	1E-30	1.0E-10	1.0E+10	1E-30	1.0E-10
120	7.07882406529703E-06	1.0E+10	5000000	1E-30	1.31577383537182E-10	1.0E+10	1E-30	1.0E+10	3.18831746412325E-03	2.78680954511602E-04	1.0E+10	11.5069242277297	3.22085581226286E-04	1.0E+10	1.39519575148758	2.92995089711378E-04	1.0E+10	0.186624582588332	2.46766331549602E-04	1.0E+10	2.61266697206144E-02	1.88955807766927E-04	1.0E+10	4.22711844750704E-03	1E-30	1.86472923747636E-11	0.074828599360652	1E-30	4.77205121668212E-11	2.89624162332977E-02	1E-30	3.02178767543998E-10	1.55442212409338E-02	5.53402034985311E-05	2.41376071955405E-11	2.54533377016646E-03	1.44256989161979E-05	4.92370929975366E-11	3.71939416541909E-03	5.06420578694578E-12	4.79213171412501E-11	100000	7.26092824987053E-12	3.28002185515642E-11	2.55759119495488	1.0E+10	1E-30	1.0E-10	1.0E+10	1E-30	1.0E-10	1.0E+10	1E-30	1.0E-10
121	6.07146079318783E-06	1.0E+10	5000000	1E-30	0.00000000014	1.0E+10	1E-30	1.0E+10	3.11234045455045E-03	1.23488792495644E-04	1.0E+10	44.1234506735284	2.08963981868292E-04	1.0E+10	6.67922023032227	2.60337904063847E-04	1.0E+10	0.960150638901818	6.50806029708241E-04	1.0E+10	4.67969246207943E-02	5.91389834475185E-04	1.0E+10	6.09323932849829E-03	9.33314117949505E-04	1.0E+10	9.05095188768314E-04	1E-30	2.82830932011824E-11	0.128702356558664	1E-30	3.84498465854718E-11	2.25462583780116E-02	1E-30	2.65105412233426E-10	1.67487036179807E-02	1.72474804804156E-05	6.50770160371085E-11	0.003358338476454	2.03995990055422E-05	2.97923978757659E-11	2.73829550957967E-03	3.53677651315323E-12	7.61183169214082E-11	25	1.0E+10	1E-30	1.0E-10	1.0E+10	1E-30	1.0E-10	1.0E+10	1E-30	1.0E-10
122	6.07146079318783E-06	1.0E+10	5000000	1E-30	0.00000000014	1.0E+10	1E-30	1.0E+10	3.11234045455045E-03	1.23488792495644E-04	1.0E+10	44.1234506735284	2.08963981868292E-04	1.0E+10	6.67922023032227	2.60337904063847E-04	1.0E+10	0.960150638901818	6.50806029708241E-04	1.0E+10	4.67969246207943E-02	5.91389834475185E-04	1.0E+10	6.09323932849829E-03	9.33314117949505E-04	1.0E+10	9.05095188768314E-04	1E-30	2.82830932011824E-11	0.128702356558664	1E-30	3.84498465854718E-11	2.25462583780116E-02	1E-30	2.65105412233426E-10	1.67487036179807E-02	1.72474804804156E-05	6.50770160371085E-11	0.003358338476454	2.03995990055422E-05	2.97923978757659E-11	2.73829550957967E-03	3.53677651315323E-12	7.61183169214082E-11	25	1.0E+10	1E-30	1.0E-10	1.0E+10	1E-30	1.0E-10	1.0E+10	1E-30	1.0E-10
123	6.07146079318783E-06	1.0E+10	5000000	1E-30	0.00000000014	1.0E+10	1E-30	1.0E+10	3.11234045455045E-03	1.23488792495644E-04	1.0E+10	44.1234506735284	2.08963981868292E-04	1.0E+10	6.67922023032227	2.60337904063847E-04	1.0E+10	0.960150638901818	6.50806029708241E-04	1.0E+10	4.67969246207943E-02	5.91389834475185E-04	1.0E+10	6.09323932849829E-03	9.33314117949505E-04	1.0E+10	9.05095188768314E-04	1E-30	2.82830932011824E-11	0.128702356558664	1E-30	3.84498465854718E-11	2.25462583780116E-02	1E-30	2.65105412233426E-10	1.67487036179807E-02	1.72474804804156E-05	6.50770160371085E-11	0.003358338476454	2.03995990055422E-05	2.97923978757659E-11	2.73829550957967E-03	3.53677651315323E-12	7.61183169214082E-11	25	1.0E+10	1E-30	1.0E-10	1.0E+10	1E-30	1.0E-10	1.0E+10	1E-30	1.0E-10
END DSCRDATA
