BEGIN DSCRDATA
% INDEX	K01	L01	M01	K02	L02	M02	K03	L03	M03	K04	L04	M04	K05	L05	M05	K06	L06	M06	K07	L07	M07	K08	L08	M08	K09	L09	M09	K10	L10	M10	K11	L11	M11	K12	L12	M12	K13	L13	M13	K14	L14	M14	K15	L15	M15	K16	L16	M16	K17	L17	M17	K18	L18	M18
0	9.80054262876459E-07	1.0E+10	500000000	1E-30	1.4503401051674E-11	1.0E+10	1E-30	1.0E+10	1.14539339766323E-02	1.24662191254433E-04	1.0E+10	1.20744898134607E-02	1E-30	4.34521769244864E-12	0.116241966557266	1E-30	3.18345398346325E-11	7.30073877541573E-02	1E-30	4.42584546558261E-10	0.063682819348778	1E-30	3.08570350062323E-10	5.5147969841116E-03	2.66506132178527E-06	1.02587322864483E-10	2.15309559909737E-02	1.50989346829039E-06	6.88959252886148E-11	2.16020603066994E-02	6.21019186707907E-13	1.42863553792192E-09	2084.25898012486	1.0E+10	1E-30	1.0E-10	1.0E+10	1E-30	1.0E-10	1.0E+10	1E-30	1.0E-10	1.0E+10	1E-30	1.0E-10	1.0E+10	1E-30	1.0E-10	1.0E+10	1E-30	1.0E-10	1.0E+10	1E-30	1.0E-10
1	2.10544011202681E-06	1.0E+10	227272727.272	1E-30	2.26420280612727E-11	1.0E+10	1E-30	1.0E+10	5.41837110318443E-03	2.57279207313143E-04	1.0E+10	0.134665019599264	2.13679519703465E-04	1.0E+10	1.36910741004627E-02	4.99371263635613E-05	1.0E+10	2.86017189199487E-03	1E-30	5.2881519730664E-11	8.34650059657093E-02	1E-30	4.54595431501074E-10	5.17399873969444E-02	1E-30	7.72072608401571E-10	8.76245865076808E-03	3.5550433383527E-04	0.001202153685468	0.693144957234383	5.95355334320612E-06	1.02191529957475E-10	1.11764938745447E-02	2.13325274976719E-06	1.19537960266222E-10	1.47877851440305E-02	6.71159410884889E-13	1.42263711515501E-09	785.61343686323	1.0E+10	1E-30	1.0E-10	1.0E+10	1E-30	1.0E-10	1.0E+10	1E-30	1.0E-10	1.0E+10	1E-30	1.0E-10	1.0E+10	1E-30	1.0E-10
2	2.15740553168481E-06	1.0E+10	227272727.272	1E-30	3.58650315655047E-11	1.0E+10	1E-30	1.0E+10	7.00795527802389E-03	3.81096682123327E-04	1.0E+10	0.627130213286541	3.10347487536024E-04	1.0E+10	9.46639683410891E-02	2.5887348354934E-04	1.0E+10	0.015808811407804	1E-30	2.98159587696259E-12	7.23971834138933E-02	1E-30	2.59183812650783E-10	3.86653249707855E-02	1E-30	2.24820931506686E-10	6.53363579126556E-03	8.62775116624193E-06	6.0976377636753E-11	8.00862780591429E-03	2.10995888218405E-06	1.01265406889672E-10	1.45126856624362E-02	9.31581735792587E-12	1.57796208023568E-10	18.6527158327155	5.14082182292491E-13	1.25571279306922E-09	303.69073238037	1.0E+10	1E-30	1.0E-10	1.0E+10	1E-30	1.0E-10	1.0E+10	1E-30	1.0E-10	1.0E+10	1E-30	1.0E-10	1.0E+10	1E-30	1.0E-10
3	4.25704831805002E-06	1.0E+10	106382978.723	1E-30	2.25760852584794E-11	1.0E+10	1E-30	1.0E+10	6.02374230594845E-03	8.90098695388304E-04	1.0E+10	0.638261878390374	8.54758834492946E-04	1.0E+10	9.73816850579975E-02	6.47100899978265E-04	1.0E+10	0.017432747845228	1E-30	9.13913460845977E-11	7.75284466638021E-02	1E-30	5.10741897677729E-10	3.04571148626452E-02	1E-30	4.55959597697996E-10	5.65406266475675E-03	1.45267001503192E-05	9.1973963836731E-11	8.27598509221125E-03	1.13939785541667E-05	5.68388601966221E-11	8.14853231915002E-03	9.44174222767361E-13	1.17723077660334E-09	540.390823226349	2.92982587911063E-12	2.01673291749119E-10	46.7458973647037	1.0E+10	1E-30	1.0E-10	1.0E+10	1E-30	1.0E-10	1.0E+10	1E-30	1.0E-10	1.0E+10	1E-30	1.0E-10	1.0E+10	1E-30	1.0E-10
4	6.81899234626774E-06	1.0E+10	5000000	1E-30	3.05490371498689E-11	1.0E+10	1E-30	1.0E+10	7.86739890825637E-03	2.08639491076412E-04	1.0E+10	5.38498786171796	2.19546441789565E-04	1.0E+10	0.490998341896741	2.49819537043704E-04	1.0E+10	6.44086327908732E-02	1.60555336929613E-04	1.0E+10	1.92707895215115E-02	1E-30	8.38789375167232E-12	0.160050828925761	1E-30	1.34604058626624E-10	7.93713166102887E-02	1E-30	5.12329471773105E-10	1.89309849230405E-02	1E-30	7.31302320569067E-11	1.25051324622249E-03	7.12274306984067E-13	1.2037034049755E-09	418.38508985585	1.0E+10	1E-30	1.0E-10	1.0E+10	1E-30	1.0E-10	1.0E+10	1E-30	1.0E-10	1.0E+10	1E-30	1.0E-10	1.0E+10	1E-30	1.0E-10	1.0E+10	1E-30	1.0E-10
5	6.9392964758773E-06	1.0E+10	5000000	1E-30	9.27832663921488E-11	1.0E+10	1E-30	1.0E+10	9.19872426573114E-03	3.65205560607706E-05	1.0E+10	3.59617902114955E-02	1E-30	1.41170050875878E-12	0.129953854810211	1E-30	6.61502251102015E-11	5.22029138840687E-02	1E-30	1.07255250447085E-10	2.10338423951974E-02	1E-30	5.25057201619255E-10	2.10025231620297E-02	1E-30	3.32198539230912E-10	5.45488334790367E-03	5.49679525094866E-13	1.41335761840266E-09	388.449052301604	1.0E+10	1E-30	1.0E-10	1.0E+10	1E-30	1.0E-10	1.0E+10	1E-30	1.0E-10	1.0E+10	1E-30	1.0E-10	1.0E+10	1E-30	1.0E-10	1.0E+10	1E-30	1.0E-10	1.0E+10	1E-30	1.0E-10	1.0E+10	1E-30	1.0E-10
6	6.9392964758773E-06	1.0E+10	5000000	1E-30	9.27832663921488E-11	1.0E+10	1E-30	1.0E+10	9.19872426573114E-03	3.65205560607706E-05	1.0E+10	3.59617902114955E-02	1E-30	1.41170050875878E-12	0.129953854810211	1E-30	6.61502251102015E-11	5.22029138840687E-02	1E-30	1.07255250447085E-10	2.10338423951974E-02	1E-30	5.25057201619255E-10	2.10025231620297E-02	1E-30	3.32198539230912E-10	5.45488334790367E-03	5.49679525094866E-13	1.41335761840266E-09	388.449052301604	1.0E+10	1E-30	1.0E-10	1.0E+10	1E-30	1.0E-10	1.0E+10	1E-30	1.0E-10	1.0E+10	1E-30	1.0E-10	1.0E+10	1E-30	1.0E-10	1.0E+10	1E-30	1.0E-10	1.0E+10	1E-30	1.0E-10	1.0E+10	1E-30	1.0E-10
END DSCRDATA
