BEGIN DSCRDATA
% INDEX	K01	L01	M01	K02	L02	M02	K03	L03	M03	K04	L04	M04	K05	L05	M05	K06	L06	M06	K07	L07	M07	K08	L08	M08	K09	L09	M09	K10	L10	M10	K11	L11	M11	K12	L12	M12	K13	L13	M13	K14	L14	M14	K15	L15	M15	K16	L16	M16
0	3.21E-15	1E-30	1.0E-10	1.0E+10	0.000000000757	0.0118	1.0E+10	1E-30	6820	1.0E+10	0.00000281	15300	1.0E+10	0.0000000156	20.9	1.0E+10	0.000000000469	0.0109	5.17E-15	0.0000000226	77.3	1E-30	1.0E+10	1.0E+10	1E-30	1.0E+10	1.0E+10	1E-30	1.0E+10	1.0E+10	1E-30	1.0E+10	1.0E+10	1E-30	1.0E+10	1.0E+10	1E-30	1.0E+10	1.0E+10	1E-30	1.0E+10	1.0E+10	1E-30	1.0E+10	1.0E+10	1E-30	1.0E+10	1.0E+10
1	3.21E-15	1E-30	1.0E-10	1.0E+10	0.000000000757	0.0118	1.0E+10	1E-30	6820	1.0E+10	0.00000281	15300	1.0E+10	0.0000000156	20.9	1.0E+10	0.000000000469	0.0109	5.17E-15	0.0000000226	77.3	1E-30	1.0E+10	1.0E+10	1E-30	1.0E+10	1.0E+10	1E-30	1.0E+10	1.0E+10	1E-30	1.0E+10	1.0E+10	1E-30	1.0E+10	1.0E+10	1E-30	1.0E+10	1.0E+10	1E-30	1.0E+10	1.0E+10	1E-30	1.0E+10	1.0E+10	1E-30	1.0E+10	1.0E+10
2	3.21E-15	1E-30	1.0E-10	1.0E+10	0.000000000757	0.0118	1.0E+10	1E-30	6820	1.0E+10	0.00000281	15300	1.0E+10	0.0000000156	20.9	1.0E+10	0.000000000469	0.0109	5.17E-15	0.0000000226	77.3	1E-30	1.0E+10	1.0E+10	1E-30	1.0E+10	1.0E+10	1E-30	1.0E+10	1.0E+10	1E-30	1.0E+10	1.0E+10	1E-30	1.0E+10	1.0E+10	1E-30	1.0E+10	1.0E+10	1E-30	1.0E+10	1.0E+10	1E-30	1.0E+10	1.0E+10	1E-30	1.0E+10	1.0E+10
3	2.61E-14	1E-30	1.0E-10	1.0E+10	0.000000000792	0.0135	1.0E+10	1E-30	11600	1.0E+10	0.00000162	9020	1.0E+10	0.000000101	209	1.0E+10	0.000000000633	0.0148	3.26E-15	0.0000000359	123	1E-30	1.0E+10	1.0E+10	1E-30	1.0E+10	1.0E+10	1E-30	1.0E+10	1.0E+10	1E-30	1.0E+10	1.0E+10	1E-30	1.0E+10	1.0E+10	1E-30	1.0E+10	1.0E+10	1E-30	1.0E+10	1.0E+10	1E-30	1.0E+10	1.0E+10	1E-30	1.0E+10	1.0E+10
4	2.61E-14	1E-30	1.0E-10	1.0E+10	0.000000000792	0.0135	1.0E+10	1E-30	11600	1.0E+10	0.00000162	9020	1.0E+10	0.000000101	209	1.0E+10	0.000000000633	0.0148	3.26E-15	0.0000000359	123	1E-30	1.0E+10	1.0E+10	1E-30	1.0E+10	1.0E+10	1E-30	1.0E+10	1.0E+10	1E-30	1.0E+10	1.0E+10	1E-30	1.0E+10	1.0E+10	1E-30	1.0E+10	1.0E+10	1E-30	1.0E+10	1.0E+10	1E-30	1.0E+10	1.0E+10	1E-30	1.0E+10	1.0E+10
5	2.61E-14	1E-30	1.0E-10	1.0E+10	0.000000000792	0.0135	1.0E+10	1E-30	11600	1.0E+10	0.00000162	9020	1.0E+10	0.000000101	209	1.0E+10	0.000000000633	0.0148	3.26E-15	0.0000000359	123	1E-30	1.0E+10	1.0E+10	1E-30	1.0E+10	1.0E+10	1E-30	1.0E+10	1.0E+10	1E-30	1.0E+10	1.0E+10	1E-30	1.0E+10	1.0E+10	1E-30	1.0E+10	1.0E+10	1E-30	1.0E+10	1.0E+10	1E-30	1.0E+10	1.0E+10	1E-30	1.0E+10	1.0E+10
6	2.61E-14	1E-30	1.0E-10	1.0E+10	0.000000000536	0.0214	1.0E+10	1E-30	4830	1.0E+10	0.000000218	1140	1.0E+10	0.0000000506	105	1.0E+10	0.0000000031	0.0371	3.26E-15	0.0000000359	123	1E-30	1.0E+10	1.0E+10	1E-30	1.0E+10	1.0E+10	1E-30	1.0E+10	1.0E+10	1E-30	1.0E+10	1.0E+10	1E-30	1.0E+10	1.0E+10	1E-30	1.0E+10	1.0E+10	1E-30	1.0E+10	1.0E+10	1E-30	1.0E+10	1.0E+10	1E-30	1.0E+10	1.0E+10
7	2.61E-14	1E-30	1.0E-10	1.0E+10	0.000000000536	0.0214	1.0E+10	1E-30	4830	1.0E+10	0.000000218	1140	1.0E+10	0.0000000506	105	1.0E+10	0.0000000031	0.0371	3.26E-15	0.0000000359	123	1E-30	1.0E+10	1.0E+10	1E-30	1.0E+10	1.0E+10	1E-30	1.0E+10	1.0E+10	1E-30	1.0E+10	1.0E+10	1E-30	1.0E+10	1.0E+10	1E-30	1.0E+10	1.0E+10	1E-30	1.0E+10	1.0E+10	1E-30	1.0E+10	1.0E+10	1E-30	1.0E+10	1.0E+10
8	2.61E-14	1E-30	1.0E-10	1.0E+10	0.000000000536	0.0214	1.0E+10	1E-30	4830	1.0E+10	0.000000218	1140	1.0E+10	0.0000000506	105	1.0E+10	0.0000000031	0.0371	3.26E-15	0.0000000359	123	1E-30	1.0E+10	1.0E+10	1E-30	1.0E+10	1.0E+10	1E-30	1.0E+10	1.0E+10	1E-30	1.0E+10	1.0E+10	1E-30	1.0E+10	1.0E+10	1E-30	1.0E+10	1.0E+10	1E-30	1.0E+10	1.0E+10	1E-30	1.0E+10	1.0E+10	1E-30	1.0E+10	1.0E+10
9	2.61E-14	1E-30	1.0E-10	1.0E+10	0.000000000561	0.0269	1.0E+10	1E-30	4020	1.0E+10	0.0000000614	320	1.0E+10	0.0000000266	31	1.0E+10	0.0000000381	1.82	2.1E-15	0.0000000531	185	1E-30	1.0E+10	1.0E+10	1E-30	1.0E+10	1.0E+10	1E-30	1.0E+10	1.0E+10	1E-30	1.0E+10	1.0E+10	1E-30	1.0E+10	1.0E+10	1E-30	1.0E+10	1.0E+10	1E-30	1.0E+10	1.0E+10	1E-30	1.0E+10	1.0E+10	1E-30	1.0E+10	1.0E+10
10	2.61E-14	1E-30	1.0E-10	1.0E+10	0.000000000561	0.0269	1.0E+10	1E-30	4020	1.0E+10	0.0000000614	320	1.0E+10	0.0000000266	31	1.0E+10	0.0000000381	1.82	2.1E-15	0.0000000531	185	1E-30	1.0E+10	1.0E+10	1E-30	1.0E+10	1.0E+10	1E-30	1.0E+10	1.0E+10	1E-30	1.0E+10	1.0E+10	1E-30	1.0E+10	1.0E+10	1E-30	1.0E+10	1.0E+10	1E-30	1.0E+10	1.0E+10	1E-30	1.0E+10	1.0E+10	1E-30	1.0E+10	1.0E+10
11	2.61E-14	1E-30	1.0E-10	1.0E+10	0.000000000561	0.0269	1.0E+10	1E-30	4020	1.0E+10	0.0000000614	320	1.0E+10	0.0000000266	31	1.0E+10	0.0000000381	1.82	2.1E-15	0.0000000531	185	1E-30	1.0E+10	1.0E+10	1E-30	1.0E+10	1.0E+10	1E-30	1.0E+10	1.0E+10	1E-30	1.0E+10	1.0E+10	1E-30	1.0E+10	1.0E+10	1E-30	1.0E+10	1.0E+10	1E-30	1.0E+10	1.0E+10	1E-30	1.0E+10	1.0E+10	1E-30	1.0E+10	1.0E+10
12	2.49E-14	1E-30	1.0E-10	1.0E+10	0.000000000674	0.0209	1.0E+10	1E-30	4610	1.0E+10	0.000000081	422	1.0E+10	0.0000000272	33.2	1.0E+10	0.000000135	3.01	2.1E-15	0.0000000531	185	1E-30	1.0E+10	1.0E+10	1E-30	1.0E+10	1.0E+10	1E-30	1.0E+10	1.0E+10	1E-30	1.0E+10	1.0E+10	1E-30	1.0E+10	1.0E+10	1E-30	1.0E+10	1.0E+10	1E-30	1.0E+10	1.0E+10	1E-30	1.0E+10	1.0E+10	1E-30	1.0E+10	1.0E+10
13	2.49E-14	1E-30	1.0E-10	1.0E+10	0.000000000674	0.0209	1.0E+10	1E-30	4610	1.0E+10	0.000000081	422	1.0E+10	0.0000000272	33.2	1.0E+10	0.000000135	3.01	2.1E-15	0.0000000531	185	1E-30	1.0E+10	1.0E+10	1E-30	1.0E+10	1.0E+10	1E-30	1.0E+10	1.0E+10	1E-30	1.0E+10	1.0E+10	1E-30	1.0E+10	1.0E+10	1E-30	1.0E+10	1.0E+10	1E-30	1.0E+10	1.0E+10	1E-30	1.0E+10	1.0E+10	1E-30	1.0E+10	1.0E+10
14	2.49E-14	1E-30	1.0E-10	1.0E+10	0.000000000674	0.0209	1.0E+10	1E-30	4610	1.0E+10	0.000000081	422	1.0E+10	0.0000000272	33.2	1.0E+10	0.000000135	3.01	2.1E-15	0.0000000531	185	1E-30	1.0E+10	1.0E+10	1E-30	1.0E+10	1.0E+10	1E-30	1.0E+10	1.0E+10	1E-30	1.0E+10	1.0E+10	1E-30	1.0E+10	1.0E+10	1E-30	1.0E+10	1.0E+10	1E-30	1.0E+10	1.0E+10	1E-30	1.0E+10	1.0E+10	1E-30	1.0E+10	1.0E+10
15	2.61E-14	1E-30	1.0E-10	1.0E+10	0.000000000975	0.0229	1.0E+10	1E-30	4720	1.0E+10	0.000000081	462	1.0E+10	0.0000000188	22.4	1.0E+10	0.00000000418	0.456	1.6E-15	0.0000000767	104	1E-30	1.0E+10	1.0E+10	1E-30	1.0E+10	1.0E+10	1E-30	1.0E+10	1.0E+10	1E-30	1.0E+10	1.0E+10	1E-30	1.0E+10	1.0E+10	1E-30	1.0E+10	1.0E+10	1E-30	1.0E+10	1.0E+10	1E-30	1.0E+10	1.0E+10	1E-30	1.0E+10	1.0E+10
16	2.61E-14	1E-30	1.0E-10	1.0E+10	0.000000000975	0.0229	1.0E+10	1E-30	4720	1.0E+10	0.000000081	462	1.0E+10	0.0000000188	22.4	1.0E+10	0.00000000418	0.456	1.6E-15	0.0000000767	104	1E-30	1.0E+10	1.0E+10	1E-30	1.0E+10	1.0E+10	1E-30	1.0E+10	1.0E+10	1E-30	1.0E+10	1.0E+10	1E-30	1.0E+10	1.0E+10	1E-30	1.0E+10	1.0E+10	1E-30	1.0E+10	1.0E+10	1E-30	1.0E+10	1.0E+10	1E-30	1.0E+10	1.0E+10
17	2.61E-14	1E-30	1.0E-10	1.0E+10	0.000000000975	0.0229	1.0E+10	1E-30	4720	1.0E+10	0.000000081	462	1.0E+10	0.0000000188	22.4	1.0E+10	0.00000000418	0.456	1.6E-15	0.0000000767	104	1E-30	1.0E+10	1.0E+10	1E-30	1.0E+10	1.0E+10	1E-30	1.0E+10	1.0E+10	1E-30	1.0E+10	1.0E+10	1E-30	1.0E+10	1.0E+10	1E-30	1.0E+10	1.0E+10	1E-30	1.0E+10	1.0E+10	1E-30	1.0E+10	1.0E+10	1E-30	1.0E+10	1.0E+10
18	2.61E-14	1E-30	1.0E-10	1.0E+10	0.00000000091	0.0363	1.0E+10	1E-30	4720	1.0E+10	0.00000006	216	1.0E+10	0.0000000319	38.1	1.0E+10	0.0000000893	7.75	2.71E-15	0.0000000473	158	1E-30	1.0E+10	1.0E+10	1E-30	1.0E+10	1.0E+10	1E-30	1.0E+10	1.0E+10	1E-30	1.0E+10	1.0E+10	1E-30	1.0E+10	1.0E+10	1E-30	1.0E+10	1.0E+10	1E-30	1.0E+10	1.0E+10	1E-30	1.0E+10	1.0E+10	1E-30	1.0E+10	1.0E+10
19	2.61E-14	1E-30	1.0E-10	1.0E+10	0.00000000091	0.0363	1.0E+10	1E-30	4720	1.0E+10	0.00000006	216	1.0E+10	0.0000000319	38.1	1.0E+10	0.0000000893	7.75	2.71E-15	0.0000000473	158	1E-30	1.0E+10	1.0E+10	1E-30	1.0E+10	1.0E+10	1E-30	1.0E+10	1.0E+10	1E-30	1.0E+10	1.0E+10	1E-30	1.0E+10	1.0E+10	1E-30	1.0E+10	1.0E+10	1E-30	1.0E+10	1.0E+10	1E-30	1.0E+10	1.0E+10	1E-30	1.0E+10	1.0E+10
20	2.61E-14	1E-30	1.0E-10	1.0E+10	0.00000000091	0.0363	1.0E+10	1E-30	4720	1.0E+10	0.00000006	216	1.0E+10	0.0000000319	38.1	1.0E+10	0.0000000893	7.75	2.71E-15	0.0000000473	158	1E-30	1.0E+10	1.0E+10	1E-30	1.0E+10	1.0E+10	1E-30	1.0E+10	1.0E+10	1E-30	1.0E+10	1.0E+10	1E-30	1.0E+10	1.0E+10	1E-30	1.0E+10	1.0E+10	1E-30	1.0E+10	1.0E+10	1E-30	1.0E+10	1.0E+10	1E-30	1.0E+10	1.0E+10
21	6.25E-14	1E-30	1.0E-10	1.0E+10	0.00000000104	0.0339	1.0E+10	1E-30	8590	1.0E+10	0.0000000689	422	1.0E+10	0.0000000254	28.2	1.0E+10	0.000000023	2.23	1E-30	1.0E+10	1.0E+10	1E-30	1.0E+10	1.0E+10	1E-30	1.0E+10	1.0E+10	1E-30	1.0E+10	1.0E+10	1E-30	1.0E+10	1.0E+10	1E-30	1.0E+10	1.0E+10	1E-30	1.0E+10	1.0E+10	1E-30	1.0E+10	1.0E+10	1E-30	1.0E+10	1.0E+10	1E-30	1.0E+10	1.0E+10
22	6.25E-14	1E-30	1.0E-10	1.0E+10	0.00000000104	0.0339	1.0E+10	1E-30	8590	1.0E+10	0.0000000689	422	1.0E+10	0.0000000254	28.2	1.0E+10	0.000000023	2.23	1E-30	1.0E+10	1.0E+10	1E-30	1.0E+10	1.0E+10	1E-30	1.0E+10	1.0E+10	1E-30	1.0E+10	1.0E+10	1E-30	1.0E+10	1.0E+10	1E-30	1.0E+10	1.0E+10	1E-30	1.0E+10	1.0E+10	1E-30	1.0E+10	1.0E+10	1E-30	1.0E+10	1.0E+10	1E-30	1.0E+10	1.0E+10
23	6.25E-14	1E-30	1.0E-10	1.0E+10	0.00000000104	0.0339	1.0E+10	1E-30	8590	1.0E+10	0.0000000689	422	1.0E+10	0.0000000254	28.2	1.0E+10	0.000000023	2.23	1E-30	1.0E+10	1.0E+10	1E-30	1.0E+10	1.0E+10	1E-30	1.0E+10	1.0E+10	1E-30	1.0E+10	1.0E+10	1E-30	1.0E+10	1.0E+10	1E-30	1.0E+10	1.0E+10	1E-30	1.0E+10	1.0E+10	1E-30	1.0E+10	1.0E+10	1E-30	1.0E+10	1.0E+10	1E-30	1.0E+10	1.0E+10
24	0.000000000000052	1E-30	1.0E-10	1.0E+10	0.00000000115	0.0355	1.0E+10	1E-30	8590	1.0E+10	0.0000000791	556	1.0E+10	0.0000000272	30.3	1.0E+10	0.000000023	5.61	1E-30	1.0E+10	1.0E+10	1E-30	1.0E+10	1.0E+10	1E-30	1.0E+10	1.0E+10	1E-30	1.0E+10	1.0E+10	1E-30	1.0E+10	1.0E+10	1E-30	1.0E+10	1.0E+10	1E-30	1.0E+10	1.0E+10	1E-30	1.0E+10	1.0E+10	1E-30	1.0E+10	1.0E+10	1E-30	1.0E+10	1.0E+10
25	0.000000000000052	1E-30	1.0E-10	1.0E+10	0.00000000115	0.0355	1.0E+10	1E-30	8590	1.0E+10	0.0000000791	556	1.0E+10	0.0000000272	30.3	1.0E+10	0.000000023	5.61	1E-30	1.0E+10	1.0E+10	1E-30	1.0E+10	1.0E+10	1E-30	1.0E+10	1.0E+10	1E-30	1.0E+10	1.0E+10	1E-30	1.0E+10	1.0E+10	1E-30	1.0E+10	1.0E+10	1E-30	1.0E+10	1.0E+10	1E-30	1.0E+10	1.0E+10	1E-30	1.0E+10	1.0E+10	1E-30	1.0E+10	1.0E+10
26	0.000000000000052	1E-30	1.0E-10	1.0E+10	0.00000000115	0.0355	1.0E+10	1E-30	8590	1.0E+10	0.0000000791	556	1.0E+10	0.0000000272	30.3	1.0E+10	0.000000023	5.61	1E-30	1.0E+10	1.0E+10	1E-30	1.0E+10	1.0E+10	1E-30	1.0E+10	1.0E+10	1E-30	1.0E+10	1.0E+10	1E-30	1.0E+10	1.0E+10	1E-30	1.0E+10	1.0E+10	1E-30	1.0E+10	1.0E+10	1E-30	1.0E+10	1.0E+10	1E-30	1.0E+10	1.0E+10	1E-30	1.0E+10	1.0E+10
27	5.57E-14	1E-30	1.0E-10	1.0E+10	0.0000000012	0.0309	1.0E+10	1E-30	5800	1.0E+10	0.0000000689	367	1.0E+10	0.0000000462	40.8	1.0E+10	0.0000000246	10.5	1E-30	1.0E+10	1.0E+10	1E-30	1.0E+10	1.0E+10	1E-30	1.0E+10	1.0E+10	1E-30	1.0E+10	1.0E+10	1E-30	1.0E+10	1.0E+10	1E-30	1.0E+10	1.0E+10	1E-30	1.0E+10	1.0E+10	1E-30	1.0E+10	1.0E+10	1E-30	1.0E+10	1.0E+10	1E-30	1.0E+10	1.0E+10
28	5.57E-14	1E-30	1.0E-10	1.0E+10	0.0000000012	0.0309	1.0E+10	1E-30	5800	1.0E+10	0.0000000689	367	1.0E+10	0.0000000462	40.8	1.0E+10	0.0000000246	10.5	1E-30	1.0E+10	1.0E+10	1E-30	1.0E+10	1.0E+10	1E-30	1.0E+10	1.0E+10	1E-30	1.0E+10	1.0E+10	1E-30	1.0E+10	1.0E+10	1E-30	1.0E+10	1.0E+10	1E-30	1.0E+10	1.0E+10	1E-30	1.0E+10	1.0E+10	1E-30	1.0E+10	1.0E+10	1E-30	1.0E+10	1.0E+10
29	5.57E-14	1E-30	1.0E-10	1.0E+10	0.0000000012	0.0309	1.0E+10	1E-30	5800	1.0E+10	0.0000000689	367	1.0E+10	0.0000000462	40.8	1.0E+10	0.0000000246	10.5	1E-30	1.0E+10	1.0E+10	1E-30	1.0E+10	1.0E+10	1E-30	1.0E+10	1.0E+10	1E-30	1.0E+10	1.0E+10	1E-30	1.0E+10	1.0E+10	1E-30	1.0E+10	1.0E+10	1E-30	1.0E+10	1.0E+10	1E-30	1.0E+10	1.0E+10	1E-30	1.0E+10	1.0E+10	1E-30	1.0E+10	1.0E+10
30	4.85E-14	1E-30	1.0E-10	1.0E+10	0.00000000135	0.038	1.0E+10	1E-30	5800	1.0E+10	0.000000081	432	1.0E+10	0.0000000506	44.8	1.0E+10	0.0000000246	10.5	1E-30	1.0E+10	1.0E+10	1E-30	1.0E+10	1.0E+10	1E-30	1.0E+10	1.0E+10	1E-30	1.0E+10	1.0E+10	1E-30	1.0E+10	1.0E+10	1E-30	1.0E+10	1.0E+10	1E-30	1.0E+10	1.0E+10	1E-30	1.0E+10	1.0E+10	1E-30	1.0E+10	1.0E+10	1E-30	1.0E+10	1.0E+10
31	4.85E-14	1E-30	1.0E-10	1.0E+10	0.00000000135	0.038	1.0E+10	1E-30	5800	1.0E+10	0.000000081	432	1.0E+10	0.0000000506	44.8	1.0E+10	0.0000000246	10.5	1E-30	1.0E+10	1.0E+10	1E-30	1.0E+10	1.0E+10	1E-30	1.0E+10	1.0E+10	1E-30	1.0E+10	1.0E+10	1E-30	1.0E+10	1.0E+10	1E-30	1.0E+10	1.0E+10	1E-30	1.0E+10	1.0E+10	1E-30	1.0E+10	1.0E+10	1E-30	1.0E+10	1.0E+10	1E-30	1.0E+10	1.0E+10
32	5.97E-14	1E-30	1.0E-10	1.0E+10	0.00000000145	0.0355	1.0E+10	1E-30	4830	1.0E+10	0.0000000456	153	1.0E+10	0.0000000494	43.7	1.0E+10	0.0000000205	4.46	1E-30	1.0E+10	1.0E+10	1E-30	1.0E+10	1.0E+10	1E-30	1.0E+10	1.0E+10	1E-30	1.0E+10	1.0E+10	1E-30	1.0E+10	1.0E+10	1E-30	1.0E+10	1.0E+10	1E-30	1.0E+10	1.0E+10	1E-30	1.0E+10	1.0E+10	1E-30	1.0E+10	1.0E+10	1E-30	1.0E+10	1.0E+10
33	5.97E-14	1E-30	1.0E-10	1.0E+10	0.00000000145	0.0355	1.0E+10	1E-30	4830	1.0E+10	0.0000000456	153	1.0E+10	0.0000000494	43.7	1.0E+10	0.0000000205	4.46	1E-30	1.0E+10	1.0E+10	1E-30	1.0E+10	1.0E+10	1E-30	1.0E+10	1.0E+10	1E-30	1.0E+10	1.0E+10	1E-30	1.0E+10	1.0E+10	1E-30	1.0E+10	1.0E+10	1E-30	1.0E+10	1.0E+10	1E-30	1.0E+10	1.0E+10	1E-30	1.0E+10	1.0E+10	1E-30	1.0E+10	1.0E+10
34	5.97E-14	1E-30	1.0E-10	1.0E+10	0.00000000159	0.0302	1.0E+10	1E-30	5060	1.0E+10	0.0000000523	176	1.0E+10	0.0000000879	77.6	1.0E+10	0.000000017	5	1E-30	1.0E+10	1.0E+10	1E-30	1.0E+10	1.0E+10	1E-30	1.0E+10	1.0E+10	1E-30	1.0E+10	1.0E+10	1E-30	1.0E+10	1.0E+10	1E-30	1.0E+10	1.0E+10	1E-30	1.0E+10	1.0E+10	1E-30	1.0E+10	1.0E+10	1E-30	1.0E+10	1.0E+10	1E-30	1.0E+10	1.0E+10
35	5.97E-14	1E-30	1.0E-10	1.0E+10	0.00000000159	0.0302	1.0E+10	1E-30	5060	1.0E+10	0.0000000523	176	1.0E+10	0.0000000879	77.6	1.0E+10	0.000000017	5	1E-30	1.0E+10	1.0E+10	1E-30	1.0E+10	1.0E+10	1E-30	1.0E+10	1.0E+10	1E-30	1.0E+10	1.0E+10	1E-30	1.0E+10	1.0E+10	1E-30	1.0E+10	1.0E+10	1E-30	1.0E+10	1.0E+10	1E-30	1.0E+10	1.0E+10	1E-30	1.0E+10	1.0E+10	1E-30	1.0E+10	1.0E+10
36	5.97E-14	1E-30	1.0E-10	1.0E+10	0.00000000174	0.0302	1.0E+10	1E-30	5540	1.0E+10	0.0000000587	197	1.0E+10	0.0000000859	75.9	1.0E+10	0.0000000195	5.75	1E-30	1.0E+10	1.0E+10	1E-30	1.0E+10	1.0E+10	1E-30	1.0E+10	1.0E+10	1E-30	1.0E+10	1.0E+10	1E-30	1.0E+10	1.0E+10	1E-30	1.0E+10	1.0E+10	1E-30	1.0E+10	1.0E+10	1E-30	1.0E+10	1.0E+10	1E-30	1.0E+10	1.0E+10	1E-30	1.0E+10	1.0E+10
37	5.97E-14	1E-30	1.0E-10	1.0E+10	0.00000000174	0.0302	1.0E+10	1E-30	5540	1.0E+10	0.0000000587	197	1.0E+10	0.0000000859	75.9	1.0E+10	0.0000000195	5.75	1E-30	1.0E+10	1.0E+10	1E-30	1.0E+10	1.0E+10	1E-30	1.0E+10	1.0E+10	1E-30	1.0E+10	1.0E+10	1E-30	1.0E+10	1.0E+10	1E-30	1.0E+10	1.0E+10	1E-30	1.0E+10	1.0E+10	1E-30	1.0E+10	1.0E+10	1E-30	1.0E+10	1.0E+10	1E-30	1.0E+10	1.0E+10
38	5.32E-14	1E-30	1.0E-10	1.0E+10	0.00000000182	0.038	1.0E+10	1E-30	5540	1.0E+10	0.0000000535	180	1.0E+10	0.00000009	79.5	1.0E+10	0.0000000187	5.49	1E-30	1.0E+10	1.0E+10	1E-30	1.0E+10	1.0E+10	1E-30	1.0E+10	1.0E+10	1E-30	1.0E+10	1.0E+10	1E-30	1.0E+10	1.0E+10	1E-30	1.0E+10	1.0E+10	1E-30	1.0E+10	1.0E+10	1E-30	1.0E+10	1.0E+10	1E-30	1.0E+10	1.0E+10	1E-30	1.0E+10	1.0E+10
39	5.32E-14	1E-30	1.0E-10	1.0E+10	0.00000000182	0.038	1.0E+10	1E-30	5540	1.0E+10	0.0000000535	180	1.0E+10	0.00000009	79.5	1.0E+10	0.0000000187	5.49	1E-30	1.0E+10	1.0E+10	1E-30	1.0E+10	1.0E+10	1E-30	1.0E+10	1.0E+10	1E-30	1.0E+10	1.0E+10	1E-30	1.0E+10	1.0E+10	1E-30	1.0E+10	1.0E+10	1E-30	1.0E+10	1.0E+10	1E-30	1.0E+10	1.0E+10	1E-30	1.0E+10	1.0E+10	1E-30	1.0E+10	1.0E+10
40	5.83E-14	1E-30	1.0E-10	1.0E+10	0.0000000019	0.0302	1.0E+10	1E-30	8200	1.0E+10	0.0000000848	496	1.0E+10	0.0000000431	41.8	1.0E+10	0.0000000399	13.5	1E-30	1.0E+10	1.0E+10	1E-30	1.0E+10	1.0E+10	1E-30	1.0E+10	1.0E+10	1E-30	1.0E+10	1.0E+10	1E-30	1.0E+10	1.0E+10	1E-30	1.0E+10	1.0E+10	1E-30	1.0E+10	1.0E+10	1E-30	1.0E+10	1.0E+10	1E-30	1.0E+10	1.0E+10	1E-30	1.0E+10	1.0E+10
41	5.83E-14	1E-30	1.0E-10	1.0E+10	0.0000000019	0.0302	1.0E+10	1E-30	8200	1.0E+10	0.0000000848	496	1.0E+10	0.0000000431	41.8	1.0E+10	0.0000000399	13.5	1E-30	1.0E+10	1.0E+10	1E-30	1.0E+10	1.0E+10	1E-30	1.0E+10	1.0E+10	1E-30	1.0E+10	1.0E+10	1E-30	1.0E+10	1.0E+10	1E-30	1.0E+10	1.0E+10	1E-30	1.0E+10	1.0E+10	1E-30	1.0E+10	1.0E+10	1E-30	1.0E+10	1.0E+10	1E-30	1.0E+10	1.0E+10
42	7.87E-14	1E-30	1.0E-10	1.0E+10	0.00000000208	0.0289	1.0E+10	1E-30	8390	1.0E+10	0.0000000888	624	1.0E+10	0.0000000358	34	1.0E+10	0.000000031	7.93	1E-30	1.0E+10	1.0E+10	1E-30	1.0E+10	1.0E+10	1E-30	1.0E+10	1.0E+10	1E-30	1.0E+10	1.0E+10	1E-30	1.0E+10	1.0E+10	1E-30	1.0E+10	1.0E+10	1E-30	1.0E+10	1.0E+10	1E-30	1.0E+10	1.0E+10	1E-30	1.0E+10	1.0E+10	1E-30	1.0E+10	1.0E+10
43	7.87E-14	1E-30	1.0E-10	1.0E+10	0.00000000208	0.0289	1.0E+10	1E-30	8390	1.0E+10	0.0000000888	624	1.0E+10	0.0000000358	34	1.0E+10	0.000000031	7.93	1E-30	1.0E+10	1.0E+10	1E-30	1.0E+10	1.0E+10	1E-30	1.0E+10	1.0E+10	1E-30	1.0E+10	1.0E+10	1E-30	1.0E+10	1.0E+10	1E-30	1.0E+10	1.0E+10	1E-30	1.0E+10	1.0E+10	1E-30	1.0E+10	1.0E+10	1E-30	1.0E+10	1.0E+10	1E-30	1.0E+10	1.0E+10
44	7.34E-14	1E-30	1.0E-10	1.0E+10	0.00000000218	0.0398	1.0E+10	1E-30	8390	1.0E+10	0.000000107	610	1.0E+10	0.0000000342	33.2	1.0E+10	0.0000000514	11.2	1E-30	1.0E+10	1.0E+10	1E-30	1.0E+10	1.0E+10	1E-30	1.0E+10	1.0E+10	1E-30	1.0E+10	1.0E+10	1E-30	1.0E+10	1.0E+10	1E-30	1.0E+10	1.0E+10	1E-30	1.0E+10	1.0E+10	1E-30	1.0E+10	1.0E+10	1E-30	1.0E+10	1.0E+10	1E-30	1.0E+10	1.0E+10
45	7.34E-14	1E-30	1.0E-10	1.0E+10	0.00000000218	0.0398	1.0E+10	1E-30	8390	1.0E+10	0.000000107	610	1.0E+10	0.0000000342	33.2	1.0E+10	0.0000000514	11.2	1E-30	1.0E+10	1.0E+10	1E-30	1.0E+10	1.0E+10	1E-30	1.0E+10	1.0E+10	1E-30	1.0E+10	1.0E+10	1E-30	1.0E+10	1.0E+10	1E-30	1.0E+10	1.0E+10	1E-30	1.0E+10	1.0E+10	1E-30	1.0E+10	1.0E+10	1E-30	1.0E+10	1.0E+10	1E-30	1.0E+10	1.0E+10
46	7.51E-14	1E-30	1.0E-10	1.0E+10	0.00000000223	0.0408	1.0E+10	1E-30	8390	1.0E+10	0.0000000974	556	1.0E+10	0.0000000421	40.8	1.0E+10	0.0000000418	12.3	1E-30	1.0E+10	1.0E+10	1E-30	1.0E+10	1.0E+10	1E-30	1.0E+10	1.0E+10	1E-30	1.0E+10	1.0E+10	1E-30	1.0E+10	1.0E+10	1E-30	1.0E+10	1.0E+10	1E-30	1.0E+10	1.0E+10	1E-30	1.0E+10	1.0E+10	1E-30	1.0E+10	1.0E+10	1E-30	1.0E+10	1.0E+10
47	7.51E-14	1E-30	1.0E-10	1.0E+10	0.00000000223	0.0408	1.0E+10	1E-30	8390	1.0E+10	0.0000000974	556	1.0E+10	0.0000000421	40.8	1.0E+10	0.0000000418	12.3	1E-30	1.0E+10	1.0E+10	1E-30	1.0E+10	1.0E+10	1E-30	1.0E+10	1.0E+10	1E-30	1.0E+10	1.0E+10	1E-30	1.0E+10	1.0E+10	1E-30	1.0E+10	1.0E+10	1E-30	1.0E+10	1.0E+10	1E-30	1.0E+10	1.0E+10	1E-30	1.0E+10	1.0E+10	1E-30	1.0E+10	1.0E+10
48	7.51E-14	1E-30	1.0E-10	1.0E+10	0.00000000239	0.0513	1.0E+10	1E-30	6980	1.0E+10	0.000000102	432	1.0E+10	0.0000000581	69.3	1.0E+10	0.0000000458	11.2	1E-30	1.0E+10	1.0E+10	1E-30	1.0E+10	1.0E+10	1E-30	1.0E+10	1.0E+10	1E-30	1.0E+10	1.0E+10	1E-30	1.0E+10	1.0E+10	1E-30	1.0E+10	1.0E+10	1E-30	1.0E+10	1.0E+10	1E-30	1.0E+10	1.0E+10	1E-30	1.0E+10	1.0E+10	1E-30	1.0E+10	1.0E+10
49	7.51E-14	1E-30	1.0E-10	1.0E+10	0.00000000239	0.0513	1.0E+10	1E-30	6980	1.0E+10	0.000000102	432	1.0E+10	0.0000000581	69.3	1.0E+10	0.0000000458	11.2	1E-30	1.0E+10	1.0E+10	1E-30	1.0E+10	1.0E+10	1E-30	1.0E+10	1.0E+10	1E-30	1.0E+10	1.0E+10	1E-30	1.0E+10	1.0E+10	1E-30	1.0E+10	1.0E+10	1E-30	1.0E+10	1.0E+10	1E-30	1.0E+10	1.0E+10	1E-30	1.0E+10	1.0E+10	1E-30	1.0E+10	1.0E+10
50	7.51E-14	1E-30	1.0E-10	1.0E+10	0.00000000251	0.0513	1.0E+10	1E-30	8390	1.0E+10	0.000000131	750	1.0E+10	0.0000000384	37.2	1.0E+10	0.0000000551	13.2	1E-30	1.0E+10	1.0E+10	1E-30	1.0E+10	1.0E+10	1E-30	1.0E+10	1.0E+10	1E-30	1.0E+10	1.0E+10	1E-30	1.0E+10	1.0E+10	1E-30	1.0E+10	1.0E+10	1E-30	1.0E+10	1.0E+10	1E-30	1.0E+10	1.0E+10	1E-30	1.0E+10	1.0E+10	1E-30	1.0E+10	1.0E+10
51	7.51E-14	1E-30	1.0E-10	1.0E+10	0.00000000251	0.0513	1.0E+10	1E-30	8390	1.0E+10	0.000000131	750	1.0E+10	0.0000000384	37.2	1.0E+10	0.0000000551	13.2	1E-30	1.0E+10	1.0E+10	1E-30	1.0E+10	1.0E+10	1E-30	1.0E+10	1.0E+10	1E-30	1.0E+10	1.0E+10	1E-30	1.0E+10	1.0E+10	1E-30	1.0E+10	1.0E+10	1E-30	1.0E+10	1.0E+10	1E-30	1.0E+10	1.0E+10	1E-30	1.0E+10	1.0E+10	1E-30	1.0E+10	1.0E+10
52	0.000000000000064	1E-30	1.0E-10	1.0E+10	0.00000000268	0.0447	1.0E+10	1E-30	8390	1.0E+10	0.000000107	610	1.0E+10	0.0000000342	29.6	1.0E+10	0.000000048	11.5	1E-30	1.0E+10	1.0E+10	1E-30	1.0E+10	1.0E+10	1E-30	1.0E+10	1.0E+10	1E-30	1.0E+10	1.0E+10	1E-30	1.0E+10	1.0E+10	1E-30	1.0E+10	1.0E+10	1E-30	1.0E+10	1.0E+10	1E-30	1.0E+10	1.0E+10	1E-30	1.0E+10	1.0E+10	1E-30	1.0E+10	1.0E+10
53	0.000000000000064	1E-30	1.0E-10	1.0E+10	0.00000000268	0.0447	1.0E+10	1E-30	8390	1.0E+10	0.000000107	610	1.0E+10	0.0000000342	29.6	1.0E+10	0.000000048	11.5	1E-30	1.0E+10	1.0E+10	1E-30	1.0E+10	1.0E+10	1E-30	1.0E+10	1.0E+10	1E-30	1.0E+10	1.0E+10	1E-30	1.0E+10	1.0E+10	1E-30	1.0E+10	1.0E+10	1E-30	1.0E+10	1.0E+10	1E-30	1.0E+10	1.0E+10	1E-30	1.0E+10	1.0E+10	1E-30	1.0E+10	1.0E+10
54	6.11E-14	1E-30	1.0E-10	1.0E+10	0.00000000281	0.0502	1.0E+10	1E-30	7830	1.0E+10	0.000000104	507	1.0E+10	0.0000000375	30.3	1.0E+10	0.0000000514	12.3	1E-30	1.0E+10	1.0E+10	1E-30	1.0E+10	1.0E+10	1E-30	1.0E+10	1.0E+10	1E-30	1.0E+10	1.0E+10	1E-30	1.0E+10	1.0E+10	1E-30	1.0E+10	1.0E+10	1E-30	1.0E+10	1.0E+10	1E-30	1.0E+10	1.0E+10	1E-30	1.0E+10	1.0E+10	1E-30	1.0E+10	1.0E+10
55	6.11E-14	1E-30	1.0E-10	1.0E+10	0.00000000281	0.0502	1.0E+10	1E-30	7830	1.0E+10	0.000000104	507	1.0E+10	0.0000000375	30.3	1.0E+10	0.0000000514	12.3	1E-30	1.0E+10	1.0E+10	1E-30	1.0E+10	1.0E+10	1E-30	1.0E+10	1.0E+10	1E-30	1.0E+10	1.0E+10	1E-30	1.0E+10	1.0E+10	1E-30	1.0E+10	1.0E+10	1E-30	1.0E+10	1.0E+10	1E-30	1.0E+10	1.0E+10	1E-30	1.0E+10	1.0E+10	1E-30	1.0E+10	1.0E+10
56	6.54E-14	1E-30	1.0E-10	1.0E+10	0.00000000294	0.0457	1.0E+10	1E-30	9410	1.0E+10	0.000000107	610	1.0E+10	0.0000000421	34.7	1.0E+10	0.0000000514	12.3	1E-30	1.0E+10	1.0E+10	1E-30	1.0E+10	1.0E+10	1E-30	1.0E+10	1.0E+10	1E-30	1.0E+10	1.0E+10	1E-30	1.0E+10	1.0E+10	1E-30	1.0E+10	1.0E+10	1E-30	1.0E+10	1.0E+10	1E-30	1.0E+10	1.0E+10	1E-30	1.0E+10	1.0E+10	1E-30	1.0E+10	1.0E+10
57	6.54E-14	1E-30	1.0E-10	1.0E+10	0.00000000294	0.0457	1.0E+10	1E-30	9410	1.0E+10	0.000000107	610	1.0E+10	0.0000000421	34.7	1.0E+10	0.0000000514	12.3	1E-30	1.0E+10	1.0E+10	1E-30	1.0E+10	1.0E+10	1E-30	1.0E+10	1.0E+10	1E-30	1.0E+10	1.0E+10	1E-30	1.0E+10	1.0E+10	1E-30	1.0E+10	1.0E+10	1E-30	1.0E+10	1.0E+10	1E-30	1.0E+10	1.0E+10	1E-30	1.0E+10	1.0E+10	1E-30	1.0E+10	1.0E+10
58	6.54E-14	1E-30	1.0E-10	1.0E+10	0.00000000294	0.0576	1.0E+10	1E-30	9410	1.0E+10	0.000000114	653	1.0E+10	0.0000000421	36.4	1.0E+10	0.0000000662	15.8	1E-30	1.0E+10	1.0E+10	1E-30	1.0E+10	1.0E+10	1E-30	1.0E+10	1.0E+10	1E-30	1.0E+10	1.0E+10	1E-30	1.0E+10	1.0E+10	1E-30	1.0E+10	1.0E+10	1E-30	1.0E+10	1.0E+10	1E-30	1.0E+10	1.0E+10	1E-30	1.0E+10	1.0E+10	1E-30	1.0E+10	1.0E+10
59	6.54E-14	1E-30	1.0E-10	1.0E+10	0.00000000294	0.0576	1.0E+10	1E-30	9410	1.0E+10	0.000000114	653	1.0E+10	0.0000000421	36.4	1.0E+10	0.0000000662	15.8	1E-30	1.0E+10	1.0E+10	1E-30	1.0E+10	1.0E+10	1E-30	1.0E+10	1.0E+10	1E-30	1.0E+10	1.0E+10	1E-30	1.0E+10	1.0E+10	1E-30	1.0E+10	1.0E+10	1E-30	1.0E+10	1.0E+10	1E-30	1.0E+10	1.0E+10	1E-30	1.0E+10	1.0E+10	1E-30	1.0E+10	1.0E+10
60	6.54E-14	1E-30	1.0E-10	1.0E+10	0.00000000308	0.0725	1.0E+10	1E-30	9860	1.0E+10	0.000000128	733	1.0E+10	0.0000000506	43.7	1.0E+10	0.0000000662	20.4	1E-30	1.0E+10	1.0E+10	1E-30	1.0E+10	1.0E+10	1E-30	1.0E+10	1.0E+10	1E-30	1.0E+10	1.0E+10	1E-30	1.0E+10	1.0E+10	1E-30	1.0E+10	1.0E+10	1E-30	1.0E+10	1.0E+10	1E-30	1.0E+10	1.0E+10	1E-30	1.0E+10	1.0E+10	1E-30	1.0E+10	1.0E+10
61	6.54E-14	1E-30	1.0E-10	1.0E+10	0.00000000308	0.0725	1.0E+10	1E-30	9860	1.0E+10	0.000000128	733	1.0E+10	0.0000000506	43.7	1.0E+10	0.0000000662	20.4	1E-30	1.0E+10	1.0E+10	1E-30	1.0E+10	1.0E+10	1E-30	1.0E+10	1.0E+10	1E-30	1.0E+10	1.0E+10	1E-30	1.0E+10	1.0E+10	1E-30	1.0E+10	1.0E+10	1E-30	1.0E+10	1.0E+10	1E-30	1.0E+10	1.0E+10	1E-30	1.0E+10	1.0E+10	1E-30	1.0E+10	1.0E+10
62	0.000000000000067	1E-30	1.0E-10	1.0E+10	0.00000000323	0.0631	1.0E+10	1E-30	9630	1.0E+10	0.000000131	750	1.0E+10	0.0000000472	40.8	1.0E+10	0.0000000662	17.8	1E-30	1.0E+10	1.0E+10	1E-30	1.0E+10	1.0E+10	1E-30	1.0E+10	1.0E+10	1E-30	1.0E+10	1.0E+10	1E-30	1.0E+10	1.0E+10	1E-30	1.0E+10	1.0E+10	1E-30	1.0E+10	1.0E+10	1E-30	1.0E+10	1.0E+10	1E-30	1.0E+10	1.0E+10	1E-30	1.0E+10	1.0E+10
63	0.000000000000067	1E-30	1.0E-10	1.0E+10	0.00000000323	0.0631	1.0E+10	1E-30	9630	1.0E+10	0.000000131	750	1.0E+10	0.0000000472	40.8	1.0E+10	0.0000000662	17.8	1E-30	1.0E+10	1.0E+10	1E-30	1.0E+10	1.0E+10	1E-30	1.0E+10	1.0E+10	1E-30	1.0E+10	1.0E+10	1E-30	1.0E+10	1.0E+10	1E-30	1.0E+10	1.0E+10	1E-30	1.0E+10	1.0E+10	1E-30	1.0E+10	1.0E+10	1E-30	1.0E+10	1.0E+10	1E-30	1.0E+10	1.0E+10
64	6.85E-14	1E-30	1.0E-10	1.0E+10	0.0000000033	0.0603	1.0E+10	1E-30	9630	1.0E+10	0.000000131	767	1.0E+10	0.0000000472	39.9	1.0E+10	0.0000000577	15.8	1E-30	1.0E+10	1.0E+10	1E-30	1.0E+10	1.0E+10	1E-30	1.0E+10	1.0E+10	1E-30	1.0E+10	1.0E+10	1E-30	1.0E+10	1.0E+10	1E-30	1.0E+10	1.0E+10	1E-30	1.0E+10	1.0E+10	1E-30	1.0E+10	1.0E+10	1E-30	1.0E+10	1.0E+10	1E-30	1.0E+10	1.0E+10
65	6.85E-14	1E-30	1.0E-10	1.0E+10	0.0000000033	0.0603	1.0E+10	1E-30	9630	1.0E+10	0.000000131	767	1.0E+10	0.0000000472	39.9	1.0E+10	0.0000000577	15.8	1E-30	1.0E+10	1.0E+10	1E-30	1.0E+10	1.0E+10	1E-30	1.0E+10	1.0E+10	1E-30	1.0E+10	1.0E+10	1E-30	1.0E+10	1.0E+10	1E-30	1.0E+10	1.0E+10	1E-30	1.0E+10	1.0E+10	1E-30	1.0E+10	1.0E+10	1E-30	1.0E+10	1.0E+10	1E-30	1.0E+10	1.0E+10
66	8.05E-14	1E-30	1.0E-10	1.0E+10	0.00000000346	0.0677	1.0E+10	1E-30	10100	1.0E+10	0.000000147	861	1.0E+10	0.0000000431	37.2	1.0E+10	0.0000000647	13.8	1E-30	1.0E+10	1.0E+10	1E-30	1.0E+10	1.0E+10	1E-30	1.0E+10	1.0E+10	1E-30	1.0E+10	1.0E+10	1E-30	1.0E+10	1.0E+10	1E-30	1.0E+10	1.0E+10	1E-30	1.0E+10	1.0E+10	1E-30	1.0E+10	1.0E+10	1E-30	1.0E+10	1.0E+10	1E-30	1.0E+10	1.0E+10
67	8.05E-14	1E-30	1.0E-10	1.0E+10	0.00000000346	0.0677	1.0E+10	1E-30	10100	1.0E+10	0.000000147	861	1.0E+10	0.0000000431	37.2	1.0E+10	0.0000000647	13.8	1E-30	1.0E+10	1.0E+10	1E-30	1.0E+10	1.0E+10	1E-30	1.0E+10	1.0E+10	1E-30	1.0E+10	1.0E+10	1E-30	1.0E+10	1.0E+10	1E-30	1.0E+10	1.0E+10	1E-30	1.0E+10	1.0E+10	1E-30	1.0E+10	1.0E+10	1E-30	1.0E+10	1.0E+10	1E-30	1.0E+10	1.0E+10
68	7.87E-14	1E-30	1.0E-10	1.0E+10	0.00000000362	0.0708	1.0E+10	1E-30	10600	1.0E+10	0.000000141	804	1.0E+10	0.0000000506	41.8	1.0E+10	0.0000000618	15.5	1E-30	1.0E+10	1.0E+10	1E-30	1.0E+10	1.0E+10	1E-30	1.0E+10	1.0E+10	1E-30	1.0E+10	1.0E+10	1E-30	1.0E+10	1.0E+10	1E-30	1.0E+10	1.0E+10	1E-30	1.0E+10	1.0E+10	1E-30	1.0E+10	1.0E+10	1E-30	1.0E+10	1.0E+10	1E-30	1.0E+10	1.0E+10
69	7.87E-14	1E-30	1.0E-10	1.0E+10	0.00000000362	0.0708	1.0E+10	1E-30	10600	1.0E+10	0.000000141	804	1.0E+10	0.0000000506	41.8	1.0E+10	0.0000000618	15.5	1E-30	1.0E+10	1.0E+10	1E-30	1.0E+10	1.0E+10	1E-30	1.0E+10	1.0E+10	1E-30	1.0E+10	1.0E+10	1E-30	1.0E+10	1.0E+10	1E-30	1.0E+10	1.0E+10	1E-30	1.0E+10	1.0E+10	1E-30	1.0E+10	1.0E+10	1E-30	1.0E+10	1.0E+10	1E-30	1.0E+10	1.0E+10
70	7.51E-14	1E-30	1.0E-10	1.0E+10	0.00000000371	0.0832	1.0E+10	1E-30	10300	1.0E+10	0.000000151	861	1.0E+10	0.000000053	45.8	1.0E+10	0.0000000662	15.8	1E-30	1.0E+10	1.0E+10	1E-30	1.0E+10	1.0E+10	1E-30	1.0E+10	1.0E+10	1E-30	1.0E+10	1.0E+10	1E-30	1.0E+10	1.0E+10	1E-30	1.0E+10	1.0E+10	1E-30	1.0E+10	1.0E+10	1E-30	1.0E+10	1.0E+10	1E-30	1.0E+10	1.0E+10	1E-30	1.0E+10	1.0E+10
71	7.51E-14	1E-30	1.0E-10	1.0E+10	0.00000000371	0.0832	1.0E+10	1E-30	10300	1.0E+10	0.000000151	861	1.0E+10	0.000000053	45.8	1.0E+10	0.0000000662	15.8	1E-30	1.0E+10	1.0E+10	1E-30	1.0E+10	1.0E+10	1E-30	1.0E+10	1.0E+10	1E-30	1.0E+10	1.0E+10	1E-30	1.0E+10	1.0E+10	1E-30	1.0E+10	1.0E+10	1E-30	1.0E+10	1.0E+10	1E-30	1.0E+10	1.0E+10	1E-30	1.0E+10	1.0E+10	1E-30	1.0E+10	1.0E+10
72	7.87E-14	1E-30	1.0E-10	1.0E+10	0.00000000371	0.0934	1.0E+10	1E-30	9860	1.0E+10	0.000000154	861	1.0E+10	0.0000000518	44.8	1.0E+10	0.00000011	28.8	1E-30	1.0E+10	1.0E+10	1E-30	1.0E+10	1.0E+10	1E-30	1.0E+10	1.0E+10	1E-30	1.0E+10	1.0E+10	1E-30	1.0E+10	1.0E+10	1E-30	1.0E+10	1.0E+10	1E-30	1.0E+10	1.0E+10	1E-30	1.0E+10	1.0E+10	1E-30	1.0E+10	1.0E+10	1E-30	1.0E+10	1.0E+10
73	7.87E-14	1E-30	1.0E-10	1.0E+10	0.00000000371	0.0934	1.0E+10	1E-30	9860	1.0E+10	0.000000154	861	1.0E+10	0.0000000518	44.8	1.0E+10	0.00000011	28.8	1E-30	1.0E+10	1.0E+10	1E-30	1.0E+10	1.0E+10	1E-30	1.0E+10	1.0E+10	1E-30	1.0E+10	1.0E+10	1E-30	1.0E+10	1.0E+10	1E-30	1.0E+10	1.0E+10	1E-30	1.0E+10	1.0E+10	1E-30	1.0E+10	1.0E+10	1E-30	1.0E+10	1.0E+10	1E-30	1.0E+10	1.0E+10
74	7.69E-14	1E-30	1.0E-10	1.0E+10	0.00000000379	0.105	1.0E+10	1E-30	11300	1.0E+10	0.000000158	902	1.0E+10	0.0000000506	44.8	1.0E+10	0.000000191	22.3	1E-30	1.0E+10	1.0E+10	1E-30	1.0E+10	1.0E+10	1E-30	1.0E+10	1.0E+10	1E-30	1.0E+10	1.0E+10	1E-30	1.0E+10	1.0E+10	1E-30	1.0E+10	1.0E+10	1E-30	1.0E+10	1.0E+10	1E-30	1.0E+10	1.0E+10	1E-30	1.0E+10	1.0E+10	1E-30	1.0E+10	1.0E+10
75	7.69E-14	1E-30	1.0E-10	1.0E+10	0.00000000379	0.105	1.0E+10	1E-30	11300	1.0E+10	0.000000158	902	1.0E+10	0.0000000506	44.8	1.0E+10	0.000000191	22.3	1E-30	1.0E+10	1.0E+10	1E-30	1.0E+10	1.0E+10	1E-30	1.0E+10	1.0E+10	1E-30	1.0E+10	1.0E+10	1E-30	1.0E+10	1.0E+10	1E-30	1.0E+10	1.0E+10	1E-30	1.0E+10	1.0E+10	1E-30	1.0E+10	1.0E+10	1E-30	1.0E+10	1.0E+10	1E-30	1.0E+10	1.0E+10
76	6.25E-14	1E-30	1.0E-10	1.0E+10	0.00000000406	0.0892	1.0E+10	1E-30	10300	1.0E+10	0.000000151	861	1.0E+10	0.0000000506	44.8	1.0E+10	0.0000000778	22.9	1E-30	1.0E+10	1.0E+10	1E-30	1.0E+10	1.0E+10	1E-30	1.0E+10	1.0E+10	1E-30	1.0E+10	1.0E+10	1E-30	1.0E+10	1.0E+10	1E-30	1.0E+10	1.0E+10	1E-30	1.0E+10	1.0E+10	1E-30	1.0E+10	1.0E+10	1E-30	1.0E+10	1.0E+10	1E-30	1.0E+10	1.0E+10
77	6.25E-14	1E-30	1.0E-10	1.0E+10	0.00000000406	0.0892	1.0E+10	1E-30	10300	1.0E+10	0.000000151	861	1.0E+10	0.0000000506	44.8	1.0E+10	0.0000000778	22.9	1E-30	1.0E+10	1.0E+10	1E-30	1.0E+10	1.0E+10	1E-30	1.0E+10	1.0E+10	1E-30	1.0E+10	1.0E+10	1E-30	1.0E+10	1.0E+10	1E-30	1.0E+10	1.0E+10	1E-30	1.0E+10	1.0E+10	1E-30	1.0E+10	1.0E+10	1E-30	1.0E+10	1.0E+10	1E-30	1.0E+10	1.0E+10
78	6.54E-14	1E-30	1.0E-10	1.0E+10	0.00000000416	0.102	1.0E+10	1E-30	11100	1.0E+10	0.000000151	822	1.0E+10	0.0000000518	44.8	1.0E+10	0.0000000957	25.1	1E-30	1.0E+10	1.0E+10	1E-30	1.0E+10	1.0E+10	1E-30	1.0E+10	1.0E+10	1E-30	1.0E+10	1.0E+10	1E-30	1.0E+10	1.0E+10	1E-30	1.0E+10	1.0E+10	1E-30	1.0E+10	1.0E+10	1E-30	1.0E+10	1.0E+10	1E-30	1.0E+10	1.0E+10	1E-30	1.0E+10	1.0E+10
79	6.54E-14	1E-30	1.0E-10	1.0E+10	0.00000000416	0.102	1.0E+10	1E-30	11100	1.0E+10	0.000000151	822	1.0E+10	0.0000000518	44.8	1.0E+10	0.0000000957	25.1	1E-30	1.0E+10	1.0E+10	1E-30	1.0E+10	1.0E+10	1E-30	1.0E+10	1.0E+10	1E-30	1.0E+10	1.0E+10	1E-30	1.0E+10	1.0E+10	1E-30	1.0E+10	1.0E+10	1E-30	1.0E+10	1.0E+10	1E-30	1.0E+10	1.0E+10	1E-30	1.0E+10	1.0E+10	1E-30	1.0E+10	1.0E+10
80	0.000000000000067	1E-30	1.0E-10	1.0E+10	0.00000000435	0.105	1.0E+10	1E-30	10800	1.0E+10	0.000000144	767	1.0E+10	0.0000000609	52.6	1.0E+10	0.0000000853	23.4	1E-30	1.0E+10	1.0E+10	1E-30	1.0E+10	1.0E+10	1E-30	1.0E+10	1.0E+10	1E-30	1.0E+10	1.0E+10	1E-30	1.0E+10	1.0E+10	1E-30	1.0E+10	1.0E+10	1E-30	1.0E+10	1.0E+10	1E-30	1.0E+10	1.0E+10	1E-30	1.0E+10	1.0E+10	1E-30	1.0E+10	1.0E+10
81	0.000000000000067	1E-30	1.0E-10	1.0E+10	0.00000000435	0.105	1.0E+10	1E-30	10800	1.0E+10	0.000000144	767	1.0E+10	0.0000000609	52.6	1.0E+10	0.0000000853	23.4	1E-30	1.0E+10	1.0E+10	1E-30	1.0E+10	1.0E+10	1E-30	1.0E+10	1.0E+10	1E-30	1.0E+10	1.0E+10	1E-30	1.0E+10	1.0E+10	1E-30	1.0E+10	1.0E+10	1E-30	1.0E+10	1.0E+10	1E-30	1.0E+10	1.0E+10	1E-30	1.0E+10	1.0E+10	1E-30	1.0E+10	1.0E+10
82	6.54E-14	1E-30	1.0E-10	1.0E+10	0.00000000446	0.12	1.0E+10	1E-30	9860	1.0E+10	0.000000169	902	1.0E+10	0.0000000609	55.1	1.0E+10	0.0000000834	23.9	1E-30	1.0E+10	1.0E+10	1E-30	1.0E+10	1.0E+10	1E-30	1.0E+10	1.0E+10	1E-30	1.0E+10	1.0E+10	1E-30	1.0E+10	1.0E+10	1E-30	1.0E+10	1.0E+10	1E-30	1.0E+10	1.0E+10	1E-30	1.0E+10	1.0E+10	1E-30	1.0E+10	1.0E+10	1E-30	1.0E+10	1.0E+10
83	6.54E-14	1E-30	1.0E-10	1.0E+10	0.00000000446	0.12	1.0E+10	1E-30	9860	1.0E+10	0.000000169	902	1.0E+10	0.0000000609	55.1	1.0E+10	0.0000000834	23.9	1E-30	1.0E+10	1.0E+10	1E-30	1.0E+10	1.0E+10	1E-30	1.0E+10	1.0E+10	1E-30	1.0E+10	1.0E+10	1E-30	1.0E+10	1.0E+10	1E-30	1.0E+10	1.0E+10	1E-30	1.0E+10	1.0E+10	1E-30	1.0E+10	1.0E+10	1E-30	1.0E+10	1.0E+10	1E-30	1.0E+10	1.0E+10
84	6.54E-14	1E-30	1.0E-10	1.0E+10	0.00000000456	0.11	1.0E+10	1E-30	11600	1.0E+10	0.000000154	822	1.0E+10	0.0000000683	61.8	1.0E+10	0.0000000853	23.9	1E-30	1.0E+10	1.0E+10	1E-30	1.0E+10	1.0E+10	1E-30	1.0E+10	1.0E+10	1E-30	1.0E+10	1.0E+10	1E-30	1.0E+10	1.0E+10	1E-30	1.0E+10	1.0E+10	1E-30	1.0E+10	1.0E+10	1E-30	1.0E+10	1.0E+10	1E-30	1.0E+10	1.0E+10	1E-30	1.0E+10	1.0E+10
85	6.54E-14	1E-30	1.0E-10	1.0E+10	0.00000000456	0.11	1.0E+10	1E-30	11600	1.0E+10	0.000000154	822	1.0E+10	0.0000000683	61.8	1.0E+10	0.0000000853	23.9	1E-30	1.0E+10	1.0E+10	1E-30	1.0E+10	1.0E+10	1E-30	1.0E+10	1.0E+10	1E-30	1.0E+10	1.0E+10	1E-30	1.0E+10	1.0E+10	1E-30	1.0E+10	1.0E+10	1E-30	1.0E+10	1.0E+10	1E-30	1.0E+10	1.0E+10	1E-30	1.0E+10	1.0E+10	1E-30	1.0E+10	1.0E+10
86	7.87E-14	1E-30	1.0E-10	1.0E+10	0.00000000489	0.12	1.0E+10	1E-30	10300	1.0E+10	0.000000162	733	1.0E+10	0.0000000683	61.8	1.0E+10	0.0000000743	16.2	1E-30	1.0E+10	1.0E+10	1E-30	1.0E+10	1.0E+10	1E-30	1.0E+10	1.0E+10	1E-30	1.0E+10	1.0E+10	1E-30	1.0E+10	1.0E+10	1E-30	1.0E+10	1.0E+10	1E-30	1.0E+10	1.0E+10	1E-30	1.0E+10	1.0E+10	1E-30	1.0E+10	1.0E+10	1E-30	1.0E+10	1.0E+10
87	7.87E-14	1E-30	1.0E-10	1.0E+10	0.00000000489	0.12	1.0E+10	1E-30	10300	1.0E+10	0.000000162	733	1.0E+10	0.0000000683	61.8	1.0E+10	0.0000000743	16.2	1E-30	1.0E+10	1.0E+10	1E-30	1.0E+10	1.0E+10	1E-30	1.0E+10	1.0E+10	1E-30	1.0E+10	1.0E+10	1E-30	1.0E+10	1.0E+10	1E-30	1.0E+10	1.0E+10	1E-30	1.0E+10	1.0E+10	1E-30	1.0E+10	1.0E+10	1E-30	1.0E+10	1.0E+10	1E-30	1.0E+10	1.0E+10
88	7.01E-14	1E-30	1.0E-10	1.0E+10	0.00000000536	0.151	1.0E+10	1E-30	11300	1.0E+10	0.000000177	804	1.0E+10	0.000000108	87.3	1.0E+10	0.0000000834	26.9	1E-30	1.0E+10	1.0E+10	1E-30	1.0E+10	1.0E+10	1E-30	1.0E+10	1.0E+10	1E-30	1.0E+10	1.0E+10	1E-30	1.0E+10	1.0E+10	1E-30	1.0E+10	1.0E+10	1E-30	1.0E+10	1.0E+10	1E-30	1.0E+10	1.0E+10	1E-30	1.0E+10	1.0E+10	1E-30	1.0E+10	1.0E+10
89	7.01E-14	1E-30	1.0E-10	1.0E+10	0.00000000536	0.151	1.0E+10	1E-30	11300	1.0E+10	0.000000177	804	1.0E+10	0.000000108	87.3	1.0E+10	0.0000000834	26.9	1E-30	1.0E+10	1.0E+10	1E-30	1.0E+10	1.0E+10	1E-30	1.0E+10	1.0E+10	1E-30	1.0E+10	1.0E+10	1E-30	1.0E+10	1.0E+10	1E-30	1.0E+10	1.0E+10	1E-30	1.0E+10	1.0E+10	1E-30	1.0E+10	1.0E+10	1E-30	1.0E+10	1.0E+10	1E-30	1.0E+10	1.0E+10
90	0.000000000000064	1E-30	1.0E-10	1.0E+10	0.00000000601	0.145	1.0E+10	1E-30	11600	1.0E+10	0.000000173	750	1.0E+10	0.0000000964	76	1.0E+10	0.0000000834	24.5	1E-30	1.0E+10	1.0E+10	1E-30	1.0E+10	1.0E+10	1E-30	1.0E+10	1.0E+10	1E-30	1.0E+10	1.0E+10	1E-30	1.0E+10	1.0E+10	1E-30	1.0E+10	1.0E+10	1E-30	1.0E+10	1.0E+10	1E-30	1.0E+10	1.0E+10	1E-30	1.0E+10	1.0E+10	1E-30	1.0E+10	1.0E+10
91	0.000000000000064	1E-30	1.0E-10	1.0E+10	0.00000000601	0.145	1.0E+10	1E-30	11600	1.0E+10	0.000000173	750	1.0E+10	0.0000000964	76	1.0E+10	0.0000000834	24.5	1E-30	1.0E+10	1.0E+10	1E-30	1.0E+10	1.0E+10	1E-30	1.0E+10	1.0E+10	1E-30	1.0E+10	1.0E+10	1E-30	1.0E+10	1.0E+10	1E-30	1.0E+10	1.0E+10	1E-30	1.0E+10	1.0E+10	1E-30	1.0E+10	1.0E+10	1E-30	1.0E+10	1.0E+10	1E-30	1.0E+10	1.0E+10
92	0.000000000000064	1E-30	1.0E-10	1.0E+10	0.00000000644	0.195	1.0E+10	1E-30	11600	1.0E+10	0.00000019	716	1.0E+10	0.0000000667	45.8	1.0E+10	0.00000103	12.3	1E-30	1.0E+10	1.0E+10	1E-30	1.0E+10	1.0E+10	1E-30	1.0E+10	1.0E+10	1E-30	1.0E+10	1.0E+10	1E-30	1.0E+10	1.0E+10	1E-30	1.0E+10	1.0E+10	1E-30	1.0E+10	1.0E+10	1E-30	1.0E+10	1.0E+10	1E-30	1.0E+10	1.0E+10	1E-30	1.0E+10	1.0E+10
93	0.000000000000064	1E-30	1.0E-10	1.0E+10	0.00000000644	0.195	1.0E+10	1E-30	11600	1.0E+10	0.00000019	716	1.0E+10	0.0000000667	45.8	1.0E+10	0.00000103	12.3	1E-30	1.0E+10	1.0E+10	1E-30	1.0E+10	1.0E+10	1E-30	1.0E+10	1.0E+10	1E-30	1.0E+10	1.0E+10	1E-30	1.0E+10	1.0E+10	1E-30	1.0E+10	1.0E+10	1E-30	1.0E+10	1.0E+10	1E-30	1.0E+10	1.0E+10	1E-30	1.0E+10	1.0E+10	1E-30	1.0E+10	1.0E+10
94	0.000000000000064	1E-30	1.0E-10	1.0E+10	0.00000000706	0.229	1.0E+10	1E-30	11300	1.0E+10	0.00000019	668	1.0E+10	0.000000088	60.4	1.0E+10	0.00000103	12.3	1E-30	1.0E+10	1.0E+10	1E-30	1.0E+10	1.0E+10	1E-30	1.0E+10	1.0E+10	1E-30	1.0E+10	1.0E+10	1E-30	1.0E+10	1.0E+10	1E-30	1.0E+10	1.0E+10	1E-30	1.0E+10	1.0E+10	1E-30	1.0E+10	1.0E+10	1E-30	1.0E+10	1.0E+10	1E-30	1.0E+10	1.0E+10
95	0.000000000000064	1E-30	1.0E-10	1.0E+10	0.00000000706	0.229	1.0E+10	1E-30	11300	1.0E+10	0.00000019	668	1.0E+10	0.000000088	60.4	1.0E+10	0.00000103	12.3	1E-30	1.0E+10	1.0E+10	1E-30	1.0E+10	1.0E+10	1E-30	1.0E+10	1.0E+10	1E-30	1.0E+10	1.0E+10	1E-30	1.0E+10	1.0E+10	1E-30	1.0E+10	1.0E+10	1E-30	1.0E+10	1.0E+10	1E-30	1.0E+10	1.0E+10	1E-30	1.0E+10	1.0E+10	1E-30	1.0E+10	1.0E+10
96	6.25E-14	1E-30	1.0E-10	1.0E+10	0.00000000792	0.219	1.0E+10	1E-30	11300	1.0E+10	0.000000162	462	1.0E+10	0.00000009	45.8	1.0E+10	0.000577	85000	1E-30	1.0E+10	1.0E+10	1E-30	1.0E+10	1.0E+10	1E-30	1.0E+10	1.0E+10	1E-30	1.0E+10	1.0E+10	1E-30	1.0E+10	1.0E+10	1E-30	1.0E+10	1.0E+10	1E-30	1.0E+10	1.0E+10	1E-30	1.0E+10	1.0E+10	1E-30	1.0E+10	1.0E+10	1E-30	1.0E+10	1.0E+10
97	6.25E-14	1E-30	1.0E-10	1.0E+10	0.00000000792	0.219	1.0E+10	1E-30	11300	1.0E+10	0.000000162	462	1.0E+10	0.00000009	45.8	1.0E+10	0.000577	85000	1E-30	1.0E+10	1.0E+10	1E-30	1.0E+10	1.0E+10	1E-30	1.0E+10	1.0E+10	1E-30	1.0E+10	1.0E+10	1E-30	1.0E+10	1.0E+10	1E-30	1.0E+10	1.0E+10	1E-30	1.0E+10	1.0E+10	1E-30	1.0E+10	1.0E+10	1E-30	1.0E+10	1.0E+10	1E-30	1.0E+10	1.0E+10
98	5.83E-14	1E-30	1.0E-10	1.0E+10	0.00000000869	0.24	1.0E+10	1E-30	11900	1.0E+10	0.000000169	496	1.0E+10	0.000000101	50.2	1.0E+10	0.000195	39.7	1E-30	1.0E+10	1.0E+10	1E-30	1.0E+10	1.0E+10	1E-30	1.0E+10	1.0E+10	1E-30	1.0E+10	1.0E+10	1E-30	1.0E+10	1.0E+10	1E-30	1.0E+10	1.0E+10	1E-30	1.0E+10	1.0E+10	1E-30	1.0E+10	1.0E+10	1E-30	1.0E+10	1.0E+10	1E-30	1.0E+10	1.0E+10
99	5.83E-14	1E-30	1.0E-10	1.0E+10	0.00000000869	0.24	1.0E+10	1E-30	11900	1.0E+10	0.000000169	496	1.0E+10	0.000000101	50.2	1.0E+10	0.000195	39.7	1E-30	1.0E+10	1.0E+10	1E-30	1.0E+10	1.0E+10	1E-30	1.0E+10	1.0E+10	1E-30	1.0E+10	1.0E+10	1E-30	1.0E+10	1.0E+10	1E-30	1.0E+10	1.0E+10	1E-30	1.0E+10	1.0E+10	1E-30	1.0E+10	1.0E+10	1E-30	1.0E+10	1.0E+10	1E-30	1.0E+10	1.0E+10
100	6.54E-14	1E-30	1.0E-10	1.0E+10	0.00000000975	0.282	1.0E+10	1E-30	12700	1.0E+10	0.000000194	569	1.0E+10	0.000000111	55.1	1.0E+10	0.000000633	16.2	1E-30	1.0E+10	1.0E+10	1E-30	1.0E+10	1.0E+10	1E-30	1.0E+10	1.0E+10	1E-30	1.0E+10	1.0E+10	1E-30	1.0E+10	1.0E+10	1E-30	1.0E+10	1.0E+10	1E-30	1.0E+10	1.0E+10	1E-30	1.0E+10	1.0E+10	1E-30	1.0E+10	1.0E+10	1E-30	1.0E+10	1.0E+10
101	6.54E-14	1E-30	1.0E-10	1.0E+10	0.00000000975	0.282	1.0E+10	1E-30	12700	1.0E+10	0.000000194	569	1.0E+10	0.000000111	55.1	1.0E+10	0.000000633	16.2	1E-30	1.0E+10	1.0E+10	1E-30	1.0E+10	1.0E+10	1E-30	1.0E+10	1.0E+10	1E-30	1.0E+10	1.0E+10	1E-30	1.0E+10	1.0E+10	1E-30	1.0E+10	1.0E+10	1E-30	1.0E+10	1.0E+10	1E-30	1.0E+10	1.0E+10	1E-30	1.0E+10	1.0E+10	1E-30	1.0E+10	1.0E+10
102	7.18E-14	1E-30	1.0E-10	1.0E+10	0.0000000109	0.372	1.0E+10	1E-30	12400	1.0E+10	0.00000019	473	1.0E+10	0.000000149	57.7	1.0E+10	0.00000155	50	1E-30	1.0E+10	1.0E+10	1E-30	1.0E+10	1.0E+10	1E-30	1.0E+10	1.0E+10	1E-30	1.0E+10	1.0E+10	1E-30	1.0E+10	1.0E+10	1E-30	1.0E+10	1.0E+10	1E-30	1.0E+10	1.0E+10	1E-30	1.0E+10	1.0E+10	1E-30	1.0E+10	1.0E+10	1E-30	1.0E+10	1.0E+10
103	7.18E-14	1E-30	1.0E-10	1.0E+10	0.0000000109	0.372	1.0E+10	1E-30	12400	1.0E+10	0.00000019	473	1.0E+10	0.000000149	57.7	1.0E+10	0.00000155	50	1E-30	1.0E+10	1.0E+10	1E-30	1.0E+10	1.0E+10	1E-30	1.0E+10	1.0E+10	1E-30	1.0E+10	1.0E+10	1E-30	1.0E+10	1.0E+10	1E-30	1.0E+10	1.0E+10	1E-30	1.0E+10	1.0E+10	1E-30	1.0E+10	1.0E+10	1E-30	1.0E+10	1.0E+10	1E-30	1.0E+10	1.0E+10
104	6.85E-14	1E-30	1.0E-10	1.0E+10	0.0000000123	0.324	1.0E+10	1E-30	12700	1.0E+10	0.000000208	507	1.0E+10	0.000000133	60.4	1.0E+10	0.00000039	4.46	1E-30	1.0E+10	1.0E+10	1E-30	1.0E+10	1.0E+10	1E-30	1.0E+10	1.0E+10	1E-30	1.0E+10	1.0E+10	1E-30	1.0E+10	1.0E+10	1E-30	1.0E+10	1.0E+10	1E-30	1.0E+10	1.0E+10	1E-30	1.0E+10	1.0E+10	1E-30	1.0E+10	1.0E+10	1E-30	1.0E+10	1.0E+10
105	6.85E-14	1E-30	1.0E-10	1.0E+10	0.0000000123	0.324	1.0E+10	1E-30	12700	1.0E+10	0.000000208	507	1.0E+10	0.000000133	60.4	1.0E+10	0.00000039	4.46	1E-30	1.0E+10	1.0E+10	1E-30	1.0E+10	1.0E+10	1E-30	1.0E+10	1.0E+10	1E-30	1.0E+10	1.0E+10	1E-30	1.0E+10	1.0E+10	1E-30	1.0E+10	1.0E+10	1E-30	1.0E+10	1.0E+10	1E-30	1.0E+10	1.0E+10	1E-30	1.0E+10	1.0E+10	1E-30	1.0E+10	1.0E+10
106	8.63E-14	1E-30	1.0E-10	1.0E+10	0.0000000132	0.324	1.0E+10	1E-30	12700	1.0E+10	0.000000218	531	1.0E+10	0.000000143	64.7	1.0E+10	0.000815	9100	3.1E-15	0.0000000261	16.2	1E-30	1.0E+10	1.0E+10	1E-30	1.0E+10	1.0E+10	1E-30	1.0E+10	1.0E+10	1E-30	1.0E+10	1.0E+10	1E-30	1.0E+10	1.0E+10	1E-30	1.0E+10	1.0E+10	1E-30	1.0E+10	1.0E+10	1E-30	1.0E+10	1.0E+10	1E-30	1.0E+10	1.0E+10
107	8.63E-14	1E-30	1.0E-10	1.0E+10	0.0000000132	0.324	1.0E+10	1E-30	12700	1.0E+10	0.000000218	531	1.0E+10	0.000000143	64.7	1.0E+10	0.000815	9100	3.1E-15	0.0000000261	16.2	1E-30	1.0E+10	1.0E+10	1E-30	1.0E+10	1.0E+10	1E-30	1.0E+10	1.0E+10	1E-30	1.0E+10	1.0E+10	1E-30	1.0E+10	1.0E+10	1E-30	1.0E+10	1.0E+10	1E-30	1.0E+10	1.0E+10	1E-30	1.0E+10	1.0E+10	1E-30	1.0E+10	1.0E+10
108	7.34E-14	1E-30	1.0E-10	1.0E+10	0.0000000144	0.417	1.0E+10	1E-30	14200	1.0E+10	0.000000239	582	1.0E+10	0.000000168	63.2	1.0E+10	0.00000129	9.1	9.62E-15	0.00000000881	22.3	1E-30	1.0E+10	1.0E+10	1E-30	1.0E+10	1.0E+10	1E-30	1.0E+10	1.0E+10	1E-30	1.0E+10	1.0E+10	1E-30	1.0E+10	1.0E+10	1E-30	1.0E+10	1.0E+10	1E-30	1.0E+10	1.0E+10	1E-30	1.0E+10	1.0E+10	1E-30	1.0E+10	1.0E+10
109	7.34E-14	1E-30	1.0E-10	1.0E+10	0.0000000144	0.417	1.0E+10	1E-30	14200	1.0E+10	0.000000239	582	1.0E+10	0.000000168	63.2	1.0E+10	0.00000129	9.1	9.62E-15	0.00000000881	22.3	1E-30	1.0E+10	1.0E+10	1E-30	1.0E+10	1.0E+10	1E-30	1.0E+10	1.0E+10	1E-30	1.0E+10	1.0E+10	1E-30	1.0E+10	1.0E+10	1E-30	1.0E+10	1.0E+10	1E-30	1.0E+10	1.0E+10	1E-30	1.0E+10	1.0E+10	1E-30	1.0E+10	1.0E+10
END DSCRDATA
