BEGIN DSCRDATA
% INDEX	K01	L01	M01	K02	L02	M02	K03	L03	M03	K04	L04	M04	K05	L05	M05	K06	L06	M06	K07	L07	M07	K08	L08	M08	K09	L09	M09	K10	L10	M10	K11	L11	M11	K12	L12	M12	K13	L13	M13	K14	L14	M14	K15	L15	M15	K16	L16	M16
0	4.53E-14	1E-30	1.0E-10	1.0E+10	0.000000000672	0.0155	1.0E+10	1E-30	1680	1.0E+10	0.0000000141	62.4	1.0E+10	0.00000000715	4.79	1.0E+10	0.00000000408	0.0793	1E-30	1.0E+10	1.0E+10	1E-30	1.0E+10	1.0E+10	1E-30	1.0E+10	1.0E+10	1E-30	1.0E+10	1.0E+10	1E-30	1.0E+10	1.0E+10	1E-30	1.0E+10	1.0E+10	1E-30	1.0E+10	1.0E+10	1E-30	1.0E+10	1.0E+10	1E-30	1.0E+10	1.0E+10	1E-30	1.0E+10	1.0E+10
1	4.53E-14	1E-30	1.0E-10	1.0E+10	0.000000000672	0.0155	1.0E+10	1E-30	1680	1.0E+10	0.0000000141	62.4	1.0E+10	0.00000000715	4.79	1.0E+10	0.00000000408	0.0793	1E-30	1.0E+10	1.0E+10	1E-30	1.0E+10	1.0E+10	1E-30	1.0E+10	1.0E+10	1E-30	1.0E+10	1.0E+10	1E-30	1.0E+10	1.0E+10	1E-30	1.0E+10	1.0E+10	1E-30	1.0E+10	1.0E+10	1E-30	1.0E+10	1.0E+10	1E-30	1.0E+10	1.0E+10	1E-30	1.0E+10	1.0E+10
2	4.53E-14	1E-30	1.0E-10	1.0E+10	0.000000000672	0.0155	1.0E+10	1E-30	1680	1.0E+10	0.0000000141	62.4	1.0E+10	0.00000000715	4.79	1.0E+10	0.00000000408	0.0793	1E-30	1.0E+10	1.0E+10	1E-30	1.0E+10	1.0E+10	1E-30	1.0E+10	1.0E+10	1E-30	1.0E+10	1.0E+10	1E-30	1.0E+10	1.0E+10	1E-30	1.0E+10	1.0E+10	1E-30	1.0E+10	1.0E+10	1E-30	1.0E+10	1.0E+10	1E-30	1.0E+10	1.0E+10	1E-30	1.0E+10	1.0E+10
3	4.53E-14	1E-30	1.0E-10	1.0E+10	0.000000000675	0.0183	1.0E+10	1E-30	2650	1.0E+10	0.000000014	59.6	1.0E+10	0.0000000168	12.9	1.0E+10	0.0000000269	5.74	1E-30	1.0E+10	1.0E+10	1E-30	1.0E+10	1.0E+10	1E-30	1.0E+10	1.0E+10	1E-30	1.0E+10	1.0E+10	1E-30	1.0E+10	1.0E+10	1E-30	1.0E+10	1.0E+10	1E-30	1.0E+10	1.0E+10	1E-30	1.0E+10	1.0E+10	1E-30	1.0E+10	1.0E+10	1E-30	1.0E+10	1.0E+10
4	4.53E-14	1E-30	1.0E-10	1.0E+10	0.000000000675	0.0183	1.0E+10	1E-30	2650	1.0E+10	0.000000014	59.6	1.0E+10	0.0000000168	12.9	1.0E+10	0.0000000269	5.74	1E-30	1.0E+10	1.0E+10	1E-30	1.0E+10	1.0E+10	1E-30	1.0E+10	1.0E+10	1E-30	1.0E+10	1.0E+10	1E-30	1.0E+10	1.0E+10	1E-30	1.0E+10	1.0E+10	1E-30	1.0E+10	1.0E+10	1E-30	1.0E+10	1.0E+10	1E-30	1.0E+10	1.0E+10	1E-30	1.0E+10	1.0E+10
5	4.53E-14	1E-30	1.0E-10	1.0E+10	0.000000000675	0.0183	1.0E+10	1E-30	2650	1.0E+10	0.000000014	59.6	1.0E+10	0.0000000168	12.9	1.0E+10	0.0000000269	5.74	1E-30	1.0E+10	1.0E+10	1E-30	1.0E+10	1.0E+10	1E-30	1.0E+10	1.0E+10	1E-30	1.0E+10	1.0E+10	1E-30	1.0E+10	1.0E+10	1E-30	1.0E+10	1.0E+10	1E-30	1.0E+10	1.0E+10	1E-30	1.0E+10	1.0E+10	1E-30	1.0E+10	1.0E+10	1E-30	1.0E+10	1.0E+10
6	3.94E-14	1E-30	1.0E-10	1.0E+10	0.000000000892	0.0288	1.0E+10	1E-30	5540	1.0E+10	0.0000000208	96.6	1.0E+10	0.0000000242	24	1.0E+10	0.0000000159	2.95	1E-30	1.0E+10	1.0E+10	1E-30	1.0E+10	1.0E+10	1E-30	1.0E+10	1.0E+10	1E-30	1.0E+10	1.0E+10	1E-30	1.0E+10	1.0E+10	1E-30	1.0E+10	1.0E+10	1E-30	1.0E+10	1.0E+10	1E-30	1.0E+10	1.0E+10	1E-30	1.0E+10	1.0E+10	1E-30	1.0E+10	1.0E+10
7	3.94E-14	1E-30	1.0E-10	1.0E+10	0.000000000892	0.0288	1.0E+10	1E-30	5540	1.0E+10	0.0000000208	96.6	1.0E+10	0.0000000242	24	1.0E+10	0.0000000159	2.95	1E-30	1.0E+10	1.0E+10	1E-30	1.0E+10	1.0E+10	1E-30	1.0E+10	1.0E+10	1E-30	1.0E+10	1.0E+10	1E-30	1.0E+10	1.0E+10	1E-30	1.0E+10	1.0E+10	1E-30	1.0E+10	1.0E+10	1E-30	1.0E+10	1.0E+10	1E-30	1.0E+10	1.0E+10	1E-30	1.0E+10	1.0E+10
8	3.94E-14	1E-30	1.0E-10	1.0E+10	0.000000000892	0.0288	1.0E+10	1E-30	5540	1.0E+10	0.0000000208	96.6	1.0E+10	0.0000000242	24	1.0E+10	0.0000000159	2.95	1E-30	1.0E+10	1.0E+10	1E-30	1.0E+10	1.0E+10	1E-30	1.0E+10	1.0E+10	1E-30	1.0E+10	1.0E+10	1E-30	1.0E+10	1.0E+10	1E-30	1.0E+10	1.0E+10	1E-30	1.0E+10	1.0E+10	1E-30	1.0E+10	1.0E+10	1E-30	1.0E+10	1.0E+10	1E-30	1.0E+10	1.0E+10
9	4.53E-14	1E-30	1.0E-10	1.0E+10	0.000000000934	0.0296	1.0E+10	1E-30	5410	1.0E+10	0.0000000262	172	1.0E+10	0.0000000188	24.6	1.0E+10	0.0000000118	5.24	1E-30	1.0E+10	1.0E+10	1E-30	1.0E+10	1.0E+10	1E-30	1.0E+10	1.0E+10	1E-30	1.0E+10	1.0E+10	1E-30	1.0E+10	1.0E+10	1E-30	1.0E+10	1.0E+10	1E-30	1.0E+10	1.0E+10	1E-30	1.0E+10	1.0E+10	1E-30	1.0E+10	1.0E+10	1E-30	1.0E+10	1.0E+10
10	4.53E-14	1E-30	1.0E-10	1.0E+10	0.000000000934	0.0296	1.0E+10	1E-30	5410	1.0E+10	0.0000000262	172	1.0E+10	0.0000000188	24.6	1.0E+10	0.0000000118	5.24	1E-30	1.0E+10	1.0E+10	1E-30	1.0E+10	1.0E+10	1E-30	1.0E+10	1.0E+10	1E-30	1.0E+10	1.0E+10	1E-30	1.0E+10	1.0E+10	1E-30	1.0E+10	1.0E+10	1E-30	1.0E+10	1.0E+10	1E-30	1.0E+10	1.0E+10	1E-30	1.0E+10	1.0E+10	1E-30	1.0E+10	1.0E+10
11	4.53E-14	1E-30	1.0E-10	1.0E+10	0.000000000934	0.0296	1.0E+10	1E-30	5410	1.0E+10	0.0000000262	172	1.0E+10	0.0000000188	24.6	1.0E+10	0.0000000118	5.24	1E-30	1.0E+10	1.0E+10	1E-30	1.0E+10	1.0E+10	1E-30	1.0E+10	1.0E+10	1E-30	1.0E+10	1.0E+10	1E-30	1.0E+10	1.0E+10	1E-30	1.0E+10	1.0E+10	1E-30	1.0E+10	1.0E+10	1E-30	1.0E+10	1.0E+10	1E-30	1.0E+10	1.0E+10	1E-30	1.0E+10	1.0E+10
12	4.53E-14	1E-30	1.0E-10	1.0E+10	0.00000000112	0.0355	1.0E+10	1E-30	3930	1.0E+10	0.000000025	122	1.0E+10	0.0000000149	12	1.0E+10	0.000000024	5.12	1E-30	1.0E+10	1.0E+10	1E-30	1.0E+10	1.0E+10	1E-30	1.0E+10	1.0E+10	1E-30	1.0E+10	1.0E+10	1E-30	1.0E+10	1.0E+10	1E-30	1.0E+10	1.0E+10	1E-30	1.0E+10	1.0E+10	1E-30	1.0E+10	1.0E+10	1E-30	1.0E+10	1.0E+10	1E-30	1.0E+10	1.0E+10
13	4.53E-14	1E-30	1.0E-10	1.0E+10	0.00000000112	0.0355	1.0E+10	1E-30	3930	1.0E+10	0.000000025	122	1.0E+10	0.0000000149	12	1.0E+10	0.000000024	5.12	1E-30	1.0E+10	1.0E+10	1E-30	1.0E+10	1.0E+10	1E-30	1.0E+10	1.0E+10	1E-30	1.0E+10	1.0E+10	1E-30	1.0E+10	1.0E+10	1E-30	1.0E+10	1.0E+10	1E-30	1.0E+10	1.0E+10	1E-30	1.0E+10	1.0E+10	1E-30	1.0E+10	1.0E+10	1E-30	1.0E+10	1.0E+10
14	4.53E-14	1E-30	1.0E-10	1.0E+10	0.00000000112	0.0355	1.0E+10	1E-30	3930	1.0E+10	0.000000025	122	1.0E+10	0.0000000149	12	1.0E+10	0.000000024	5.12	1E-30	1.0E+10	1.0E+10	1E-30	1.0E+10	1.0E+10	1E-30	1.0E+10	1.0E+10	1E-30	1.0E+10	1.0E+10	1E-30	1.0E+10	1.0E+10	1E-30	1.0E+10	1.0E+10	1E-30	1.0E+10	1.0E+10	1E-30	1.0E+10	1.0E+10	1E-30	1.0E+10	1.0E+10	1E-30	1.0E+10	1.0E+10
15	4.85E-14	1E-30	1.0E-10	1.0E+10	0.0000000012	0.0447	1.0E+10	1E-30	3840	1.0E+10	0.0000000223	113	1.0E+10	0.0000000119	9.56	1.0E+10	0.0000000957	1.58	1E-30	1.0E+10	1.0E+10	1E-30	1.0E+10	1.0E+10	1E-30	1.0E+10	1.0E+10	1E-30	1.0E+10	1.0E+10	1E-30	1.0E+10	1.0E+10	1E-30	1.0E+10	1.0E+10	1E-30	1.0E+10	1.0E+10	1E-30	1.0E+10	1.0E+10	1E-30	1.0E+10	1.0E+10	1E-30	1.0E+10	1.0E+10
16	4.85E-14	1E-30	1.0E-10	1.0E+10	0.0000000012	0.0447	1.0E+10	1E-30	3840	1.0E+10	0.0000000223	113	1.0E+10	0.0000000119	9.56	1.0E+10	0.0000000957	1.58	1E-30	1.0E+10	1.0E+10	1E-30	1.0E+10	1.0E+10	1E-30	1.0E+10	1.0E+10	1E-30	1.0E+10	1.0E+10	1E-30	1.0E+10	1.0E+10	1E-30	1.0E+10	1.0E+10	1E-30	1.0E+10	1.0E+10	1E-30	1.0E+10	1.0E+10	1E-30	1.0E+10	1.0E+10	1E-30	1.0E+10	1.0E+10
17	4.85E-14	1E-30	1.0E-10	1.0E+10	0.0000000012	0.0447	1.0E+10	1E-30	3840	1.0E+10	0.0000000223	113	1.0E+10	0.0000000119	9.56	1.0E+10	0.0000000957	1.58	1E-30	1.0E+10	1.0E+10	1E-30	1.0E+10	1.0E+10	1E-30	1.0E+10	1.0E+10	1E-30	1.0E+10	1.0E+10	1E-30	1.0E+10	1.0E+10	1E-30	1.0E+10	1.0E+10	1E-30	1.0E+10	1.0E+10	1E-30	1.0E+10	1.0E+10	1E-30	1.0E+10	1.0E+10	1E-30	1.0E+10	1.0E+10
18	5.44E-14	1E-30	1.0E-10	1.0E+10	0.00000000126	0.0525	1.0E+10	1E-30	4020	1.0E+10	0.0000000354	193	1.0E+10	0.0000000142	16.6	1.0E+10	0.000000152	1.99	1E-30	1.0E+10	1.0E+10	1E-30	1.0E+10	1.0E+10	1E-30	1.0E+10	1.0E+10	1E-30	1.0E+10	1.0E+10	1E-30	1.0E+10	1.0E+10	1E-30	1.0E+10	1.0E+10	1E-30	1.0E+10	1.0E+10	1E-30	1.0E+10	1.0E+10	1E-30	1.0E+10	1.0E+10	1E-30	1.0E+10	1.0E+10
19	5.44E-14	1E-30	1.0E-10	1.0E+10	0.00000000126	0.0525	1.0E+10	1E-30	4020	1.0E+10	0.0000000354	193	1.0E+10	0.0000000142	16.6	1.0E+10	0.000000152	1.99	1E-30	1.0E+10	1.0E+10	1E-30	1.0E+10	1.0E+10	1E-30	1.0E+10	1.0E+10	1E-30	1.0E+10	1.0E+10	1E-30	1.0E+10	1.0E+10	1E-30	1.0E+10	1.0E+10	1E-30	1.0E+10	1.0E+10	1E-30	1.0E+10	1.0E+10	1E-30	1.0E+10	1.0E+10	1E-30	1.0E+10	1.0E+10
20	5.44E-14	1E-30	1.0E-10	1.0E+10	0.00000000126	0.0525	1.0E+10	1E-30	4020	1.0E+10	0.0000000354	193	1.0E+10	0.0000000142	16.6	1.0E+10	0.000000152	1.99	1E-30	1.0E+10	1.0E+10	1E-30	1.0E+10	1.0E+10	1E-30	1.0E+10	1.0E+10	1E-30	1.0E+10	1.0E+10	1E-30	1.0E+10	1.0E+10	1E-30	1.0E+10	1.0E+10	1E-30	1.0E+10	1.0E+10	1E-30	1.0E+10	1.0E+10	1E-30	1.0E+10	1.0E+10	1E-30	1.0E+10	1.0E+10
21	7.18E-14	1E-30	1.0E-10	1.0E+10	0.00000000138	0.0502	1.0E+10	1E-30	4110	1.0E+10	0.0000000322	143	1.0E+10	0.0000000175	19.1	1.0E+10	0.0000000577	2.88	1E-30	1.0E+10	1.0E+10	1E-30	1.0E+10	1.0E+10	1E-30	1.0E+10	1.0E+10	1E-30	1.0E+10	1.0E+10	1E-30	1.0E+10	1.0E+10	1E-30	1.0E+10	1.0E+10	1E-30	1.0E+10	1.0E+10	1E-30	1.0E+10	1.0E+10	1E-30	1.0E+10	1.0E+10	1E-30	1.0E+10	1.0E+10
22	7.18E-14	1E-30	1.0E-10	1.0E+10	0.00000000138	0.0502	1.0E+10	1E-30	4110	1.0E+10	0.0000000322	143	1.0E+10	0.0000000175	19.1	1.0E+10	0.0000000577	2.88	1E-30	1.0E+10	1.0E+10	1E-30	1.0E+10	1.0E+10	1E-30	1.0E+10	1.0E+10	1E-30	1.0E+10	1.0E+10	1E-30	1.0E+10	1.0E+10	1E-30	1.0E+10	1.0E+10	1E-30	1.0E+10	1.0E+10	1E-30	1.0E+10	1.0E+10	1E-30	1.0E+10	1.0E+10	1E-30	1.0E+10	1.0E+10
23	7.18E-14	1E-30	1.0E-10	1.0E+10	0.00000000138	0.0502	1.0E+10	1E-30	4110	1.0E+10	0.0000000322	143	1.0E+10	0.0000000175	19.1	1.0E+10	0.0000000577	2.88	1E-30	1.0E+10	1.0E+10	1E-30	1.0E+10	1.0E+10	1E-30	1.0E+10	1.0E+10	1E-30	1.0E+10	1.0E+10	1E-30	1.0E+10	1.0E+10	1E-30	1.0E+10	1.0E+10	1E-30	1.0E+10	1.0E+10	1E-30	1.0E+10	1.0E+10	1E-30	1.0E+10	1.0E+10	1E-30	1.0E+10	1.0E+10
24	7.18E-14	1E-30	1.0E-10	1.0E+10	0.00000000151	0.0631	1.0E+10	1E-30	6510	1.0E+10	0.0000000338	160	1.0E+10	0.0000000248	25.7	1.0E+10	0.00000853	107	1E-30	1.0E+10	1.0E+10	1E-30	1.0E+10	1.0E+10	1E-30	1.0E+10	1.0E+10	1E-30	1.0E+10	1.0E+10	1E-30	1.0E+10	1.0E+10	1E-30	1.0E+10	1.0E+10	1E-30	1.0E+10	1.0E+10	1E-30	1.0E+10	1.0E+10	1E-30	1.0E+10	1.0E+10	1E-30	1.0E+10	1.0E+10
25	7.18E-14	1E-30	1.0E-10	1.0E+10	0.00000000151	0.0631	1.0E+10	1E-30	6510	1.0E+10	0.0000000338	160	1.0E+10	0.0000000248	25.7	1.0E+10	0.00000853	107	1E-30	1.0E+10	1.0E+10	1E-30	1.0E+10	1.0E+10	1E-30	1.0E+10	1.0E+10	1E-30	1.0E+10	1.0E+10	1E-30	1.0E+10	1.0E+10	1E-30	1.0E+10	1.0E+10	1E-30	1.0E+10	1.0E+10	1E-30	1.0E+10	1.0E+10	1E-30	1.0E+10	1.0E+10	1E-30	1.0E+10	1.0E+10
26	7.18E-14	1E-30	1.0E-10	1.0E+10	0.00000000151	0.0631	1.0E+10	1E-30	6510	1.0E+10	0.0000000338	160	1.0E+10	0.0000000248	25.7	1.0E+10	0.00000853	107	1E-30	1.0E+10	1.0E+10	1E-30	1.0E+10	1.0E+10	1E-30	1.0E+10	1.0E+10	1E-30	1.0E+10	1.0E+10	1E-30	1.0E+10	1.0E+10	1E-30	1.0E+10	1.0E+10	1E-30	1.0E+10	1.0E+10	1E-30	1.0E+10	1.0E+10	1E-30	1.0E+10	1.0E+10	1E-30	1.0E+10	1.0E+10
27	0.000000000000067	1E-30	1.0E-10	1.0E+10	0.00000000195	0.0813	1.0E+10	1E-30	8010	1.0E+10	0.0000000445	254	1.0E+10	0.0000000197	22.9	1.0E+10	0.0000000121	0.407	1E-30	1.0E+10	1.0E+10	1E-30	1.0E+10	1.0E+10	1E-30	1.0E+10	1.0E+10	1E-30	1.0E+10	1.0E+10	1E-30	1.0E+10	1.0E+10	1E-30	1.0E+10	1.0E+10	1E-30	1.0E+10	1.0E+10	1E-30	1.0E+10	1.0E+10	1E-30	1.0E+10	1.0E+10	1E-30	1.0E+10	1.0E+10
28	0.000000000000067	1E-30	1.0E-10	1.0E+10	0.00000000195	0.0813	1.0E+10	1E-30	8010	1.0E+10	0.0000000445	254	1.0E+10	0.0000000197	22.9	1.0E+10	0.0000000121	0.407	1E-30	1.0E+10	1.0E+10	1E-30	1.0E+10	1.0E+10	1E-30	1.0E+10	1.0E+10	1E-30	1.0E+10	1.0E+10	1E-30	1.0E+10	1.0E+10	1E-30	1.0E+10	1.0E+10	1E-30	1.0E+10	1.0E+10	1E-30	1.0E+10	1.0E+10	1E-30	1.0E+10	1.0E+10	1E-30	1.0E+10	1.0E+10
29	0.000000000000067	1E-30	1.0E-10	1.0E+10	0.00000000195	0.0813	1.0E+10	1E-30	8010	1.0E+10	0.0000000445	254	1.0E+10	0.0000000197	22.9	1.0E+10	0.0000000121	0.407	1E-30	1.0E+10	1.0E+10	1E-30	1.0E+10	1.0E+10	1E-30	1.0E+10	1.0E+10	1E-30	1.0E+10	1.0E+10	1E-30	1.0E+10	1.0E+10	1E-30	1.0E+10	1.0E+10	1E-30	1.0E+10	1.0E+10	1E-30	1.0E+10	1.0E+10	1E-30	1.0E+10	1.0E+10	1E-30	1.0E+10	1.0E+10
30	6.69E-14	1E-30	1.0E-10	1.0E+10	0.00000000178	0.0708	1.0E+10	1E-30	12500	1.0E+10	0.0000000499	272	1.0E+10	0.0000000216	27	1.0E+10	0.000000778	6.59	1E-30	1.0E+10	1.0E+10	1E-30	1.0E+10	1.0E+10	1E-30	1.0E+10	1.0E+10	1E-30	1.0E+10	1.0E+10	1E-30	1.0E+10	1.0E+10	1E-30	1.0E+10	1.0E+10	1E-30	1.0E+10	1.0E+10	1E-30	1.0E+10	1.0E+10	1E-30	1.0E+10	1.0E+10	1E-30	1.0E+10	1.0E+10
31	6.69E-14	1E-30	1.0E-10	1.0E+10	0.00000000178	0.0708	1.0E+10	1E-30	12500	1.0E+10	0.0000000499	272	1.0E+10	0.0000000216	27	1.0E+10	0.000000778	6.59	1E-30	1.0E+10	1.0E+10	1E-30	1.0E+10	1.0E+10	1E-30	1.0E+10	1.0E+10	1E-30	1.0E+10	1.0E+10	1E-30	1.0E+10	1.0E+10	1E-30	1.0E+10	1.0E+10	1E-30	1.0E+10	1.0E+10	1E-30	1.0E+10	1.0E+10	1E-30	1.0E+10	1.0E+10	1E-30	1.0E+10	1.0E+10
32	6.69E-14	1E-30	1.0E-10	1.0E+10	0.00000000178	0.0708	1.0E+10	1E-30	12500	1.0E+10	0.0000000499	272	1.0E+10	0.0000000216	27	1.0E+10	0.000000778	6.59	1E-30	1.0E+10	1.0E+10	1E-30	1.0E+10	1.0E+10	1E-30	1.0E+10	1.0E+10	1E-30	1.0E+10	1.0E+10	1E-30	1.0E+10	1.0E+10	1E-30	1.0E+10	1.0E+10	1E-30	1.0E+10	1.0E+10	1E-30	1.0E+10	1.0E+10	1E-30	1.0E+10	1.0E+10	1E-30	1.0E+10	1.0E+10
33	0.000000000000052	1E-30	1.0E-10	1.0E+10	0.00000000186	0.0693	1.0E+10	1E-30	5540	1.0E+10	0.0000000435	160	1.0E+10	0.0000000192	17.4	1.0E+10	0.000000195	6.61	1E-30	1.0E+10	1.0E+10	1E-30	1.0E+10	1.0E+10	1E-30	1.0E+10	1.0E+10	1E-30	1.0E+10	1.0E+10	1E-30	1.0E+10	1.0E+10	1E-30	1.0E+10	1.0E+10	1E-30	1.0E+10	1.0E+10	1E-30	1.0E+10	1.0E+10	1E-30	1.0E+10	1.0E+10	1E-30	1.0E+10	1.0E+10
34	0.000000000000052	1E-30	1.0E-10	1.0E+10	0.00000000186	0.0693	1.0E+10	1E-30	5540	1.0E+10	0.0000000435	160	1.0E+10	0.0000000192	17.4	1.0E+10	0.000000195	6.61	1E-30	1.0E+10	1.0E+10	1E-30	1.0E+10	1.0E+10	1E-30	1.0E+10	1.0E+10	1E-30	1.0E+10	1.0E+10	1E-30	1.0E+10	1.0E+10	1E-30	1.0E+10	1.0E+10	1E-30	1.0E+10	1.0E+10	1E-30	1.0E+10	1.0E+10	1E-30	1.0E+10	1.0E+10	1E-30	1.0E+10	1.0E+10
35	0.000000000000052	1E-30	1.0E-10	1.0E+10	0.00000000186	0.0693	1.0E+10	1E-30	5540	1.0E+10	0.0000000435	160	1.0E+10	0.0000000192	17.4	1.0E+10	0.000000195	6.61	1E-30	1.0E+10	1.0E+10	1E-30	1.0E+10	1.0E+10	1E-30	1.0E+10	1.0E+10	1E-30	1.0E+10	1.0E+10	1E-30	1.0E+10	1.0E+10	1E-30	1.0E+10	1.0E+10	1E-30	1.0E+10	1.0E+10	1E-30	1.0E+10	1.0E+10	1E-30	1.0E+10	1.0E+10	1E-30	1.0E+10	1.0E+10
36	0.000000000000052	1E-30	1.0E-10	1.0E+10	0.00000000214	0.0603	1.0E+10	1E-30	5800	1.0E+10	0.0000000274	101	1.0E+10	0.0000000136	5.38	1.0E+10	0.0000000778	26.3	1E-30	1.0E+10	1.0E+10	1E-30	1.0E+10	1.0E+10	1E-30	1.0E+10	1.0E+10	1E-30	1.0E+10	1.0E+10	1E-30	1.0E+10	1.0E+10	1E-30	1.0E+10	1.0E+10	1E-30	1.0E+10	1.0E+10	1E-30	1.0E+10	1.0E+10	1E-30	1.0E+10	1.0E+10	1E-30	1.0E+10	1.0E+10
37	0.000000000000052	1E-30	1.0E-10	1.0E+10	0.00000000214	0.0603	1.0E+10	1E-30	5800	1.0E+10	0.0000000274	101	1.0E+10	0.0000000136	5.38	1.0E+10	0.0000000778	26.3	1E-30	1.0E+10	1.0E+10	1E-30	1.0E+10	1.0E+10	1E-30	1.0E+10	1.0E+10	1E-30	1.0E+10	1.0E+10	1E-30	1.0E+10	1.0E+10	1E-30	1.0E+10	1.0E+10	1E-30	1.0E+10	1.0E+10	1E-30	1.0E+10	1.0E+10	1E-30	1.0E+10	1.0E+10	1E-30	1.0E+10	1.0E+10
38	6.25E-14	1E-30	1.0E-10	1.0E+10	0.00000000224	0.0832	1.0E+10	1E-30	11100	1.0E+10	0.0000000643	343	1.0E+10	0.0000000188	20.5	1.0E+10	0.0000000647	0.489	1E-30	1.0E+10	1.0E+10	1E-30	1.0E+10	1.0E+10	1E-30	1.0E+10	1.0E+10	1E-30	1.0E+10	1.0E+10	1E-30	1.0E+10	1.0E+10	1E-30	1.0E+10	1.0E+10	1E-30	1.0E+10	1.0E+10	1E-30	1.0E+10	1.0E+10	1E-30	1.0E+10	1.0E+10	1E-30	1.0E+10	1.0E+10
39	6.25E-14	1E-30	1.0E-10	1.0E+10	0.00000000224	0.0832	1.0E+10	1E-30	11100	1.0E+10	0.0000000643	343	1.0E+10	0.0000000188	20.5	1.0E+10	0.0000000647	0.489	1E-30	1.0E+10	1.0E+10	1E-30	1.0E+10	1.0E+10	1E-30	1.0E+10	1.0E+10	1E-30	1.0E+10	1.0E+10	1E-30	1.0E+10	1.0E+10	1E-30	1.0E+10	1.0E+10	1E-30	1.0E+10	1.0E+10	1E-30	1.0E+10	1.0E+10	1E-30	1.0E+10	1.0E+10	1E-30	1.0E+10	1.0E+10
40	6.25E-14	1E-30	1.0E-10	1.0E+10	0.00000000235	0.0872	1.0E+10	1E-30	11100	1.0E+10	0.0000000643	351	1.0E+10	0.0000000202	20	1.0E+10	0.0000000633	0.407	1E-30	1.0E+10	1.0E+10	1E-30	1.0E+10	1.0E+10	1E-30	1.0E+10	1.0E+10	1E-30	1.0E+10	1.0E+10	1E-30	1.0E+10	1.0E+10	1E-30	1.0E+10	1.0E+10	1E-30	1.0E+10	1.0E+10	1E-30	1.0E+10	1.0E+10	1E-30	1.0E+10	1.0E+10	1E-30	1.0E+10	1.0E+10
41	6.25E-14	1E-30	1.0E-10	1.0E+10	0.00000000235	0.0872	1.0E+10	1E-30	11100	1.0E+10	0.0000000643	351	1.0E+10	0.0000000202	20	1.0E+10	0.0000000633	0.407	1E-30	1.0E+10	1.0E+10	1E-30	1.0E+10	1.0E+10	1E-30	1.0E+10	1.0E+10	1E-30	1.0E+10	1.0E+10	1E-30	1.0E+10	1.0E+10	1E-30	1.0E+10	1.0E+10	1E-30	1.0E+10	1.0E+10	1E-30	1.0E+10	1.0E+10	1E-30	1.0E+10	1.0E+10	1E-30	1.0E+10	1.0E+10
42	6.85E-14	1E-30	1.0E-10	1.0E+10	0.00000000251	0.0872	1.0E+10	1E-30	11100	1.0E+10	0.0000000643	320	1.0E+10	0.0000000202	20	1.0E+10	0.0000000662	0.388	1E-30	1.0E+10	1.0E+10	1E-30	1.0E+10	1.0E+10	1E-30	1.0E+10	1.0E+10	1E-30	1.0E+10	1.0E+10	1E-30	1.0E+10	1.0E+10	1E-30	1.0E+10	1.0E+10	1E-30	1.0E+10	1.0E+10	1E-30	1.0E+10	1.0E+10	1E-30	1.0E+10	1.0E+10	1E-30	1.0E+10	1.0E+10
43	6.85E-14	1E-30	1.0E-10	1.0E+10	0.00000000251	0.0872	1.0E+10	1E-30	11100	1.0E+10	0.0000000643	320	1.0E+10	0.0000000202	20	1.0E+10	0.0000000662	0.388	1E-30	1.0E+10	1.0E+10	1E-30	1.0E+10	1.0E+10	1E-30	1.0E+10	1.0E+10	1E-30	1.0E+10	1.0E+10	1E-30	1.0E+10	1.0E+10	1E-30	1.0E+10	1.0E+10	1E-30	1.0E+10	1.0E+10	1E-30	1.0E+10	1.0E+10	1E-30	1.0E+10	1.0E+10	1E-30	1.0E+10	1.0E+10
44	7.34E-14	1E-30	1.0E-10	1.0E+10	0.00000000257	0.0872	1.0E+10	1E-30	12700	1.0E+10	0.0000000643	313	1.0E+10	0.0000000226	21.9	1.0E+10	0.000000076	0.793	1E-30	1.0E+10	1.0E+10	1E-30	1.0E+10	1.0E+10	1E-30	1.0E+10	1.0E+10	1E-30	1.0E+10	1.0E+10	1E-30	1.0E+10	1.0E+10	1E-30	1.0E+10	1.0E+10	1E-30	1.0E+10	1.0E+10	1E-30	1.0E+10	1.0E+10	1E-30	1.0E+10	1.0E+10	1E-30	1.0E+10	1.0E+10
45	7.34E-14	1E-30	1.0E-10	1.0E+10	0.00000000257	0.0872	1.0E+10	1E-30	12700	1.0E+10	0.0000000643	313	1.0E+10	0.0000000226	21.9	1.0E+10	0.000000076	0.793	1E-30	1.0E+10	1.0E+10	1E-30	1.0E+10	1.0E+10	1E-30	1.0E+10	1.0E+10	1E-30	1.0E+10	1.0E+10	1E-30	1.0E+10	1.0E+10	1E-30	1.0E+10	1.0E+10	1E-30	1.0E+10	1.0E+10	1E-30	1.0E+10	1.0E+10	1E-30	1.0E+10	1.0E+10	1E-30	1.0E+10	1.0E+10
46	7.01E-14	1E-30	1.0E-10	1.0E+10	0.00000000282	0.0913	1.0E+10	1E-30	15600	1.0E+10	0.00000006	266	1.0E+10	0.0000000242	17.4	1.0E+10	0.000000796	7.07	1E-30	1.0E+10	1.0E+10	1E-30	1.0E+10	1.0E+10	1E-30	1.0E+10	1.0E+10	1E-30	1.0E+10	1.0E+10	1E-30	1.0E+10	1.0E+10	1E-30	1.0E+10	1.0E+10	1E-30	1.0E+10	1.0E+10	1E-30	1.0E+10	1.0E+10	1E-30	1.0E+10	1.0E+10	1E-30	1.0E+10	1.0E+10
47	7.01E-14	1E-30	1.0E-10	1.0E+10	0.00000000282	0.0913	1.0E+10	1E-30	15600	1.0E+10	0.00000006	266	1.0E+10	0.0000000242	17.4	1.0E+10	0.000000796	7.07	1E-30	1.0E+10	1.0E+10	1E-30	1.0E+10	1.0E+10	1E-30	1.0E+10	1.0E+10	1E-30	1.0E+10	1.0E+10	1E-30	1.0E+10	1.0E+10	1E-30	1.0E+10	1.0E+10	1E-30	1.0E+10	1.0E+10	1E-30	1.0E+10	1.0E+10	1E-30	1.0E+10	1.0E+10	1E-30	1.0E+10	1.0E+10
48	6.25E-14	1E-30	1.0E-10	1.0E+10	0.00000000282	0.123	1.0E+10	1E-30	17900	1.0E+10	0.00000006	272	1.0E+10	0.0000000367	31.7	1.0E+10	0.000000142	3.01	1E-30	1.0E+10	1.0E+10	1E-30	1.0E+10	1.0E+10	1E-30	1.0E+10	1.0E+10	1E-30	1.0E+10	1.0E+10	1E-30	1.0E+10	1.0E+10	1E-30	1.0E+10	1.0E+10	1E-30	1.0E+10	1.0E+10	1E-30	1.0E+10	1.0E+10	1E-30	1.0E+10	1.0E+10	1E-30	1.0E+10	1.0E+10
49	6.25E-14	1E-30	1.0E-10	1.0E+10	0.00000000282	0.123	1.0E+10	1E-30	17900	1.0E+10	0.00000006	272	1.0E+10	0.0000000367	31.7	1.0E+10	0.000000142	3.01	1E-30	1.0E+10	1.0E+10	1E-30	1.0E+10	1.0E+10	1E-30	1.0E+10	1.0E+10	1E-30	1.0E+10	1.0E+10	1E-30	1.0E+10	1.0E+10	1E-30	1.0E+10	1.0E+10	1E-30	1.0E+10	1.0E+10	1E-30	1.0E+10	1.0E+10	1E-30	1.0E+10	1.0E+10	1E-30	1.0E+10	1.0E+10
50	6.25E-14	1E-30	1.0E-10	1.0E+10	0.00000000295	0.0677	1.0E+10	1E-30	17900	1.0E+10	0.0000000773	422	1.0E+10	0.0000000242	12.9	1.0E+10	0.00000264	25.7	1E-30	1.0E+10	1.0E+10	1E-30	1.0E+10	1.0E+10	1E-30	1.0E+10	1.0E+10	1E-30	1.0E+10	1.0E+10	1E-30	1.0E+10	1.0E+10	1E-30	1.0E+10	1.0E+10	1E-30	1.0E+10	1.0E+10	1E-30	1.0E+10	1.0E+10	1E-30	1.0E+10	1.0E+10	1E-30	1.0E+10	1.0E+10
51	6.25E-14	1E-30	1.0E-10	1.0E+10	0.00000000295	0.0677	1.0E+10	1E-30	17900	1.0E+10	0.0000000773	422	1.0E+10	0.0000000242	12.9	1.0E+10	0.00000264	25.7	1E-30	1.0E+10	1.0E+10	1E-30	1.0E+10	1.0E+10	1E-30	1.0E+10	1.0E+10	1E-30	1.0E+10	1.0E+10	1E-30	1.0E+10	1.0E+10	1E-30	1.0E+10	1.0E+10	1E-30	1.0E+10	1.0E+10	1E-30	1.0E+10	1.0E+10	1E-30	1.0E+10	1.0E+10	1E-30	1.0E+10	1.0E+10
52	6.25E-14	1E-30	1.0E-10	1.0E+10	0.00000000309	0.0956	1.0E+10	1E-30	17100	1.0E+10	0.000000081	442	1.0E+10	0.0000000237	13.8	1.0E+10	0.00000258	25.1	1E-30	1.0E+10	1.0E+10	1E-30	1.0E+10	1.0E+10	1E-30	1.0E+10	1.0E+10	1E-30	1.0E+10	1.0E+10	1E-30	1.0E+10	1.0E+10	1E-30	1.0E+10	1.0E+10	1E-30	1.0E+10	1.0E+10	1E-30	1.0E+10	1.0E+10	1E-30	1.0E+10	1.0E+10	1E-30	1.0E+10	1.0E+10
53	6.25E-14	1E-30	1.0E-10	1.0E+10	0.00000000309	0.0956	1.0E+10	1E-30	17100	1.0E+10	0.000000081	442	1.0E+10	0.0000000237	13.8	1.0E+10	0.00000258	25.1	1E-30	1.0E+10	1.0E+10	1E-30	1.0E+10	1.0E+10	1E-30	1.0E+10	1.0E+10	1E-30	1.0E+10	1.0E+10	1E-30	1.0E+10	1.0E+10	1E-30	1.0E+10	1.0E+10	1E-30	1.0E+10	1.0E+10	1E-30	1.0E+10	1.0E+10	1E-30	1.0E+10	1.0E+10	1E-30	1.0E+10	1.0E+10
54	4.53E-14	1E-30	1.0E-10	1.0E+10	0.00000000324	0.148	1.0E+10	1E-30	17900	1.0E+10	0.0000000629	272	1.0E+10	0.0000000319	23.5	1.0E+10	0.000000224	3.23	1E-30	1.0E+10	1.0E+10	1E-30	1.0E+10	1.0E+10	1E-30	1.0E+10	1.0E+10	1E-30	1.0E+10	1.0E+10	1E-30	1.0E+10	1.0E+10	1E-30	1.0E+10	1.0E+10	1E-30	1.0E+10	1.0E+10	1E-30	1.0E+10	1.0E+10	1E-30	1.0E+10	1.0E+10	1E-30	1.0E+10	1.0E+10
55	4.53E-14	1E-30	1.0E-10	1.0E+10	0.00000000324	0.148	1.0E+10	1E-30	17900	1.0E+10	0.0000000629	272	1.0E+10	0.0000000319	23.5	1.0E+10	0.000000224	3.23	1E-30	1.0E+10	1.0E+10	1E-30	1.0E+10	1.0E+10	1E-30	1.0E+10	1.0E+10	1E-30	1.0E+10	1.0E+10	1E-30	1.0E+10	1.0E+10	1E-30	1.0E+10	1.0E+10	1E-30	1.0E+10	1.0E+10	1E-30	1.0E+10	1.0E+10	1E-30	1.0E+10	1.0E+10	1E-30	1.0E+10	1.0E+10
56	5.32E-14	1E-30	1.0E-10	1.0E+10	0.00000000339	0.148	1.0E+10	1E-30	16000	1.0E+10	0.0000000674	292	1.0E+10	0.0000000319	23.5	1.0E+10	0.000000191	2.75	1E-30	1.0E+10	1.0E+10	1E-30	1.0E+10	1.0E+10	1E-30	1.0E+10	1.0E+10	1E-30	1.0E+10	1.0E+10	1E-30	1.0E+10	1.0E+10	1E-30	1.0E+10	1.0E+10	1E-30	1.0E+10	1.0E+10	1E-30	1.0E+10	1.0E+10	1E-30	1.0E+10	1.0E+10	1E-30	1.0E+10	1.0E+10
57	5.32E-14	1E-30	1.0E-10	1.0E+10	0.00000000339	0.148	1.0E+10	1E-30	16000	1.0E+10	0.0000000674	292	1.0E+10	0.0000000319	23.5	1.0E+10	0.000000191	2.75	1E-30	1.0E+10	1.0E+10	1E-30	1.0E+10	1.0E+10	1E-30	1.0E+10	1.0E+10	1E-30	1.0E+10	1.0E+10	1E-30	1.0E+10	1.0E+10	1E-30	1.0E+10	1.0E+10	1E-30	1.0E+10	1.0E+10	1E-30	1.0E+10	1.0E+10	1E-30	1.0E+10	1.0E+10	1E-30	1.0E+10	1.0E+10
58	5.32E-14	1E-30	1.0E-10	1.0E+10	0.00000000347	0.148	1.0E+10	1E-30	21600	1.0E+10	0.0000000705	306	1.0E+10	0.000000035	25.8	1.0E+10	0.00000031	86.9	1E-30	1.0E+10	1.0E+10	1E-30	1.0E+10	1.0E+10	1E-30	1.0E+10	1.0E+10	1E-30	1.0E+10	1.0E+10	1E-30	1.0E+10	1.0E+10	1E-30	1.0E+10	1.0E+10	1E-30	1.0E+10	1.0E+10	1E-30	1.0E+10	1.0E+10	1E-30	1.0E+10	1.0E+10	1E-30	1.0E+10	1.0E+10
59	5.32E-14	1E-30	1.0E-10	1.0E+10	0.00000000347	0.148	1.0E+10	1E-30	21600	1.0E+10	0.0000000705	306	1.0E+10	0.000000035	25.8	1.0E+10	0.00000031	86.9	1E-30	1.0E+10	1.0E+10	1E-30	1.0E+10	1.0E+10	1E-30	1.0E+10	1.0E+10	1E-30	1.0E+10	1.0E+10	1E-30	1.0E+10	1.0E+10	1E-30	1.0E+10	1.0E+10	1E-30	1.0E+10	1.0E+10	1E-30	1.0E+10	1.0E+10	1E-30	1.0E+10	1.0E+10	1E-30	1.0E+10	1.0E+10
60	5.32E-14	1E-30	1.0E-10	1.0E+10	0.00000000363	0.162	1.0E+10	1E-30	20600	1.0E+10	0.0000000722	313	1.0E+10	0.0000000472	34.7	1.0E+10	0.0000000957	26.9	1E-30	1.0E+10	1.0E+10	1E-30	1.0E+10	1.0E+10	1E-30	1.0E+10	1.0E+10	1E-30	1.0E+10	1.0E+10	1E-30	1.0E+10	1.0E+10	1E-30	1.0E+10	1.0E+10	1E-30	1.0E+10	1.0E+10	1E-30	1.0E+10	1.0E+10	1E-30	1.0E+10	1.0E+10	1E-30	1.0E+10	1.0E+10
61	5.32E-14	1E-30	1.0E-10	1.0E+10	0.00000000363	0.162	1.0E+10	1E-30	20600	1.0E+10	0.0000000722	313	1.0E+10	0.0000000472	34.7	1.0E+10	0.0000000957	26.9	1E-30	1.0E+10	1.0E+10	1E-30	1.0E+10	1.0E+10	1E-30	1.0E+10	1.0E+10	1E-30	1.0E+10	1.0E+10	1E-30	1.0E+10	1.0E+10	1E-30	1.0E+10	1.0E+10	1E-30	1.0E+10	1.0E+10	1E-30	1.0E+10	1.0E+10	1E-30	1.0E+10	1.0E+10	1E-30	1.0E+10	1.0E+10
62	5.83E-14	1E-30	1.0E-10	1.0E+10	0.00000000372	0.155	1.0E+10	1E-30	21100	1.0E+10	0.0000000705	279	1.0E+10	0.0000000462	36.4	1.0E+10	0.000000112	33.1	1E-30	1.0E+10	1.0E+10	1E-30	1.0E+10	1.0E+10	1E-30	1.0E+10	1.0E+10	1E-30	1.0E+10	1.0E+10	1E-30	1.0E+10	1.0E+10	1E-30	1.0E+10	1.0E+10	1E-30	1.0E+10	1.0E+10	1E-30	1.0E+10	1.0E+10	1E-30	1.0E+10	1.0E+10	1E-30	1.0E+10	1.0E+10
63	5.83E-14	1E-30	1.0E-10	1.0E+10	0.00000000372	0.155	1.0E+10	1E-30	21100	1.0E+10	0.0000000705	279	1.0E+10	0.0000000462	36.4	1.0E+10	0.000000112	33.1	1E-30	1.0E+10	1.0E+10	1E-30	1.0E+10	1.0E+10	1E-30	1.0E+10	1.0E+10	1E-30	1.0E+10	1.0E+10	1E-30	1.0E+10	1.0E+10	1E-30	1.0E+10	1.0E+10	1E-30	1.0E+10	1.0E+10	1E-30	1.0E+10	1.0E+10	1E-30	1.0E+10	1.0E+10	1E-30	1.0E+10	1.0E+10
64	5.83E-14	1E-30	1.0E-10	1.0E+10	0.0000000038	0.155	1.0E+10	1E-30	25300	1.0E+10	0.0000000705	279	1.0E+10	0.0000000518	40.8	1.0E+10	0.000000135	39.7	1E-30	1.0E+10	1.0E+10	1E-30	1.0E+10	1.0E+10	1E-30	1.0E+10	1.0E+10	1E-30	1.0E+10	1.0E+10	1E-30	1.0E+10	1.0E+10	1E-30	1.0E+10	1.0E+10	1E-30	1.0E+10	1.0E+10	1E-30	1.0E+10	1.0E+10	1E-30	1.0E+10	1.0E+10	1E-30	1.0E+10	1.0E+10
65	5.83E-14	1E-30	1.0E-10	1.0E+10	0.0000000038	0.155	1.0E+10	1E-30	25300	1.0E+10	0.0000000705	279	1.0E+10	0.0000000518	40.8	1.0E+10	0.000000135	39.7	1E-30	1.0E+10	1.0E+10	1E-30	1.0E+10	1.0E+10	1E-30	1.0E+10	1.0E+10	1E-30	1.0E+10	1.0E+10	1E-30	1.0E+10	1.0E+10	1E-30	1.0E+10	1.0E+10	1E-30	1.0E+10	1.0E+10	1E-30	1.0E+10	1.0E+10	1E-30	1.0E+10	1.0E+10	1E-30	1.0E+10	1.0E+10
66	5.83E-14	1E-30	1.0E-10	1.0E+10	0.00000000398	0.155	1.0E+10	1E-30	24200	1.0E+10	0.0000000791	313	1.0E+10	0.0000000542	42.7	1.0E+10	0.000000115	33.8	1E-30	1.0E+10	1.0E+10	1E-30	1.0E+10	1.0E+10	1E-30	1.0E+10	1.0E+10	1E-30	1.0E+10	1.0E+10	1E-30	1.0E+10	1.0E+10	1E-30	1.0E+10	1.0E+10	1E-30	1.0E+10	1.0E+10	1E-30	1.0E+10	1.0E+10	1E-30	1.0E+10	1.0E+10	1E-30	1.0E+10	1.0E+10
67	5.83E-14	1E-30	1.0E-10	1.0E+10	0.00000000398	0.155	1.0E+10	1E-30	24200	1.0E+10	0.0000000791	313	1.0E+10	0.0000000542	42.7	1.0E+10	0.000000115	33.8	1E-30	1.0E+10	1.0E+10	1E-30	1.0E+10	1.0E+10	1E-30	1.0E+10	1.0E+10	1E-30	1.0E+10	1.0E+10	1E-30	1.0E+10	1.0E+10	1E-30	1.0E+10	1.0E+10	1E-30	1.0E+10	1.0E+10	1E-30	1.0E+10	1.0E+10	1E-30	1.0E+10	1.0E+10	1E-30	1.0E+10	1.0E+10
68	5.83E-14	1E-30	1.0E-10	1.0E+10	0.00000000417	0.174	1.0E+10	1E-30	22600	1.0E+10	0.0000000829	327	1.0E+10	0.0000000518	40.8	1.0E+10	0.000000107	10.5	1E-30	1.0E+10	1.0E+10	1E-30	1.0E+10	1.0E+10	1E-30	1.0E+10	1.0E+10	1E-30	1.0E+10	1.0E+10	1E-30	1.0E+10	1.0E+10	1E-30	1.0E+10	1.0E+10	1E-30	1.0E+10	1.0E+10	1E-30	1.0E+10	1.0E+10	1E-30	1.0E+10	1.0E+10	1E-30	1.0E+10	1.0E+10
69	5.83E-14	1E-30	1.0E-10	1.0E+10	0.00000000417	0.174	1.0E+10	1E-30	22600	1.0E+10	0.0000000829	327	1.0E+10	0.0000000518	40.8	1.0E+10	0.000000107	10.5	1E-30	1.0E+10	1.0E+10	1E-30	1.0E+10	1.0E+10	1E-30	1.0E+10	1.0E+10	1E-30	1.0E+10	1.0E+10	1E-30	1.0E+10	1.0E+10	1E-30	1.0E+10	1.0E+10	1E-30	1.0E+10	1.0E+10	1E-30	1.0E+10	1.0E+10	1E-30	1.0E+10	1.0E+10	1E-30	1.0E+10	1.0E+10
70	5.44E-14	1E-30	1.0E-10	1.0E+10	0.00000000437	0.214	1.0E+10	1E-30	27100	1.0E+10	0.0000000888	367	1.0E+10	0.000000053	41.8	1.0E+10	0.0000000815	7.93	1E-30	1.0E+10	1.0E+10	1E-30	1.0E+10	1.0E+10	1E-30	1.0E+10	1.0E+10	1E-30	1.0E+10	1.0E+10	1E-30	1.0E+10	1.0E+10	1E-30	1.0E+10	1.0E+10	1E-30	1.0E+10	1.0E+10	1E-30	1.0E+10	1.0E+10	1E-30	1.0E+10	1.0E+10	1E-30	1.0E+10	1.0E+10
71	5.44E-14	1E-30	1.0E-10	1.0E+10	0.00000000437	0.214	1.0E+10	1E-30	27100	1.0E+10	0.0000000888	367	1.0E+10	0.000000053	41.8	1.0E+10	0.0000000815	7.93	1E-30	1.0E+10	1.0E+10	1E-30	1.0E+10	1.0E+10	1E-30	1.0E+10	1.0E+10	1E-30	1.0E+10	1.0E+10	1E-30	1.0E+10	1.0E+10	1E-30	1.0E+10	1.0E+10	1E-30	1.0E+10	1.0E+10	1E-30	1.0E+10	1.0E+10	1E-30	1.0E+10	1.0E+10	1E-30	1.0E+10	1.0E+10
72	5.44E-14	1E-30	1.0E-10	1.0E+10	0.00000000447	0.219	1.0E+10	1E-30	24800	1.0E+10	0.0000000909	376	1.0E+10	0.0000000568	46.9	1.0E+10	0.000000071	1.86	1E-30	1.0E+10	1.0E+10	1E-30	1.0E+10	1.0E+10	1E-30	1.0E+10	1.0E+10	1E-30	1.0E+10	1.0E+10	1E-30	1.0E+10	1.0E+10	1E-30	1.0E+10	1.0E+10	1E-30	1.0E+10	1.0E+10	1E-30	1.0E+10	1.0E+10	1E-30	1.0E+10	1.0E+10	1E-30	1.0E+10	1.0E+10
73	5.44E-14	1E-30	1.0E-10	1.0E+10	0.00000000447	0.219	1.0E+10	1E-30	24800	1.0E+10	0.0000000909	376	1.0E+10	0.0000000568	46.9	1.0E+10	0.000000071	1.86	1E-30	1.0E+10	1.0E+10	1E-30	1.0E+10	1.0E+10	1E-30	1.0E+10	1.0E+10	1E-30	1.0E+10	1.0E+10	1E-30	1.0E+10	1.0E+10	1E-30	1.0E+10	1.0E+10	1E-30	1.0E+10	1.0E+10	1E-30	1.0E+10	1.0E+10	1E-30	1.0E+10	1.0E+10	1E-30	1.0E+10	1.0E+10
74	5.97E-14	1E-30	1.0E-10	1.0E+10	0.00000000468	0.204	1.0E+10	1E-30	23100	1.0E+10	0.000000093	403	1.0E+10	0.0000000483	40.8	1.0E+10	0.000000059	3.23	1E-30	1.0E+10	1.0E+10	1E-30	1.0E+10	1.0E+10	1E-30	1.0E+10	1.0E+10	1E-30	1.0E+10	1.0E+10	1E-30	1.0E+10	1.0E+10	1E-30	1.0E+10	1.0E+10	1E-30	1.0E+10	1.0E+10	1E-30	1.0E+10	1.0E+10	1E-30	1.0E+10	1.0E+10	1E-30	1.0E+10	1.0E+10
75	5.97E-14	1E-30	1.0E-10	1.0E+10	0.00000000468	0.204	1.0E+10	1E-30	23100	1.0E+10	0.000000093	403	1.0E+10	0.0000000483	40.8	1.0E+10	0.000000059	3.23	1E-30	1.0E+10	1.0E+10	1E-30	1.0E+10	1.0E+10	1E-30	1.0E+10	1.0E+10	1E-30	1.0E+10	1.0E+10	1E-30	1.0E+10	1.0E+10	1E-30	1.0E+10	1.0E+10	1E-30	1.0E+10	1.0E+10	1E-30	1.0E+10	1.0E+10	1E-30	1.0E+10	1.0E+10	1E-30	1.0E+10	1.0E+10
76	5.97E-14	1E-30	1.0E-10	1.0E+10	0.00000000479	0.224	1.0E+10	1E-30	23600	1.0E+10	0.0000000996	452	1.0E+10	0.0000000483	40.8	1.0E+10	0.0000000577	3.16	1E-30	1.0E+10	1.0E+10	1E-30	1.0E+10	1.0E+10	1E-30	1.0E+10	1.0E+10	1E-30	1.0E+10	1.0E+10	1E-30	1.0E+10	1.0E+10	1E-30	1.0E+10	1.0E+10	1E-30	1.0E+10	1.0E+10	1E-30	1.0E+10	1.0E+10	1E-30	1.0E+10	1.0E+10	1E-30	1.0E+10	1.0E+10
77	5.97E-14	1E-30	1.0E-10	1.0E+10	0.00000000479	0.224	1.0E+10	1E-30	23600	1.0E+10	0.0000000996	452	1.0E+10	0.0000000483	40.8	1.0E+10	0.0000000577	3.16	1E-30	1.0E+10	1.0E+10	1E-30	1.0E+10	1.0E+10	1E-30	1.0E+10	1.0E+10	1E-30	1.0E+10	1.0E+10	1E-30	1.0E+10	1.0E+10	1E-30	1.0E+10	1.0E+10	1E-30	1.0E+10	1.0E+10	1E-30	1.0E+10	1.0E+10	1E-30	1.0E+10	1.0E+10	1E-30	1.0E+10	1.0E+10
78	5.44E-14	1E-30	1.0E-10	1.0E+10	0.00000000502	0.224	1.0E+10	1E-30	23600	1.0E+10	0.0000000908	412	1.0E+10	0.0000000581	40.8	1.0E+10	0.0000000526	2.75	1E-30	1.0E+10	1.0E+10	1E-30	1.0E+10	1.0E+10	1E-30	1.0E+10	1.0E+10	1E-30	1.0E+10	1.0E+10	1E-30	1.0E+10	1.0E+10	1E-30	1.0E+10	1.0E+10	1E-30	1.0E+10	1.0E+10	1E-30	1.0E+10	1.0E+10	1E-30	1.0E+10	1.0E+10	1E-30	1.0E+10	1.0E+10
79	5.44E-14	1E-30	1.0E-10	1.0E+10	0.00000000502	0.224	1.0E+10	1E-30	23600	1.0E+10	0.0000000908	412	1.0E+10	0.0000000581	40.8	1.0E+10	0.0000000526	2.75	1E-30	1.0E+10	1.0E+10	1E-30	1.0E+10	1.0E+10	1E-30	1.0E+10	1.0E+10	1E-30	1.0E+10	1.0E+10	1E-30	1.0E+10	1.0E+10	1E-30	1.0E+10	1.0E+10	1E-30	1.0E+10	1.0E+10	1E-30	1.0E+10	1.0E+10	1E-30	1.0E+10	1.0E+10	1E-30	1.0E+10	1.0E+10
80	5.97E-14	1E-30	1.0E-10	1.0E+10	0.0000000055	0.251	1.0E+10	1E-30	17900	1.0E+10	0.0000000848	327	1.0E+10	0.000000053	24	1.0E+10	0.0000000356	0.83	1E-30	1.0E+10	1.0E+10	1E-30	1.0E+10	1.0E+10	1E-30	1.0E+10	1.0E+10	1E-30	1.0E+10	1.0E+10	1E-30	1.0E+10	1.0E+10	1E-30	1.0E+10	1.0E+10	1E-30	1.0E+10	1.0E+10	1E-30	1.0E+10	1.0E+10	1E-30	1.0E+10	1.0E+10	1E-30	1.0E+10	1.0E+10
81	5.97E-14	1E-30	1.0E-10	1.0E+10	0.0000000055	0.251	1.0E+10	1E-30	17900	1.0E+10	0.0000000848	327	1.0E+10	0.000000053	24	1.0E+10	0.0000000356	0.83	1E-30	1.0E+10	1.0E+10	1E-30	1.0E+10	1.0E+10	1E-30	1.0E+10	1.0E+10	1E-30	1.0E+10	1.0E+10	1E-30	1.0E+10	1.0E+10	1E-30	1.0E+10	1.0E+10	1E-30	1.0E+10	1.0E+10	1E-30	1.0E+10	1.0E+10	1E-30	1.0E+10	1.0E+10	1E-30	1.0E+10	1.0E+10
82	5.97E-14	1E-30	1.0E-10	1.0E+10	0.00000000576	0.224	1.0E+10	1E-30	17900	1.0E+10	0.0000000888	335	1.0E+10	0.0000000472	20.5	1.0E+10	0.0000000399	1.26	1E-30	1.0E+10	1.0E+10	1E-30	1.0E+10	1.0E+10	1E-30	1.0E+10	1.0E+10	1E-30	1.0E+10	1.0E+10	1E-30	1.0E+10	1.0E+10	1E-30	1.0E+10	1.0E+10	1E-30	1.0E+10	1.0E+10	1E-30	1.0E+10	1.0E+10	1E-30	1.0E+10	1.0E+10	1E-30	1.0E+10	1.0E+10
83	5.97E-14	1E-30	1.0E-10	1.0E+10	0.00000000576	0.224	1.0E+10	1E-30	17900	1.0E+10	0.0000000888	335	1.0E+10	0.0000000472	20.5	1.0E+10	0.0000000399	1.26	1E-30	1.0E+10	1.0E+10	1E-30	1.0E+10	1.0E+10	1E-30	1.0E+10	1.0E+10	1E-30	1.0E+10	1.0E+10	1E-30	1.0E+10	1.0E+10	1E-30	1.0E+10	1.0E+10	1E-30	1.0E+10	1.0E+10	1E-30	1.0E+10	1.0E+10	1E-30	1.0E+10	1.0E+10	1E-30	1.0E+10	1.0E+10
84	6.11E-14	1E-30	1.0E-10	1.0E+10	0.00000000537	0.269	1.0E+10	1E-30	35800	1.0E+10	0.000000104	543	1.0E+10	0.0000000623	51.4	1.0E+10	0.0000000514	2.75	1E-30	1.0E+10	1.0E+10	1E-30	1.0E+10	1.0E+10	1E-30	1.0E+10	1.0E+10	1E-30	1.0E+10	1.0E+10	1E-30	1.0E+10	1.0E+10	1E-30	1.0E+10	1.0E+10	1E-30	1.0E+10	1.0E+10	1E-30	1.0E+10	1.0E+10	1E-30	1.0E+10	1.0E+10	1E-30	1.0E+10	1.0E+10
85	6.11E-14	1E-30	1.0E-10	1.0E+10	0.00000000537	0.269	1.0E+10	1E-30	35800	1.0E+10	0.000000104	543	1.0E+10	0.0000000623	51.4	1.0E+10	0.0000000514	2.75	1E-30	1.0E+10	1.0E+10	1E-30	1.0E+10	1.0E+10	1E-30	1.0E+10	1.0E+10	1E-30	1.0E+10	1.0E+10	1E-30	1.0E+10	1.0E+10	1E-30	1.0E+10	1.0E+10	1E-30	1.0E+10	1.0E+10	1E-30	1.0E+10	1.0E+10	1E-30	1.0E+10	1.0E+10	1E-30	1.0E+10	1.0E+10
86	6.11E-14	1E-30	1.0E-10	1.0E+10	0.0000000055	0.246	1.0E+10	1E-30	22100	1.0E+10	0.000000151	785	1.0E+10	0.0000000595	79.6	1.0E+10	0.0000000448	2.13	1E-30	1.0E+10	1.0E+10	1E-30	1.0E+10	1.0E+10	1E-30	1.0E+10	1.0E+10	1E-30	1.0E+10	1.0E+10	1E-30	1.0E+10	1.0E+10	1E-30	1.0E+10	1.0E+10	1E-30	1.0E+10	1.0E+10	1E-30	1.0E+10	1.0E+10	1E-30	1.0E+10	1.0E+10	1E-30	1.0E+10	1.0E+10
87	6.11E-14	1E-30	1.0E-10	1.0E+10	0.0000000055	0.246	1.0E+10	1E-30	22100	1.0E+10	0.000000151	785	1.0E+10	0.0000000595	79.6	1.0E+10	0.0000000448	2.13	1E-30	1.0E+10	1.0E+10	1E-30	1.0E+10	1.0E+10	1E-30	1.0E+10	1.0E+10	1E-30	1.0E+10	1.0E+10	1E-30	1.0E+10	1.0E+10	1E-30	1.0E+10	1.0E+10	1E-30	1.0E+10	1.0E+10	1E-30	1.0E+10	1.0E+10	1E-30	1.0E+10	1.0E+10	1E-30	1.0E+10	1.0E+10
88	0.000000000000057	1E-30	1.0E-10	1.0E+10	0.0000000055	0.246	1.0E+10	1E-30	23600	1.0E+10	0.000000128	668	1.0E+10	0.0000000483	44.8	1.0E+10	0.000000098	3.88	1E-30	1.0E+10	1.0E+10	1E-30	1.0E+10	1.0E+10	1E-30	1.0E+10	1.0E+10	1E-30	1.0E+10	1.0E+10	1E-30	1.0E+10	1.0E+10	1E-30	1.0E+10	1.0E+10	1E-30	1.0E+10	1.0E+10	1E-30	1.0E+10	1.0E+10	1E-30	1.0E+10	1.0E+10	1E-30	1.0E+10	1.0E+10
89	0.000000000000057	1E-30	1.0E-10	1.0E+10	0.0000000055	0.246	1.0E+10	1E-30	23600	1.0E+10	0.000000128	668	1.0E+10	0.0000000483	44.8	1.0E+10	0.000000098	3.88	1E-30	1.0E+10	1.0E+10	1E-30	1.0E+10	1.0E+10	1E-30	1.0E+10	1.0E+10	1E-30	1.0E+10	1.0E+10	1E-30	1.0E+10	1.0E+10	1E-30	1.0E+10	1.0E+10	1E-30	1.0E+10	1.0E+10	1E-30	1.0E+10	1.0E+10	1E-30	1.0E+10	1.0E+10	1E-30	1.0E+10	1.0E+10
90	5.57E-14	1E-30	1.0E-10	1.0E+10	0.00000000576	0.251	1.0E+10	1E-30	26500	1.0E+10	0.0000000996	484	1.0E+10	0.0000000451	29.6	1.0E+10	0.0000000853	4.07	1E-30	1.0E+10	1.0E+10	1E-30	1.0E+10	1.0E+10	1E-30	1.0E+10	1.0E+10	1E-30	1.0E+10	1.0E+10	1E-30	1.0E+10	1.0E+10	1E-30	1.0E+10	1.0E+10	1E-30	1.0E+10	1.0E+10	1E-30	1.0E+10	1.0E+10	1E-30	1.0E+10	1.0E+10	1E-30	1.0E+10	1.0E+10
91	5.57E-14	1E-30	1.0E-10	1.0E+10	0.00000000576	0.251	1.0E+10	1E-30	26500	1.0E+10	0.0000000996	484	1.0E+10	0.0000000451	29.6	1.0E+10	0.0000000853	4.07	1E-30	1.0E+10	1.0E+10	1E-30	1.0E+10	1.0E+10	1E-30	1.0E+10	1.0E+10	1E-30	1.0E+10	1.0E+10	1E-30	1.0E+10	1.0E+10	1E-30	1.0E+10	1.0E+10	1E-30	1.0E+10	1.0E+10	1E-30	1.0E+10	1.0E+10	1E-30	1.0E+10	1.0E+10	1E-30	1.0E+10	1.0E+10
92	6.25E-14	1E-30	1.0E-10	1.0E+10	0.00000000603	0.295	1.0E+10	1E-30	26500	1.0E+10	0.000000138	716	1.0E+10	0.000000053	44.8	1.0E+10	0.000000098	3.88	1E-30	1.0E+10	1.0E+10	1E-30	1.0E+10	1.0E+10	1E-30	1.0E+10	1.0E+10	1E-30	1.0E+10	1.0E+10	1E-30	1.0E+10	1.0E+10	1E-30	1.0E+10	1.0E+10	1E-30	1.0E+10	1.0E+10	1E-30	1.0E+10	1.0E+10	1E-30	1.0E+10	1.0E+10	1E-30	1.0E+10	1.0E+10
93	6.25E-14	1E-30	1.0E-10	1.0E+10	0.00000000603	0.295	1.0E+10	1E-30	26500	1.0E+10	0.000000138	716	1.0E+10	0.000000053	44.8	1.0E+10	0.000000098	3.88	1E-30	1.0E+10	1.0E+10	1E-30	1.0E+10	1.0E+10	1E-30	1.0E+10	1.0E+10	1E-30	1.0E+10	1.0E+10	1E-30	1.0E+10	1.0E+10	1E-30	1.0E+10	1.0E+10	1E-30	1.0E+10	1.0E+10	1E-30	1.0E+10	1.0E+10	1E-30	1.0E+10	1.0E+10	1E-30	1.0E+10	1.0E+10
94	6.11E-14	1E-30	1.0E-10	1.0E+10	0.00000000629	0.316	1.0E+10	1E-30	27100	1.0E+10	0.000000186	1110	1.0E+10	0.000000101	126	1.0E+10	0.000000103	36.2	1E-30	1.0E+10	1.0E+10	1E-30	1.0E+10	1.0E+10	1E-30	1.0E+10	1.0E+10	1E-30	1.0E+10	1.0E+10	1E-30	1.0E+10	1.0E+10	1E-30	1.0E+10	1.0E+10	1E-30	1.0E+10	1.0E+10	1E-30	1.0E+10	1.0E+10	1E-30	1.0E+10	1.0E+10	1E-30	1.0E+10	1.0E+10
95	6.11E-14	1E-30	1.0E-10	1.0E+10	0.00000000629	0.316	1.0E+10	1E-30	27100	1.0E+10	0.000000186	1110	1.0E+10	0.000000101	126	1.0E+10	0.000000103	36.2	1E-30	1.0E+10	1.0E+10	1E-30	1.0E+10	1.0E+10	1E-30	1.0E+10	1.0E+10	1E-30	1.0E+10	1.0E+10	1E-30	1.0E+10	1.0E+10	1E-30	1.0E+10	1.0E+10	1E-30	1.0E+10	1.0E+10	1E-30	1.0E+10	1.0E+10	1E-30	1.0E+10	1.0E+10	1E-30	1.0E+10	1.0E+10
96	5.97E-14	1E-30	1.0E-10	1.0E+10	0.00000000661	0.347	1.0E+10	1E-30	27800	1.0E+10	0.000000169	902	1.0E+10	0.0000000821	66.2	1.0E+10	0.0000178	0.000407	1E-30	1.0E+10	1.0E+10	1E-30	1.0E+10	1.0E+10	1E-30	1.0E+10	1.0E+10	1E-30	1.0E+10	1.0E+10	1E-30	1.0E+10	1.0E+10	1E-30	1.0E+10	1.0E+10	1E-30	1.0E+10	1.0E+10	1E-30	1.0E+10	1.0E+10	1E-30	1.0E+10	1.0E+10	1E-30	1.0E+10	1.0E+10
97	5.97E-14	1E-30	1.0E-10	1.0E+10	0.00000000661	0.347	1.0E+10	1E-30	27800	1.0E+10	0.000000169	902	1.0E+10	0.0000000821	66.2	1.0E+10	0.0000178	0.000407	1E-30	1.0E+10	1.0E+10	1E-30	1.0E+10	1.0E+10	1E-30	1.0E+10	1.0E+10	1E-30	1.0E+10	1.0E+10	1E-30	1.0E+10	1.0E+10	1E-30	1.0E+10	1.0E+10	1E-30	1.0E+10	1.0E+10	1E-30	1.0E+10	1.0E+10	1E-30	1.0E+10	1.0E+10	1E-30	1.0E+10	1.0E+10
98	6.25E-14	1E-30	1.0E-10	1.0E+10	0.00000000777	0.389	1.0E+10	1E-30	36600	1.0E+10	0.000000158	750	1.0E+10	0.0000000732	56.4	1.0E+10	0.000000214	51.2	1E-30	1.0E+10	1.0E+10	1E-30	1.0E+10	1.0E+10	1E-30	1.0E+10	1.0E+10	1E-30	1.0E+10	1.0E+10	1E-30	1.0E+10	1.0E+10	1E-30	1.0E+10	1.0E+10	1E-30	1.0E+10	1.0E+10	1E-30	1.0E+10	1.0E+10	1E-30	1.0E+10	1.0E+10	1E-30	1.0E+10	1.0E+10
99	6.25E-14	1E-30	1.0E-10	1.0E+10	0.00000000777	0.389	1.0E+10	1E-30	36600	1.0E+10	0.000000158	750	1.0E+10	0.0000000732	56.4	1.0E+10	0.000000214	51.2	1E-30	1.0E+10	1.0E+10	1E-30	1.0E+10	1.0E+10	1E-30	1.0E+10	1.0E+10	1E-30	1.0E+10	1.0E+10	1E-30	1.0E+10	1.0E+10	1E-30	1.0E+10	1.0E+10	1E-30	1.0E+10	1.0E+10	1E-30	1.0E+10	1.0E+10	1E-30	1.0E+10	1.0E+10	1E-30	1.0E+10	1.0E+10
100	6.25E-14	1E-30	1.0E-10	1.0E+10	0.00000000852	0.389	1.0E+10	1E-30	36600	1.0E+10	0.000000177	841	1.0E+10	0.000000088	67.7	1.0E+10	0.000000219	34.6	1E-30	1.0E+10	1.0E+10	1E-30	1.0E+10	1.0E+10	1E-30	1.0E+10	1.0E+10	1E-30	1.0E+10	1.0E+10	1E-30	1.0E+10	1.0E+10	1E-30	1.0E+10	1.0E+10	1E-30	1.0E+10	1.0E+10	1E-30	1.0E+10	1.0E+10	1E-30	1.0E+10	1.0E+10	1E-30	1.0E+10	1.0E+10
101	6.25E-14	1E-30	1.0E-10	1.0E+10	0.00000000852	0.389	1.0E+10	1E-30	36600	1.0E+10	0.000000177	841	1.0E+10	0.000000088	67.7	1.0E+10	0.000000219	34.6	1E-30	1.0E+10	1.0E+10	1E-30	1.0E+10	1.0E+10	1E-30	1.0E+10	1.0E+10	1E-30	1.0E+10	1.0E+10	1E-30	1.0E+10	1.0E+10	1E-30	1.0E+10	1.0E+10	1E-30	1.0E+10	1.0E+10	1E-30	1.0E+10	1.0E+10	1E-30	1.0E+10	1.0E+10	1E-30	1.0E+10	1.0E+10
102	5.83E-14	1E-30	1.0E-10	1.0E+10	0.00000000913	0.479	1.0E+10	1E-30	30500	1.0E+10	0.000000165	610	1.0E+10	0.000000113	63.2	1.0E+10	0.0000011	63	1E-30	1.0E+10	1.0E+10	1E-30	1.0E+10	1.0E+10	1E-30	1.0E+10	1.0E+10	1E-30	1.0E+10	1.0E+10	1E-30	1.0E+10	1.0E+10	1E-30	1.0E+10	1.0E+10	1E-30	1.0E+10	1.0E+10	1E-30	1.0E+10	1.0E+10	1E-30	1.0E+10	1.0E+10	1E-30	1.0E+10	1.0E+10
103	5.83E-14	1E-30	1.0E-10	1.0E+10	0.00000000913	0.479	1.0E+10	1E-30	30500	1.0E+10	0.000000165	610	1.0E+10	0.000000113	63.2	1.0E+10	0.0000011	63	1E-30	1.0E+10	1.0E+10	1E-30	1.0E+10	1.0E+10	1E-30	1.0E+10	1.0E+10	1E-30	1.0E+10	1.0E+10	1E-30	1.0E+10	1.0E+10	1E-30	1.0E+10	1.0E+10	1E-30	1.0E+10	1.0E+10	1E-30	1.0E+10	1.0E+10	1E-30	1.0E+10	1.0E+10	1E-30	1.0E+10	1.0E+10
104	5.83E-14	1E-30	1.0E-10	1.0E+10	0.0000000102	0.389	1.0E+10	1E-30	16000	1.0E+10	0.000000173	569	1.0E+10	0.0000000921	44.8	1.0E+10	0.00000647	21800	1E-30	1.0E+10	1.0E+10	1E-30	1.0E+10	1.0E+10	1E-30	1.0E+10	1.0E+10	1E-30	1.0E+10	1.0E+10	1E-30	1.0E+10	1.0E+10	1E-30	1.0E+10	1.0E+10	1E-30	1.0E+10	1.0E+10	1E-30	1.0E+10	1.0E+10	1E-30	1.0E+10	1.0E+10	1E-30	1.0E+10	1.0E+10
105	5.83E-14	1E-30	1.0E-10	1.0E+10	0.0000000102	0.389	1.0E+10	1E-30	16000	1.0E+10	0.000000173	569	1.0E+10	0.0000000921	44.8	1.0E+10	0.00000647	21800	1E-30	1.0E+10	1.0E+10	1E-30	1.0E+10	1.0E+10	1E-30	1.0E+10	1.0E+10	1E-30	1.0E+10	1.0E+10	1E-30	1.0E+10	1.0E+10	1E-30	1.0E+10	1.0E+10	1E-30	1.0E+10	1.0E+10	1E-30	1.0E+10	1.0E+10	1E-30	1.0E+10	1.0E+10	1E-30	1.0E+10	1.0E+10
106	0.000000000000057	1E-30	1.0E-10	1.0E+10	0.0000000138	0.603	1.0E+10	1E-30	24200	1.0E+10	0.000000239	1080	1.0E+10	0.000000108	81.5	1.0E+10	0.0000000526	1.82	1E-30	1.0E+10	1.0E+10	1E-30	1.0E+10	1.0E+10	1E-30	1.0E+10	1.0E+10	1E-30	1.0E+10	1.0E+10	1E-30	1.0E+10	1.0E+10	1E-30	1.0E+10	1.0E+10	1E-30	1.0E+10	1.0E+10	1E-30	1.0E+10	1.0E+10	1E-30	1.0E+10	1.0E+10	1E-30	1.0E+10	1.0E+10
107	0.000000000000057	1E-30	1.0E-10	1.0E+10	0.0000000138	0.603	1.0E+10	1E-30	24200	1.0E+10	0.000000239	1080	1.0E+10	0.000000108	81.5	1.0E+10	0.0000000526	1.82	1E-30	1.0E+10	1.0E+10	1E-30	1.0E+10	1.0E+10	1E-30	1.0E+10	1.0E+10	1E-30	1.0E+10	1.0E+10	1E-30	1.0E+10	1.0E+10	1E-30	1.0E+10	1.0E+10	1E-30	1.0E+10	1.0E+10	1E-30	1.0E+10	1.0E+10	1E-30	1.0E+10	1.0E+10	1E-30	1.0E+10	1.0E+10
108	6.25E-14	1E-30	1.0E-10	1.0E+10	0.0000000164	0.813	1.0E+10	1E-30	21100	1.0E+10	0.000000239	944	1.0E+10	0.000000149	100	1.0E+10	0.0000000399	1.55	1E-30	1.0E+10	1.0E+10	1E-30	1.0E+10	1.0E+10	1E-30	1.0E+10	1.0E+10	1E-30	1.0E+10	1.0E+10	1E-30	1.0E+10	1.0E+10	1E-30	1.0E+10	1.0E+10	1E-30	1.0E+10	1.0E+10	1E-30	1.0E+10	1.0E+10	1E-30	1.0E+10	1.0E+10	1E-30	1.0E+10	1.0E+10
109	6.25E-14	1E-30	1.0E-10	1.0E+10	0.0000000164	0.813	1.0E+10	1E-30	21100	1.0E+10	0.000000239	944	1.0E+10	0.000000149	100	1.0E+10	0.0000000399	1.55	1E-30	1.0E+10	1.0E+10	1E-30	1.0E+10	1.0E+10	1E-30	1.0E+10	1.0E+10	1E-30	1.0E+10	1.0E+10	1E-30	1.0E+10	1.0E+10	1E-30	1.0E+10	1.0E+10	1E-30	1.0E+10	1.0E+10	1E-30	1.0E+10	1.0E+10	1E-30	1.0E+10	1.0E+10	1E-30	1.0E+10	1.0E+10
110	0.000000000000057	1E-30	1.0E-10	1.0E+10	0.0000000132	0.479	1.0E+10	1E-30	30500	1.0E+10	0.000000234	1040	1.0E+10	0.000000119	70.9	1.0E+10	0.00000633	932	1E-30	1.0E+10	1.0E+10	1E-30	1.0E+10	1.0E+10	1E-30	1.0E+10	1.0E+10	1E-30	1.0E+10	1.0E+10	1E-30	1.0E+10	1.0E+10	1E-30	1.0E+10	1.0E+10	1E-30	1.0E+10	1.0E+10	1E-30	1.0E+10	1.0E+10	1E-30	1.0E+10	1.0E+10	1E-30	1.0E+10	1.0E+10
111	0.000000000000057	1E-30	1.0E-10	1.0E+10	0.0000000132	0.479	1.0E+10	1E-30	30500	1.0E+10	0.000000234	1040	1.0E+10	0.000000119	70.9	1.0E+10	0.00000633	932	1E-30	1.0E+10	1.0E+10	1E-30	1.0E+10	1.0E+10	1E-30	1.0E+10	1.0E+10	1E-30	1.0E+10	1.0E+10	1E-30	1.0E+10	1.0E+10	1E-30	1.0E+10	1.0E+10	1E-30	1.0E+10	1.0E+10	1E-30	1.0E+10	1.0E+10	1E-30	1.0E+10	1.0E+10	1E-30	1.0E+10	1.0E+10
112	5.44E-14	1E-30	1.0E-10	1.0E+10	0.0000000148	0.725	1.0E+10	1E-30	47200	1.0E+10	0.000000362	2260	1.0E+10	0.00000018	170	1.0E+10	0.000000235	18.6	1E-30	1.0E+10	1.0E+10	1E-30	1.0E+10	1.0E+10	1E-30	1.0E+10	1.0E+10	1E-30	1.0E+10	1.0E+10	1E-30	1.0E+10	1.0E+10	1E-30	1.0E+10	1.0E+10	1E-30	1.0E+10	1.0E+10	1E-30	1.0E+10	1.0E+10	1E-30	1.0E+10	1.0E+10	1E-30	1.0E+10	1.0E+10
113	5.44E-14	1E-30	1.0E-10	1.0E+10	0.0000000148	0.725	1.0E+10	1E-30	47200	1.0E+10	0.000000362	2260	1.0E+10	0.00000018	170	1.0E+10	0.000000235	18.6	1E-30	1.0E+10	1.0E+10	1E-30	1.0E+10	1.0E+10	1E-30	1.0E+10	1.0E+10	1E-30	1.0E+10	1.0E+10	1E-30	1.0E+10	1.0E+10	1E-30	1.0E+10	1.0E+10	1E-30	1.0E+10	1.0E+10	1E-30	1.0E+10	1.0E+10	1E-30	1.0E+10	1.0E+10	1E-30	1.0E+10	1.0E+10
114	5.57E-14	1E-30	1.0E-10	1.0E+10	0.0000000159	0.725	1.0E+10	1E-30	33400	1.0E+10	0.000000535	3350	1.0E+10	0.000000211	276	1.0E+10	0.000000235	32.3	1E-30	1.0E+10	1.0E+10	1E-30	1.0E+10	1.0E+10	1E-30	1.0E+10	1.0E+10	1E-30	1.0E+10	1.0E+10	1E-30	1.0E+10	1.0E+10	1E-30	1.0E+10	1.0E+10	1E-30	1.0E+10	1.0E+10	1E-30	1.0E+10	1.0E+10	1E-30	1.0E+10	1.0E+10	1E-30	1.0E+10	1.0E+10
115	5.57E-14	1E-30	1.0E-10	1.0E+10	0.0000000159	0.725	1.0E+10	1E-30	33400	1.0E+10	0.000000535	3350	1.0E+10	0.000000211	276	1.0E+10	0.000000235	32.3	1E-30	1.0E+10	1.0E+10	1E-30	1.0E+10	1.0E+10	1E-30	1.0E+10	1.0E+10	1E-30	1.0E+10	1.0E+10	1E-30	1.0E+10	1.0E+10	1E-30	1.0E+10	1.0E+10	1E-30	1.0E+10	1.0E+10	1E-30	1.0E+10	1.0E+10	1E-30	1.0E+10	1.0E+10	1E-30	1.0E+10	1.0E+10
116	0.000000000000057	1E-30	1.0E-10	1.0E+10	0.0000000177	0.852	1.0E+10	1E-30	33400	1.0E+10	0.000000322	1220	1.0E+10	0.000000231	155	1.0E+10	0.00000178	22.9	4.09E-15	0.0000000173	64.4	1E-30	1.0E+10	1.0E+10	1E-30	1.0E+10	1.0E+10	1E-30	1.0E+10	1.0E+10	1E-30	1.0E+10	1.0E+10	1E-30	1.0E+10	1.0E+10	1E-30	1.0E+10	1.0E+10	1E-30	1.0E+10	1.0E+10	1E-30	1.0E+10	1.0E+10	1E-30	1.0E+10	1.0E+10
117	0.000000000000057	1E-30	1.0E-10	1.0E+10	0.0000000177	0.852	1.0E+10	1E-30	33400	1.0E+10	0.000000322	1220	1.0E+10	0.000000231	155	1.0E+10	0.00000178	22.9	4.09E-15	0.0000000173	64.4	1E-30	1.0E+10	1.0E+10	1E-30	1.0E+10	1.0E+10	1E-30	1.0E+10	1.0E+10	1E-30	1.0E+10	1.0E+10	1E-30	1.0E+10	1.0E+10	1E-30	1.0E+10	1.0E+10	1E-30	1.0E+10	1.0E+10	1E-30	1.0E+10	1.0E+10	1E-30	1.0E+10	1.0E+10
118	4.97E-14	1E-30	1.0E-10	1.0E+10	0.0000000182	0.892	1.0E+10	1E-30	69800	1.0E+10	0.000000425	2600	1.0E+10	0.00000026	258	1.0E+10	0.00000246	889	1.07E-14	0.000000006	48.1	1E-30	1.0E+10	1.0E+10	1E-30	1.0E+10	1.0E+10	1E-30	1.0E+10	1.0E+10	1E-30	1.0E+10	1.0E+10	1E-30	1.0E+10	1.0E+10	1E-30	1.0E+10	1.0E+10	1E-30	1.0E+10	1.0E+10	1E-30	1.0E+10	1.0E+10	1E-30	1.0E+10	1.0E+10
119	4.97E-14	1E-30	1.0E-10	1.0E+10	0.0000000182	0.892	1.0E+10	1E-30	69800	1.0E+10	0.000000425	2600	1.0E+10	0.00000026	258	1.0E+10	0.00000246	889	1.07E-14	0.000000006	48.1	1E-30	1.0E+10	1.0E+10	1E-30	1.0E+10	1.0E+10	1E-30	1.0E+10	1.0E+10	1E-30	1.0E+10	1.0E+10	1E-30	1.0E+10	1.0E+10	1E-30	1.0E+10	1.0E+10	1E-30	1.0E+10	1.0E+10	1E-30	1.0E+10	1.0E+10	1E-30	1.0E+10	1.0E+10
120	4.74E-14	1E-30	1.0E-10	1.0E+10	0.0000000229	1.74	1.0E+10	1E-30	62200	1.0E+10	0.000000614	4030	1.0E+10	0.000000451	551	1.0E+10	0.0000002	12.3	1.51E-14	0.00000000511	36.5	1E-30	1.0E+10	1.0E+10	1E-30	1.0E+10	1.0E+10	1E-30	1.0E+10	1.0E+10	1E-30	1.0E+10	1.0E+10	1E-30	1.0E+10	1.0E+10	1E-30	1.0E+10	1.0E+10	1E-30	1.0E+10	1.0E+10	1E-30	1.0E+10	1.0E+10	1E-30	1.0E+10	1.0E+10
121	4.74E-14	1E-30	1.0E-10	1.0E+10	0.0000000229	1.74	1.0E+10	1E-30	62200	1.0E+10	0.000000614	4030	1.0E+10	0.000000451	551	1.0E+10	0.0000002	12.3	1.51E-14	0.00000000511	36.5	1E-30	1.0E+10	1.0E+10	1E-30	1.0E+10	1.0E+10	1E-30	1.0E+10	1.0E+10	1E-30	1.0E+10	1.0E+10	1E-30	1.0E+10	1.0E+10	1E-30	1.0E+10	1.0E+10	1E-30	1.0E+10	1.0E+10	1E-30	1.0E+10	1.0E+10	1E-30	1.0E+10	1.0E+10
122	0.000000000000064	1E-30	1.0E-10	1.0E+10	0.0000000269	1.7	1.0E+10	1E-30	38400	1.0E+10	0.000000547	2850	1.0E+10	0.000000411	514	1.0E+10	0.000000209	12.6	3.09E-15	0.0000000345	79.9	1E-30	1.0E+10	1.0E+10	1E-30	1.0E+10	1.0E+10	1E-30	1.0E+10	1.0E+10	1E-30	1.0E+10	1.0E+10	1E-30	1.0E+10	1.0E+10	1E-30	1.0E+10	1.0E+10	1E-30	1.0E+10	1.0E+10	1E-30	1.0E+10	1.0E+10	1E-30	1.0E+10	1.0E+10
123	0.000000000000064	1E-30	1.0E-10	1.0E+10	0.0000000269	1.7	1.0E+10	1E-30	38400	1.0E+10	0.000000547	2850	1.0E+10	0.000000411	514	1.0E+10	0.000000209	12.6	3.09E-15	0.0000000345	79.9	1E-30	1.0E+10	1.0E+10	1E-30	1.0E+10	1.0E+10	1E-30	1.0E+10	1.0E+10	1E-30	1.0E+10	1.0E+10	1E-30	1.0E+10	1.0E+10	1E-30	1.0E+10	1.0E+10	1E-30	1.0E+10	1.0E+10	1E-30	1.0E+10	1.0E+10	1E-30	1.0E+10	1.0E+10
124	5.84E-14	1E-30	1.0E-10	1.0E+10	0.0000000282	1.78	1.0E+10	1E-30	38400	1.0E+10	0.000000547	2850	1.0E+10	0.000000581	726	1.0E+10	0.000000209	13.2	8.51E-15	0.0000000125	149	1E-30	1.0E+10	1.0E+10	1E-30	1.0E+10	1.0E+10	1E-30	1.0E+10	1.0E+10	1E-30	1.0E+10	1.0E+10	1E-30	1.0E+10	1.0E+10	1E-30	1.0E+10	1.0E+10	1E-30	1.0E+10	1.0E+10	1E-30	1.0E+10	1.0E+10	1E-30	1.0E+10	1.0E+10
125	5.84E-14	1E-30	1.0E-10	1.0E+10	0.0000000282	1.78	1.0E+10	1E-30	38400	1.0E+10	0.000000547	2850	1.0E+10	0.000000581	726	1.0E+10	0.000000209	13.2	8.51E-15	0.0000000125	149	1E-30	1.0E+10	1.0E+10	1E-30	1.0E+10	1.0E+10	1E-30	1.0E+10	1.0E+10	1E-30	1.0E+10	1.0E+10	1E-30	1.0E+10	1.0E+10	1E-30	1.0E+10	1.0E+10	1E-30	1.0E+10	1.0E+10	1E-30	1.0E+10	1.0E+10	1E-30	1.0E+10	1.0E+10
END DSCRDATA
