BEGIN DSCRDATA
% INDEX	K01	L01	M01	K02	L02	M02	K03	L03	M03	K04	L04	M04	K05	L05	M05	K06	L06	M06	K07	L07	M07	K08	L08	M08	K09	L09	M09	K10	L10	M10	K11	L11	M11	K12	L12	M12	K13	L13	M13	K14	L14	M14	K15	L15	M15	K16	L16	M16
0	4.53E-14	1E-30	1.0E-10	1.0E+10	0.000000000324	0.00372	1.0E+10	1E-30	9630	1.0E+10	0.00000000379	0.0122	1.0E+10	0.00000000921	5.25	1.0E+10	0.000000209	436	1E-30	1.0E+10	1.0E+10	1E-30	1.0E+10	1.0E+10	1E-30	1.0E+10	1.0E+10	1E-30	1.0E+10	1.0E+10	1E-30	1.0E+10	1.0E+10	1E-30	1.0E+10	1.0E+10	1E-30	1.0E+10	1.0E+10	1E-30	1.0E+10	1.0E+10	1E-30	1.0E+10	1.0E+10	1E-30	1.0E+10	1.0E+10
1	4.53E-14	1E-30	1.0E-10	1.0E+10	0.000000000324	0.00372	1.0E+10	1E-30	9630	1.0E+10	0.00000000379	0.0122	1.0E+10	0.00000000921	5.25	1.0E+10	0.000000209	436	1E-30	1.0E+10	1.0E+10	1E-30	1.0E+10	1.0E+10	1E-30	1.0E+10	1.0E+10	1E-30	1.0E+10	1.0E+10	1E-30	1.0E+10	1.0E+10	1E-30	1.0E+10	1.0E+10	1E-30	1.0E+10	1.0E+10	1E-30	1.0E+10	1.0E+10	1E-30	1.0E+10	1.0E+10	1E-30	1.0E+10	1.0E+10
2	4.53E-14	1E-30	1.0E-10	1.0E+10	0.000000000324	0.00372	1.0E+10	1E-30	9630	1.0E+10	0.00000000379	0.0122	1.0E+10	0.00000000921	5.25	1.0E+10	0.000000209	436	1E-30	1.0E+10	1.0E+10	1E-30	1.0E+10	1.0E+10	1E-30	1.0E+10	1.0E+10	1E-30	1.0E+10	1.0E+10	1E-30	1.0E+10	1.0E+10	1E-30	1.0E+10	1.0E+10	1E-30	1.0E+10	1.0E+10	1E-30	1.0E+10	1.0E+10	1E-30	1.0E+10	1.0E+10	1E-30	1.0E+10	1.0E+10
3	1.09E-14	1E-30	1.0E-10	1.0E+10	0.000000000525	0.00631	1.0E+10	1E-30	8790	1.0E+10	0.0000000288	21.6	1.0E+10	0.00000000184	0.00166	1.0E+10	0.0000000551	174	1E-30	1.0E+10	1.0E+10	1E-30	1.0E+10	1.0E+10	1E-30	1.0E+10	1.0E+10	1E-30	1.0E+10	1.0E+10	1E-30	1.0E+10	1.0E+10	1E-30	1.0E+10	1.0E+10	1E-30	1.0E+10	1.0E+10	1E-30	1.0E+10	1.0E+10	1E-30	1.0E+10	1.0E+10	1E-30	1.0E+10	1.0E+10
4	1.09E-14	1E-30	1.0E-10	1.0E+10	0.000000000525	0.00631	1.0E+10	1E-30	8790	1.0E+10	0.0000000288	21.6	1.0E+10	0.00000000184	0.00166	1.0E+10	0.0000000551	174	1E-30	1.0E+10	1.0E+10	1E-30	1.0E+10	1.0E+10	1E-30	1.0E+10	1.0E+10	1E-30	1.0E+10	1.0E+10	1E-30	1.0E+10	1.0E+10	1E-30	1.0E+10	1.0E+10	1E-30	1.0E+10	1.0E+10	1E-30	1.0E+10	1.0E+10	1E-30	1.0E+10	1.0E+10	1E-30	1.0E+10	1.0E+10
5	1.09E-14	1E-30	1.0E-10	1.0E+10	0.000000000525	0.00631	1.0E+10	1E-30	8790	1.0E+10	0.0000000288	21.6	1.0E+10	0.00000000184	0.00166	1.0E+10	0.0000000551	174	1E-30	1.0E+10	1.0E+10	1E-30	1.0E+10	1.0E+10	1E-30	1.0E+10	1.0E+10	1E-30	1.0E+10	1.0E+10	1E-30	1.0E+10	1.0E+10	1E-30	1.0E+10	1.0E+10	1E-30	1.0E+10	1.0E+10	1E-30	1.0E+10	1.0E+10	1E-30	1.0E+10	1.0E+10	1E-30	1.0E+10	1.0E+10
6	2.07E-14	1E-30	1.0E-10	1.0E+10	0.000000000537	0.00851	1.0E+10	1E-30	8790	1.0E+10	0.0000000093	7.86	1.0E+10	0.00000216	2820	1.0E+10	0.0000000107	0.645	1E-30	1.0E+10	1.0E+10	1E-30	1.0E+10	1.0E+10	1E-30	1.0E+10	1.0E+10	1E-30	1.0E+10	1.0E+10	1E-30	1.0E+10	1.0E+10	1E-30	1.0E+10	1.0E+10	1E-30	1.0E+10	1.0E+10	1E-30	1.0E+10	1.0E+10	1E-30	1.0E+10	1.0E+10	1E-30	1.0E+10	1.0E+10
7	2.07E-14	1E-30	1.0E-10	1.0E+10	0.000000000537	0.00851	1.0E+10	1E-30	8790	1.0E+10	0.0000000093	7.86	1.0E+10	0.00000216	2820	1.0E+10	0.0000000107	0.645	1E-30	1.0E+10	1.0E+10	1E-30	1.0E+10	1.0E+10	1E-30	1.0E+10	1.0E+10	1E-30	1.0E+10	1.0E+10	1E-30	1.0E+10	1.0E+10	1E-30	1.0E+10	1.0E+10	1E-30	1.0E+10	1.0E+10	1E-30	1.0E+10	1.0E+10	1E-30	1.0E+10	1.0E+10	1E-30	1.0E+10	1.0E+10
8	2.07E-14	1E-30	1.0E-10	1.0E+10	0.000000000537	0.00851	1.0E+10	1E-30	8790	1.0E+10	0.0000000093	7.86	1.0E+10	0.00000216	2820	1.0E+10	0.0000000107	0.645	1E-30	1.0E+10	1.0E+10	1E-30	1.0E+10	1.0E+10	1E-30	1.0E+10	1.0E+10	1E-30	1.0E+10	1.0E+10	1E-30	1.0E+10	1.0E+10	1E-30	1.0E+10	1.0E+10	1E-30	1.0E+10	1.0E+10	1E-30	1.0E+10	1.0E+10	1E-30	1.0E+10	1.0E+10	1E-30	1.0E+10	1.0E+10
9	2.38E-14	1E-30	1.0E-10	1.0E+10	0.000000001	0.0324	1.0E+10	1E-30	5940	1.0E+10	0.0000000548	212	1.0E+10	0.00000000506	1.38	1.0E+10	0.0000000021	0.0848	1E-30	1.0E+10	1.0E+10	1E-30	1.0E+10	1.0E+10	1E-30	1.0E+10	1.0E+10	1E-30	1.0E+10	1.0E+10	1E-30	1.0E+10	1.0E+10	1E-30	1.0E+10	1.0E+10	1E-30	1.0E+10	1.0E+10	1E-30	1.0E+10	1.0E+10	1E-30	1.0E+10	1.0E+10	1E-30	1.0E+10	1.0E+10
10	2.38E-14	1E-30	1.0E-10	1.0E+10	0.000000001	0.0324	1.0E+10	1E-30	5940	1.0E+10	0.0000000548	212	1.0E+10	0.00000000506	1.38	1.0E+10	0.0000000021	0.0848	1E-30	1.0E+10	1.0E+10	1E-30	1.0E+10	1.0E+10	1E-30	1.0E+10	1.0E+10	1E-30	1.0E+10	1.0E+10	1E-30	1.0E+10	1.0E+10	1E-30	1.0E+10	1.0E+10	1E-30	1.0E+10	1.0E+10	1E-30	1.0E+10	1.0E+10	1E-30	1.0E+10	1.0E+10	1E-30	1.0E+10	1.0E+10
11	2.38E-14	1E-30	1.0E-10	1.0E+10	0.000000001	0.0324	1.0E+10	1E-30	5940	1.0E+10	0.0000000548	212	1.0E+10	0.00000000506	1.38	1.0E+10	0.0000000021	0.0848	1E-30	1.0E+10	1.0E+10	1E-30	1.0E+10	1.0E+10	1E-30	1.0E+10	1.0E+10	1E-30	1.0E+10	1.0E+10	1E-30	1.0E+10	1.0E+10	1E-30	1.0E+10	1.0E+10	1E-30	1.0E+10	1.0E+10	1E-30	1.0E+10	1.0E+10	1E-30	1.0E+10	1.0E+10	1E-30	1.0E+10	1.0E+10
12	7.18E-14	1E-30	1.0E-10	1.0E+10	0.000000000832	0.00742	1.0E+10	1E-30	6220	1.0E+10	0.0000000435	237	1.0E+10	0.00000000402	0.776	1.0E+10	0.0000914	10.2	1E-30	1.0E+10	1.0E+10	1E-30	1.0E+10	1.0E+10	1E-30	1.0E+10	1.0E+10	1E-30	1.0E+10	1.0E+10	1E-30	1.0E+10	1.0E+10	1E-30	1.0E+10	1.0E+10	1E-30	1.0E+10	1.0E+10	1E-30	1.0E+10	1.0E+10	1E-30	1.0E+10	1.0E+10	1E-30	1.0E+10	1.0E+10
13	7.18E-14	1E-30	1.0E-10	1.0E+10	0.000000000832	0.00742	1.0E+10	1E-30	6220	1.0E+10	0.0000000435	237	1.0E+10	0.00000000402	0.776	1.0E+10	0.0000914	10.2	1E-30	1.0E+10	1.0E+10	1E-30	1.0E+10	1.0E+10	1E-30	1.0E+10	1.0E+10	1E-30	1.0E+10	1.0E+10	1E-30	1.0E+10	1.0E+10	1E-30	1.0E+10	1.0E+10	1E-30	1.0E+10	1.0E+10	1E-30	1.0E+10	1.0E+10	1E-30	1.0E+10	1.0E+10	1E-30	1.0E+10	1.0E+10
14	7.18E-14	1E-30	1.0E-10	1.0E+10	0.000000000832	0.00742	1.0E+10	1E-30	6220	1.0E+10	0.0000000435	237	1.0E+10	0.00000000402	0.776	1.0E+10	0.0000914	10.2	1E-30	1.0E+10	1.0E+10	1E-30	1.0E+10	1.0E+10	1E-30	1.0E+10	1.0E+10	1E-30	1.0E+10	1.0E+10	1E-30	1.0E+10	1.0E+10	1E-30	1.0E+10	1.0E+10	1E-30	1.0E+10	1.0E+10	1E-30	1.0E+10	1.0E+10	1E-30	1.0E+10	1.0E+10	1E-30	1.0E+10	1.0E+10
15	7.02E-14	1E-30	1.0E-10	1.0E+10	0.000000000934	0.0229	1.0E+10	1E-30	6980	1.0E+10	0.0000000659	313	1.0E+10	0.0000000108	0.0186	1.0E+10	0.0000000163	5.49	1E-30	1.0E+10	1.0E+10	1E-30	1.0E+10	1.0E+10	1E-30	1.0E+10	1.0E+10	1E-30	1.0E+10	1.0E+10	1E-30	1.0E+10	1.0E+10	1E-30	1.0E+10	1.0E+10	1E-30	1.0E+10	1.0E+10	1E-30	1.0E+10	1.0E+10	1E-30	1.0E+10	1.0E+10	1E-30	1.0E+10	1.0E+10
16	7.02E-14	1E-30	1.0E-10	1.0E+10	0.000000000934	0.0229	1.0E+10	1E-30	6980	1.0E+10	0.0000000659	313	1.0E+10	0.0000000108	0.0186	1.0E+10	0.0000000163	5.49	1E-30	1.0E+10	1.0E+10	1E-30	1.0E+10	1.0E+10	1E-30	1.0E+10	1.0E+10	1E-30	1.0E+10	1.0E+10	1E-30	1.0E+10	1.0E+10	1E-30	1.0E+10	1.0E+10	1E-30	1.0E+10	1.0E+10	1E-30	1.0E+10	1.0E+10	1E-30	1.0E+10	1.0E+10	1E-30	1.0E+10	1.0E+10
17	7.02E-14	1E-30	1.0E-10	1.0E+10	0.000000000934	0.0229	1.0E+10	1E-30	6980	1.0E+10	0.0000000659	313	1.0E+10	0.0000000108	0.0186	1.0E+10	0.0000000163	5.49	1E-30	1.0E+10	1.0E+10	1E-30	1.0E+10	1.0E+10	1E-30	1.0E+10	1.0E+10	1E-30	1.0E+10	1.0E+10	1E-30	1.0E+10	1.0E+10	1E-30	1.0E+10	1.0E+10	1E-30	1.0E+10	1.0E+10	1E-30	1.0E+10	1.0E+10	1E-30	1.0E+10	1.0E+10	1E-30	1.0E+10	1.0E+10
18	8.44E-14	1E-30	1.0E-10	1.0E+10	0.000000000934	0.0182	1.0E+10	1E-30	6980	1.0E+10	0.0000000574	227	1.0E+10	0.00000000608	1.7	1.0E+10	0.0000914	10.2	1E-30	1.0E+10	1.0E+10	1E-30	1.0E+10	1.0E+10	1E-30	1.0E+10	1.0E+10	1E-30	1.0E+10	1.0E+10	1E-30	1.0E+10	1.0E+10	1E-30	1.0E+10	1.0E+10	1E-30	1.0E+10	1.0E+10	1E-30	1.0E+10	1.0E+10	1E-30	1.0E+10	1.0E+10	1E-30	1.0E+10	1.0E+10
19	8.44E-14	1E-30	1.0E-10	1.0E+10	0.000000000934	0.0182	1.0E+10	1E-30	6980	1.0E+10	0.0000000574	227	1.0E+10	0.00000000608	1.7	1.0E+10	0.0000914	10.2	1E-30	1.0E+10	1.0E+10	1E-30	1.0E+10	1.0E+10	1E-30	1.0E+10	1.0E+10	1E-30	1.0E+10	1.0E+10	1E-30	1.0E+10	1.0E+10	1E-30	1.0E+10	1.0E+10	1E-30	1.0E+10	1.0E+10	1E-30	1.0E+10	1.0E+10	1E-30	1.0E+10	1.0E+10	1E-30	1.0E+10	1.0E+10
20	8.44E-14	1E-30	1.0E-10	1.0E+10	0.000000000934	0.0182	1.0E+10	1E-30	6980	1.0E+10	0.0000000574	227	1.0E+10	0.00000000608	1.7	1.0E+10	0.0000914	10.2	1E-30	1.0E+10	1.0E+10	1E-30	1.0E+10	1.0E+10	1E-30	1.0E+10	1.0E+10	1E-30	1.0E+10	1.0E+10	1E-30	1.0E+10	1.0E+10	1E-30	1.0E+10	1.0E+10	1E-30	1.0E+10	1.0E+10	1E-30	1.0E+10	1.0E+10	1E-30	1.0E+10	1.0E+10	1E-30	1.0E+10	1.0E+10
21	0.00000000000005	1E-30	1.0E-10	1.0E+10	0.00000000103	0.022	1.0E+10	1E-30	5000	1.0E+10	0.000000065	160	1.0E+10	0.00000027	2000	1.0E+10	0.00000006	60	1E-30	1.0E+10	1.0E+10	1E-30	1.0E+10	1.0E+10	1E-30	1.0E+10	1.0E+10	1E-30	1.0E+10	1.0E+10	1E-30	1.0E+10	1.0E+10	1E-30	1.0E+10	1.0E+10	1E-30	1.0E+10	1.0E+10	1E-30	1.0E+10	1.0E+10	1E-30	1.0E+10	1.0E+10	1E-30	1.0E+10	1.0E+10
22	0.00000000000005	1E-30	1.0E-10	1.0E+10	0.00000000103	0.022	1.0E+10	1E-30	5000	1.0E+10	0.000000065	160	1.0E+10	0.00000027	2000	1.0E+10	0.00000006	60	1E-30	1.0E+10	1.0E+10	1E-30	1.0E+10	1.0E+10	1E-30	1.0E+10	1.0E+10	1E-30	1.0E+10	1.0E+10	1E-30	1.0E+10	1.0E+10	1E-30	1.0E+10	1.0E+10	1E-30	1.0E+10	1.0E+10	1E-30	1.0E+10	1.0E+10	1E-30	1.0E+10	1.0E+10	1E-30	1.0E+10	1.0E+10
23	0.00000000000005	1E-30	1.0E-10	1.0E+10	0.00000000113	0.032	1.0E+10	1E-30	5200	1.0E+10	0.000000065	160	1.0E+10	0.00000027	2000	1.0E+10	0.00000006	60	1E-30	1.0E+10	1.0E+10	1E-30	1.0E+10	1.0E+10	1E-30	1.0E+10	1.0E+10	1E-30	1.0E+10	1.0E+10	1E-30	1.0E+10	1.0E+10	1E-30	1.0E+10	1.0E+10	1E-30	1.0E+10	1.0E+10	1E-30	1.0E+10	1.0E+10	1E-30	1.0E+10	1.0E+10	1E-30	1.0E+10	1.0E+10
24	0.00000000000005	1E-30	1.0E-10	1.0E+10	0.00000000113	0.032	1.0E+10	1E-30	5200	1.0E+10	0.000000065	160	1.0E+10	0.00000027	2000	1.0E+10	0.00000006	60	1E-30	1.0E+10	1.0E+10	1E-30	1.0E+10	1.0E+10	1E-30	1.0E+10	1.0E+10	1E-30	1.0E+10	1.0E+10	1E-30	1.0E+10	1.0E+10	1E-30	1.0E+10	1.0E+10	1E-30	1.0E+10	1.0E+10	1E-30	1.0E+10	1.0E+10	1E-30	1.0E+10	1.0E+10	1E-30	1.0E+10	1.0E+10
25	0.000000000000058	1E-30	1.0E-10	1.0E+10	0.00000000124	0.025	1.0E+10	1E-30	5200	1.0E+10	0.00000007	160	1.0E+10	0.00000027	2000	1.0E+10	0.00000006	60	1E-30	1.0E+10	1.0E+10	1E-30	1.0E+10	1.0E+10	1E-30	1.0E+10	1.0E+10	1E-30	1.0E+10	1.0E+10	1E-30	1.0E+10	1.0E+10	1E-30	1.0E+10	1.0E+10	1E-30	1.0E+10	1.0E+10	1E-30	1.0E+10	1.0E+10	1E-30	1.0E+10	1.0E+10	1E-30	1.0E+10	1.0E+10
26	0.000000000000058	1E-30	1.0E-10	1.0E+10	0.00000000124	0.025	1.0E+10	1E-30	5200	1.0E+10	0.00000007	160	1.0E+10	0.00000027	2000	1.0E+10	0.00000006	60	1E-30	1.0E+10	1.0E+10	1E-30	1.0E+10	1.0E+10	1E-30	1.0E+10	1.0E+10	1E-30	1.0E+10	1.0E+10	1E-30	1.0E+10	1.0E+10	1E-30	1.0E+10	1.0E+10	1E-30	1.0E+10	1.0E+10	1E-30	1.0E+10	1.0E+10	1E-30	1.0E+10	1.0E+10	1E-30	1.0E+10	1.0E+10
27	0.000000000000053	1E-30	1.0E-10	1.0E+10	0.00000000134	0.025	1.0E+10	1E-30	5800	1.0E+10	0.000000072	160	1.0E+10	0.00000027	2000	1.0E+10	0.00000006	60	1E-30	1.0E+10	1.0E+10	1E-30	1.0E+10	1.0E+10	1E-30	1.0E+10	1.0E+10	1E-30	1.0E+10	1.0E+10	1E-30	1.0E+10	1.0E+10	1E-30	1.0E+10	1.0E+10	1E-30	1.0E+10	1.0E+10	1E-30	1.0E+10	1.0E+10	1E-30	1.0E+10	1.0E+10	1E-30	1.0E+10	1.0E+10
28	0.000000000000053	1E-30	1.0E-10	1.0E+10	0.00000000134	0.025	1.0E+10	1E-30	5800	1.0E+10	0.000000072	160	1.0E+10	0.00000027	2000	1.0E+10	0.00000006	60	1E-30	1.0E+10	1.0E+10	1E-30	1.0E+10	1.0E+10	1E-30	1.0E+10	1.0E+10	1E-30	1.0E+10	1.0E+10	1E-30	1.0E+10	1.0E+10	1E-30	1.0E+10	1.0E+10	1E-30	1.0E+10	1.0E+10	1E-30	1.0E+10	1.0E+10	1E-30	1.0E+10	1.0E+10	1E-30	1.0E+10	1.0E+10
29	6.55E-14	1E-30	1.0E-10	1.0E+10	0.00000000145	0.028	1.0E+10	1E-30	6300	1.0E+10	0.000000072	160	1.0E+10	0.00000027	2000	1.0E+10	0.000000067	60	1E-30	1.0E+10	1.0E+10	1E-30	1.0E+10	1.0E+10	1E-30	1.0E+10	1.0E+10	1E-30	1.0E+10	1.0E+10	1E-30	1.0E+10	1.0E+10	1E-30	1.0E+10	1.0E+10	1E-30	1.0E+10	1.0E+10	1E-30	1.0E+10	1.0E+10	1E-30	1.0E+10	1.0E+10	1E-30	1.0E+10	1.0E+10
30	6.55E-14	1E-30	1.0E-10	1.0E+10	0.00000000145	0.028	1.0E+10	1E-30	6300	1.0E+10	0.000000072	160	1.0E+10	0.00000027	2000	1.0E+10	0.000000067	60	1E-30	1.0E+10	1.0E+10	1E-30	1.0E+10	1.0E+10	1E-30	1.0E+10	1.0E+10	1E-30	1.0E+10	1.0E+10	1E-30	1.0E+10	1.0E+10	1E-30	1.0E+10	1.0E+10	1E-30	1.0E+10	1.0E+10	1E-30	1.0E+10	1.0E+10	1E-30	1.0E+10	1.0E+10	1E-30	1.0E+10	1.0E+10
31	6.75E-14	1E-30	1.0E-10	1.0E+10	0.00000000155	0.042	1.0E+10	1E-30	7000	1.0E+10	0.000000072	160	1.0E+10	0.00000027	2000	1.0E+10	0.00000008	60	1E-30	1.0E+10	1.0E+10	1E-30	1.0E+10	1.0E+10	1E-30	1.0E+10	1.0E+10	1E-30	1.0E+10	1.0E+10	1E-30	1.0E+10	1.0E+10	1E-30	1.0E+10	1.0E+10	1E-30	1.0E+10	1.0E+10	1E-30	1.0E+10	1.0E+10	1E-30	1.0E+10	1.0E+10	1E-30	1.0E+10	1.0E+10
32	6.75E-14	1E-30	1.0E-10	1.0E+10	0.00000000155	0.042	1.0E+10	1E-30	7000	1.0E+10	0.000000072	160	1.0E+10	0.00000027	2000	1.0E+10	0.00000008	60	1E-30	1.0E+10	1.0E+10	1E-30	1.0E+10	1.0E+10	1E-30	1.0E+10	1.0E+10	1E-30	1.0E+10	1.0E+10	1E-30	1.0E+10	1.0E+10	1E-30	1.0E+10	1.0E+10	1E-30	1.0E+10	1.0E+10	1E-30	1.0E+10	1.0E+10	1E-30	1.0E+10	1.0E+10	1E-30	1.0E+10	1.0E+10
33	0.00000000000007	1E-30	1.0E-10	1.0E+10	0.00000000166	0.045	1.0E+10	1E-30	7000	1.0E+10	0.00000008	160	1.0E+10	0.00000027	2000	1.0E+10	0.00000008	60	1E-30	1.0E+10	1.0E+10	1E-30	1.0E+10	1.0E+10	1E-30	1.0E+10	1.0E+10	1E-30	1.0E+10	1.0E+10	1E-30	1.0E+10	1.0E+10	1E-30	1.0E+10	1.0E+10	1E-30	1.0E+10	1.0E+10	1E-30	1.0E+10	1.0E+10	1E-30	1.0E+10	1.0E+10	1E-30	1.0E+10	1.0E+10
34	0.00000000000007	1E-30	1.0E-10	1.0E+10	0.00000000166	0.045	1.0E+10	1E-30	7000	1.0E+10	0.00000008	160	1.0E+10	0.00000027	2000	1.0E+10	0.00000008	60	1E-30	1.0E+10	1.0E+10	1E-30	1.0E+10	1.0E+10	1E-30	1.0E+10	1.0E+10	1E-30	1.0E+10	1.0E+10	1E-30	1.0E+10	1.0E+10	1E-30	1.0E+10	1.0E+10	1E-30	1.0E+10	1.0E+10	1E-30	1.0E+10	1.0E+10	1E-30	1.0E+10	1.0E+10	1E-30	1.0E+10	1.0E+10
35	0.00000000000006	1E-30	1.0E-10	1.0E+10	0.00000000176	0.058	1.0E+10	1E-30	7000	1.0E+10	0.00000008	160	1.0E+10	0.00000027	2000	1.0E+10	0.00000008	60	1E-30	1.0E+10	1.0E+10	1E-30	1.0E+10	1.0E+10	1E-30	1.0E+10	1.0E+10	1E-30	1.0E+10	1.0E+10	1E-30	1.0E+10	1.0E+10	1E-30	1.0E+10	1.0E+10	1E-30	1.0E+10	1.0E+10	1E-30	1.0E+10	1.0E+10	1E-30	1.0E+10	1.0E+10	1E-30	1.0E+10	1.0E+10
36	0.00000000000006	1E-30	1.0E-10	1.0E+10	0.00000000176	0.058	1.0E+10	1E-30	7000	1.0E+10	0.00000008	160	1.0E+10	0.00000027	2000	1.0E+10	0.00000008	60	1E-30	1.0E+10	1.0E+10	1E-30	1.0E+10	1.0E+10	1E-30	1.0E+10	1.0E+10	1E-30	1.0E+10	1.0E+10	1E-30	1.0E+10	1.0E+10	1E-30	1.0E+10	1.0E+10	1E-30	1.0E+10	1.0E+10	1E-30	1.0E+10	1.0E+10	1E-30	1.0E+10	1.0E+10	1E-30	1.0E+10	1.0E+10
37	0.000000000000063	1E-30	1.0E-10	1.0E+10	0.00000000189	0.033	1.0E+10	1E-30	7500	1.0E+10	0.000000068	160	1.0E+10	0.0000003	2000	1.0E+10	0.00000007	40	1E-30	1.0E+10	1.0E+10	1E-30	1.0E+10	1.0E+10	1E-30	1.0E+10	1.0E+10	1E-30	1.0E+10	1.0E+10	1E-30	1.0E+10	1.0E+10	1E-30	1.0E+10	1.0E+10	1E-30	1.0E+10	1.0E+10	1E-30	1.0E+10	1.0E+10	1E-30	1.0E+10	1.0E+10	1E-30	1.0E+10	1.0E+10
38	0.000000000000063	1E-30	1.0E-10	1.0E+10	0.00000000189	0.033	1.0E+10	1E-30	7500	1.0E+10	0.000000068	160	1.0E+10	0.0000003	2000	1.0E+10	0.00000007	40	1E-30	1.0E+10	1.0E+10	1E-30	1.0E+10	1.0E+10	1E-30	1.0E+10	1.0E+10	1E-30	1.0E+10	1.0E+10	1E-30	1.0E+10	1.0E+10	1E-30	1.0E+10	1.0E+10	1E-30	1.0E+10	1.0E+10	1E-30	1.0E+10	1.0E+10	1E-30	1.0E+10	1.0E+10	1E-30	1.0E+10	1.0E+10
39	0.000000000000065	1E-30	1.0E-10	1.0E+10	0.00000000199	0.033	1.0E+10	1E-30	7500	1.0E+10	0.000000073	160	1.0E+10	0.0000003	2000	1.0E+10	0.00000007	40	1E-30	1.0E+10	1.0E+10	1E-30	1.0E+10	1.0E+10	1E-30	1.0E+10	1.0E+10	1E-30	1.0E+10	1.0E+10	1E-30	1.0E+10	1.0E+10	1E-30	1.0E+10	1.0E+10	1E-30	1.0E+10	1.0E+10	1E-30	1.0E+10	1.0E+10	1E-30	1.0E+10	1.0E+10	1E-30	1.0E+10	1.0E+10
40	0.000000000000065	1E-30	1.0E-10	1.0E+10	0.00000000199	0.033	1.0E+10	1E-30	7500	1.0E+10	0.000000073	160	1.0E+10	0.0000003	2000	1.0E+10	0.00000007	40	1E-30	1.0E+10	1.0E+10	1E-30	1.0E+10	1.0E+10	1E-30	1.0E+10	1.0E+10	1E-30	1.0E+10	1.0E+10	1E-30	1.0E+10	1.0E+10	1E-30	1.0E+10	1.0E+10	1E-30	1.0E+10	1.0E+10	1E-30	1.0E+10	1.0E+10	1E-30	1.0E+10	1.0E+10	1E-30	1.0E+10	1.0E+10
41	0.000000000000068	1E-30	1.0E-10	1.0E+10	0.00000000209	0.038	1.0E+10	1E-30	8000	1.0E+10	0.000000077	160	1.0E+10	0.0000003	2000	1.0E+10	0.00000007	50	1E-30	1.0E+10	1.0E+10	1E-30	1.0E+10	1.0E+10	1E-30	1.0E+10	1.0E+10	1E-30	1.0E+10	1.0E+10	1E-30	1.0E+10	1.0E+10	1E-30	1.0E+10	1.0E+10	1E-30	1.0E+10	1.0E+10	1E-30	1.0E+10	1.0E+10	1E-30	1.0E+10	1.0E+10	1E-30	1.0E+10	1.0E+10
42	0.000000000000068	1E-30	1.0E-10	1.0E+10	0.00000000209	0.038	1.0E+10	1E-30	8000	1.0E+10	0.000000077	160	1.0E+10	0.0000003	2000	1.0E+10	0.00000007	50	1E-30	1.0E+10	1.0E+10	1E-30	1.0E+10	1.0E+10	1E-30	1.0E+10	1.0E+10	1E-30	1.0E+10	1.0E+10	1E-30	1.0E+10	1.0E+10	1E-30	1.0E+10	1.0E+10	1E-30	1.0E+10	1.0E+10	1E-30	1.0E+10	1.0E+10	1E-30	1.0E+10	1.0E+10	1E-30	1.0E+10	1.0E+10
43	0.000000000000068	1E-30	1.0E-10	1.0E+10	0.0000000022	0.032	1.0E+10	1E-30	8000	1.0E+10	0.000000077	160	1.0E+10	0.0000003	2000	1.0E+10	0.00000008	50	1E-30	1.0E+10	1.0E+10	1E-30	1.0E+10	1.0E+10	1E-30	1.0E+10	1.0E+10	1E-30	1.0E+10	1.0E+10	1E-30	1.0E+10	1.0E+10	1E-30	1.0E+10	1.0E+10	1E-30	1.0E+10	1.0E+10	1E-30	1.0E+10	1.0E+10	1E-30	1.0E+10	1.0E+10	1E-30	1.0E+10	1.0E+10
44	0.000000000000068	1E-30	1.0E-10	1.0E+10	0.0000000022	0.032	1.0E+10	1E-30	8000	1.0E+10	0.000000077	160	1.0E+10	0.0000003	2000	1.0E+10	0.00000008	50	1E-30	1.0E+10	1.0E+10	1E-30	1.0E+10	1.0E+10	1E-30	1.0E+10	1.0E+10	1E-30	1.0E+10	1.0E+10	1E-30	1.0E+10	1.0E+10	1E-30	1.0E+10	1.0E+10	1E-30	1.0E+10	1.0E+10	1E-30	1.0E+10	1.0E+10	1E-30	1.0E+10	1.0E+10	1E-30	1.0E+10	1.0E+10
45	0.00000000000007	1E-30	1.0E-10	1.0E+10	0.0000000023	0.04	1.0E+10	1E-30	8200	1.0E+10	0.000000077	160	1.0E+10	0.0000003	2000	1.0E+10	0.00000008	50	1E-30	1.0E+10	1.0E+10	1E-30	1.0E+10	1.0E+10	1E-30	1.0E+10	1.0E+10	1E-30	1.0E+10	1.0E+10	1E-30	1.0E+10	1.0E+10	1E-30	1.0E+10	1.0E+10	1E-30	1.0E+10	1.0E+10	1E-30	1.0E+10	1.0E+10	1E-30	1.0E+10	1.0E+10	1E-30	1.0E+10	1.0E+10
46	0.00000000000007	1E-30	1.0E-10	1.0E+10	0.0000000023	0.04	1.0E+10	1E-30	8200	1.0E+10	0.000000077	160	1.0E+10	0.0000003	2000	1.0E+10	0.00000008	50	1E-30	1.0E+10	1.0E+10	1E-30	1.0E+10	1.0E+10	1E-30	1.0E+10	1.0E+10	1E-30	1.0E+10	1.0E+10	1E-30	1.0E+10	1.0E+10	1E-30	1.0E+10	1.0E+10	1E-30	1.0E+10	1.0E+10	1E-30	1.0E+10	1.0E+10	1E-30	1.0E+10	1.0E+10	1E-30	1.0E+10	1.0E+10
47	7.75E-14	1E-30	1.0E-10	1.0E+10	0.00000000243	0.05	1.0E+10	1E-30	8200	1.0E+10	0.0000001	150	1.0E+10	0.0000003	2000	1.0E+10	0.00000007	50	1E-30	1.0E+10	1.0E+10	1E-30	1.0E+10	1.0E+10	1E-30	1.0E+10	1.0E+10	1E-30	1.0E+10	1.0E+10	1E-30	1.0E+10	1.0E+10	1E-30	1.0E+10	1.0E+10	1E-30	1.0E+10	1.0E+10	1E-30	1.0E+10	1.0E+10	1E-30	1.0E+10	1.0E+10	1E-30	1.0E+10	1.0E+10
48	7.75E-14	1E-30	1.0E-10	1.0E+10	0.00000000243	0.05	1.0E+10	1E-30	8200	1.0E+10	0.0000001	150	1.0E+10	0.0000003	2000	1.0E+10	0.00000007	50	1E-30	1.0E+10	1.0E+10	1E-30	1.0E+10	1.0E+10	1E-30	1.0E+10	1.0E+10	1E-30	1.0E+10	1.0E+10	1E-30	1.0E+10	1.0E+10	1E-30	1.0E+10	1.0E+10	1E-30	1.0E+10	1.0E+10	1E-30	1.0E+10	1.0E+10	1E-30	1.0E+10	1.0E+10	1E-30	1.0E+10	1.0E+10
49	0.00000000000008	1E-30	1.0E-10	1.0E+10	0.00000000254	0.042	1.0E+10	1E-30	9000	1.0E+10	0.00000009	150	1.0E+10	0.0000003	2000	1.0E+10	0.00000008	45	1E-30	1.0E+10	1.0E+10	1E-30	1.0E+10	1.0E+10	1E-30	1.0E+10	1.0E+10	1E-30	1.0E+10	1.0E+10	1E-30	1.0E+10	1.0E+10	1E-30	1.0E+10	1.0E+10	1E-30	1.0E+10	1.0E+10	1E-30	1.0E+10	1.0E+10	1E-30	1.0E+10	1.0E+10	1E-30	1.0E+10	1.0E+10
50	0.00000000000008	1E-30	1.0E-10	1.0E+10	0.00000000254	0.042	1.0E+10	1E-30	9000	1.0E+10	0.00000009	150	1.0E+10	0.0000003	2000	1.0E+10	0.00000008	45	1E-30	1.0E+10	1.0E+10	1E-30	1.0E+10	1.0E+10	1E-30	1.0E+10	1.0E+10	1E-30	1.0E+10	1.0E+10	1E-30	1.0E+10	1.0E+10	1E-30	1.0E+10	1.0E+10	1E-30	1.0E+10	1.0E+10	1E-30	1.0E+10	1.0E+10	1E-30	1.0E+10	1.0E+10	1E-30	1.0E+10	1.0E+10
51	0.000000000000091	1E-30	1.0E-10	1.0E+10	0.00000000263	0.045	1.0E+10	1E-30	9000	1.0E+10	0.00000011	150	1.0E+10	0.0000003	2000	1.0E+10	0.00000008	70	1E-30	1.0E+10	1.0E+10	1E-30	1.0E+10	1.0E+10	1E-30	1.0E+10	1.0E+10	1E-30	1.0E+10	1.0E+10	1E-30	1.0E+10	1.0E+10	1E-30	1.0E+10	1.0E+10	1E-30	1.0E+10	1.0E+10	1E-30	1.0E+10	1.0E+10	1E-30	1.0E+10	1.0E+10	1E-30	1.0E+10	1.0E+10
52	0.000000000000091	1E-30	1.0E-10	1.0E+10	0.00000000263	0.045	1.0E+10	1E-30	9000	1.0E+10	0.00000011	150	1.0E+10	0.0000003	2000	1.0E+10	0.00000008	70	1E-30	1.0E+10	1.0E+10	1E-30	1.0E+10	1.0E+10	1E-30	1.0E+10	1.0E+10	1E-30	1.0E+10	1.0E+10	1E-30	1.0E+10	1.0E+10	1E-30	1.0E+10	1.0E+10	1E-30	1.0E+10	1.0E+10	1E-30	1.0E+10	1.0E+10	1E-30	1.0E+10	1.0E+10	1E-30	1.0E+10	1.0E+10
53	0.00000000000009	1E-30	1.0E-10	1.0E+10	0.00000000275	0.05	1.0E+10	1E-30	9000	1.0E+10	0.00000009	150	1.0E+10	0.0000003	2000	1.0E+10	0.00000008	45	1E-30	1.0E+10	1.0E+10	1E-30	1.0E+10	1.0E+10	1E-30	1.0E+10	1.0E+10	1E-30	1.0E+10	1.0E+10	1E-30	1.0E+10	1.0E+10	1E-30	1.0E+10	1.0E+10	1E-30	1.0E+10	1.0E+10	1E-30	1.0E+10	1.0E+10	1E-30	1.0E+10	1.0E+10	1E-30	1.0E+10	1.0E+10
54	0.00000000000009	1E-30	1.0E-10	1.0E+10	0.00000000275	0.05	1.0E+10	1E-30	9000	1.0E+10	0.00000009	150	1.0E+10	0.0000003	2000	1.0E+10	0.00000008	45	1E-30	1.0E+10	1.0E+10	1E-30	1.0E+10	1.0E+10	1E-30	1.0E+10	1.0E+10	1E-30	1.0E+10	1.0E+10	1E-30	1.0E+10	1.0E+10	1E-30	1.0E+10	1.0E+10	1E-30	1.0E+10	1.0E+10	1E-30	1.0E+10	1.0E+10	1E-30	1.0E+10	1.0E+10	1E-30	1.0E+10	1.0E+10
55	0.000000000000085	1E-30	1.0E-10	1.0E+10	0.00000000286	0.055	1.0E+10	1E-30	10300	1.0E+10	0.000000092	150	1.0E+10	0.0000003	2000	1.0E+10	0.000000075	40	1E-30	1.0E+10	1.0E+10	1E-30	1.0E+10	1.0E+10	1E-30	1.0E+10	1.0E+10	1E-30	1.0E+10	1.0E+10	1E-30	1.0E+10	1.0E+10	1E-30	1.0E+10	1.0E+10	1E-30	1.0E+10	1.0E+10	1E-30	1.0E+10	1.0E+10	1E-30	1.0E+10	1.0E+10	1E-30	1.0E+10	1.0E+10
56	0.000000000000085	1E-30	1.0E-10	1.0E+10	0.00000000286	0.055	1.0E+10	1E-30	10300	1.0E+10	0.000000092	150	1.0E+10	0.0000003	2000	1.0E+10	0.000000075	40	1E-30	1.0E+10	1.0E+10	1E-30	1.0E+10	1.0E+10	1E-30	1.0E+10	1.0E+10	1E-30	1.0E+10	1.0E+10	1E-30	1.0E+10	1.0E+10	1E-30	1.0E+10	1.0E+10	1E-30	1.0E+10	1.0E+10	1E-30	1.0E+10	1.0E+10	1E-30	1.0E+10	1.0E+10	1E-30	1.0E+10	1.0E+10
57	0.000000000000075	1E-30	1.0E-10	1.0E+10	0.00000000297	0.06	1.0E+10	1E-30	11000	1.0E+10	0.000000092	150	1.0E+10	0.0000003	2000	1.0E+10	0.00000008	40	1E-30	1.0E+10	1.0E+10	1E-30	1.0E+10	1.0E+10	1E-30	1.0E+10	1.0E+10	1E-30	1.0E+10	1.0E+10	1E-30	1.0E+10	1.0E+10	1E-30	1.0E+10	1.0E+10	1E-30	1.0E+10	1.0E+10	1E-30	1.0E+10	1.0E+10	1E-30	1.0E+10	1.0E+10	1E-30	1.0E+10	1.0E+10
58	0.000000000000075	1E-30	1.0E-10	1.0E+10	0.00000000297	0.06	1.0E+10	1E-30	11000	1.0E+10	0.000000092	150	1.0E+10	0.0000003	2000	1.0E+10	0.00000008	40	1E-30	1.0E+10	1.0E+10	1E-30	1.0E+10	1.0E+10	1E-30	1.0E+10	1.0E+10	1E-30	1.0E+10	1.0E+10	1E-30	1.0E+10	1.0E+10	1E-30	1.0E+10	1.0E+10	1E-30	1.0E+10	1.0E+10	1E-30	1.0E+10	1.0E+10	1E-30	1.0E+10	1.0E+10	1E-30	1.0E+10	1.0E+10
59	0.000000000000081	1E-30	1.0E-10	1.0E+10	0.00000000307	0.08	1.0E+10	1E-30	11000	1.0E+10	0.000000095	150	1.0E+10	0.0000003	2000	1.0E+10	0.00000009	35	1E-30	1.0E+10	1.0E+10	1E-30	1.0E+10	1.0E+10	1E-30	1.0E+10	1.0E+10	1E-30	1.0E+10	1.0E+10	1E-30	1.0E+10	1.0E+10	1E-30	1.0E+10	1.0E+10	1E-30	1.0E+10	1.0E+10	1E-30	1.0E+10	1.0E+10	1E-30	1.0E+10	1.0E+10	1E-30	1.0E+10	1.0E+10
60	0.000000000000081	1E-30	1.0E-10	1.0E+10	0.00000000307	0.08	1.0E+10	1E-30	11000	1.0E+10	0.000000095	150	1.0E+10	0.0000003	2000	1.0E+10	0.00000009	35	1E-30	1.0E+10	1.0E+10	1E-30	1.0E+10	1.0E+10	1E-30	1.0E+10	1.0E+10	1E-30	1.0E+10	1.0E+10	1E-30	1.0E+10	1.0E+10	1E-30	1.0E+10	1.0E+10	1E-30	1.0E+10	1.0E+10	1E-30	1.0E+10	1.0E+10	1E-30	1.0E+10	1.0E+10	1E-30	1.0E+10	1.0E+10
61	0.000000000000074	1E-30	1.0E-10	1.0E+10	0.00000000319	0.08	1.0E+10	1E-30	11000	1.0E+10	0.000000105	150	1.0E+10	0.0000003	2000	1.0E+10	0.00000008	30	1E-30	1.0E+10	1.0E+10	1E-30	1.0E+10	1.0E+10	1E-30	1.0E+10	1.0E+10	1E-30	1.0E+10	1.0E+10	1E-30	1.0E+10	1.0E+10	1E-30	1.0E+10	1.0E+10	1E-30	1.0E+10	1.0E+10	1E-30	1.0E+10	1.0E+10	1E-30	1.0E+10	1.0E+10	1E-30	1.0E+10	1.0E+10
62	0.000000000000074	1E-30	1.0E-10	1.0E+10	0.00000000319	0.08	1.0E+10	1E-30	11000	1.0E+10	0.000000105	150	1.0E+10	0.0000003	2000	1.0E+10	0.00000008	30	1E-30	1.0E+10	1.0E+10	1E-30	1.0E+10	1.0E+10	1E-30	1.0E+10	1.0E+10	1E-30	1.0E+10	1.0E+10	1E-30	1.0E+10	1.0E+10	1E-30	1.0E+10	1.0E+10	1E-30	1.0E+10	1.0E+10	1E-30	1.0E+10	1.0E+10	1E-30	1.0E+10	1.0E+10	1E-30	1.0E+10	1.0E+10
63	0.000000000000089	1E-30	1.0E-10	1.0E+10	0.0000000034	0.055	1.0E+10	1E-30	10000	1.0E+10	0.00000025	600	1.0E+10	0.00000025	1200	1.0E+10	0.000000039	18	1E-30	1.0E+10	1.0E+10	1E-30	1.0E+10	1.0E+10	1E-30	1.0E+10	1.0E+10	1E-30	1.0E+10	1.0E+10	1E-30	1.0E+10	1.0E+10	1E-30	1.0E+10	1.0E+10	1E-30	1.0E+10	1.0E+10	1E-30	1.0E+10	1.0E+10	1E-30	1.0E+10	1.0E+10	1E-30	1.0E+10	1.0E+10
64	0.000000000000089	1E-30	1.0E-10	1.0E+10	0.0000000034	0.055	1.0E+10	1E-30	10000	1.0E+10	0.00000025	600	1.0E+10	0.00000025	1200	1.0E+10	0.000000039	18	1E-30	1.0E+10	1.0E+10	1E-30	1.0E+10	1.0E+10	1E-30	1.0E+10	1.0E+10	1E-30	1.0E+10	1.0E+10	1E-30	1.0E+10	1.0E+10	1E-30	1.0E+10	1.0E+10	1E-30	1.0E+10	1.0E+10	1E-30	1.0E+10	1.0E+10	1E-30	1.0E+10	1.0E+10	1E-30	1.0E+10	1.0E+10
65	0.000000000000082	1E-30	1.0E-10	1.0E+10	0.00000000349	0.075	1.0E+10	1E-30	10000	1.0E+10	0.00000025	600	1.0E+10	0.00000025	1200	1.0E+10	0.000000043	18	1E-30	1.0E+10	1.0E+10	1E-30	1.0E+10	1.0E+10	1E-30	1.0E+10	1.0E+10	1E-30	1.0E+10	1.0E+10	1E-30	1.0E+10	1.0E+10	1E-30	1.0E+10	1.0E+10	1E-30	1.0E+10	1.0E+10	1E-30	1.0E+10	1.0E+10	1E-30	1.0E+10	1.0E+10	1E-30	1.0E+10	1.0E+10
66	0.000000000000082	1E-30	1.0E-10	1.0E+10	0.00000000349	0.075	1.0E+10	1E-30	10000	1.0E+10	0.00000025	600	1.0E+10	0.00000025	1200	1.0E+10	0.000000043	18	1E-30	1.0E+10	1.0E+10	1E-30	1.0E+10	1.0E+10	1E-30	1.0E+10	1.0E+10	1E-30	1.0E+10	1.0E+10	1E-30	1.0E+10	1.0E+10	1E-30	1.0E+10	1.0E+10	1E-30	1.0E+10	1.0E+10	1E-30	1.0E+10	1.0E+10	1E-30	1.0E+10	1.0E+10	1E-30	1.0E+10	1.0E+10
67	0.00000000000008	1E-30	1.0E-10	1.0E+10	0.00000000359	0.095	1.0E+10	1E-30	10000	1.0E+10	0.0000003	600	1.0E+10	0.00000025	1200	1.0E+10	0.000000045	20	1E-30	1.0E+10	1.0E+10	1E-30	1.0E+10	1.0E+10	1E-30	1.0E+10	1.0E+10	1E-30	1.0E+10	1.0E+10	1E-30	1.0E+10	1.0E+10	1E-30	1.0E+10	1.0E+10	1E-30	1.0E+10	1.0E+10	1E-30	1.0E+10	1.0E+10	1E-30	1.0E+10	1.0E+10	1E-30	1.0E+10	1.0E+10
68	0.00000000000008	1E-30	1.0E-10	1.0E+10	0.00000000359	0.095	1.0E+10	1E-30	10000	1.0E+10	0.0000003	600	1.0E+10	0.00000025	1200	1.0E+10	0.000000045	20	1E-30	1.0E+10	1.0E+10	1E-30	1.0E+10	1.0E+10	1E-30	1.0E+10	1.0E+10	1E-30	1.0E+10	1.0E+10	1E-30	1.0E+10	1.0E+10	1E-30	1.0E+10	1.0E+10	1E-30	1.0E+10	1.0E+10	1E-30	1.0E+10	1.0E+10	1E-30	1.0E+10	1.0E+10	1E-30	1.0E+10	1.0E+10
69	7.75E-14	1E-30	1.0E-10	1.0E+10	0.00000000369	0.095	1.0E+10	1E-30	10500	1.0E+10	0.00000025	600	1.0E+10	0.00000025	1200	1.0E+10	0.00000005	18	1E-30	1.0E+10	1.0E+10	1E-30	1.0E+10	1.0E+10	1E-30	1.0E+10	1.0E+10	1E-30	1.0E+10	1.0E+10	1E-30	1.0E+10	1.0E+10	1E-30	1.0E+10	1.0E+10	1E-30	1.0E+10	1.0E+10	1E-30	1.0E+10	1.0E+10	1E-30	1.0E+10	1.0E+10	1E-30	1.0E+10	1.0E+10
70	7.75E-14	1E-30	1.0E-10	1.0E+10	0.00000000369	0.095	1.0E+10	1E-30	10500	1.0E+10	0.00000025	600	1.0E+10	0.00000025	1200	1.0E+10	0.00000005	18	1E-30	1.0E+10	1.0E+10	1E-30	1.0E+10	1.0E+10	1E-30	1.0E+10	1.0E+10	1E-30	1.0E+10	1.0E+10	1E-30	1.0E+10	1.0E+10	1E-30	1.0E+10	1.0E+10	1E-30	1.0E+10	1.0E+10	1E-30	1.0E+10	1.0E+10	1E-30	1.0E+10	1.0E+10	1E-30	1.0E+10	1.0E+10
71	0.000000000000073	1E-30	1.0E-10	1.0E+10	0.00000000379	0.064	1.0E+10	1E-30	11500	1.0E+10	0.00000024	600	1.0E+10	0.00000025	1200	1.0E+10	0.000000055	28	1E-30	1.0E+10	1.0E+10	1E-30	1.0E+10	1.0E+10	1E-30	1.0E+10	1.0E+10	1E-30	1.0E+10	1.0E+10	1E-30	1.0E+10	1.0E+10	1E-30	1.0E+10	1.0E+10	1E-30	1.0E+10	1.0E+10	1E-30	1.0E+10	1.0E+10	1E-30	1.0E+10	1.0E+10	1E-30	1.0E+10	1.0E+10
72	0.000000000000073	1E-30	1.0E-10	1.0E+10	0.00000000379	0.064	1.0E+10	1E-30	11500	1.0E+10	0.00000024	600	1.0E+10	0.00000025	1200	1.0E+10	0.000000055	28	1E-30	1.0E+10	1.0E+10	1E-30	1.0E+10	1.0E+10	1E-30	1.0E+10	1.0E+10	1E-30	1.0E+10	1.0E+10	1E-30	1.0E+10	1.0E+10	1E-30	1.0E+10	1.0E+10	1E-30	1.0E+10	1.0E+10	1E-30	1.0E+10	1.0E+10	1E-30	1.0E+10	1.0E+10	1E-30	1.0E+10	1.0E+10
73	0.000000000000074	1E-30	1.0E-10	1.0E+10	0.0000000039	0.065	1.0E+10	1E-30	12000	1.0E+10	0.00000024	600	1.0E+10	0.00000025	1200	1.0E+10	0.000000055	28	1E-30	1.0E+10	1.0E+10	1E-30	1.0E+10	1.0E+10	1E-30	1.0E+10	1.0E+10	1E-30	1.0E+10	1.0E+10	1E-30	1.0E+10	1.0E+10	1E-30	1.0E+10	1.0E+10	1E-30	1.0E+10	1.0E+10	1E-30	1.0E+10	1.0E+10	1E-30	1.0E+10	1.0E+10	1E-30	1.0E+10	1.0E+10
74	0.000000000000074	1E-30	1.0E-10	1.0E+10	0.0000000039	0.065	1.0E+10	1E-30	12000	1.0E+10	0.00000024	600	1.0E+10	0.00000025	1200	1.0E+10	0.000000055	28	1E-30	1.0E+10	1.0E+10	1E-30	1.0E+10	1.0E+10	1E-30	1.0E+10	1.0E+10	1E-30	1.0E+10	1.0E+10	1E-30	1.0E+10	1.0E+10	1E-30	1.0E+10	1.0E+10	1E-30	1.0E+10	1.0E+10	1E-30	1.0E+10	1.0E+10	1E-30	1.0E+10	1.0E+10	1E-30	1.0E+10	1.0E+10
75	7.65E-14	1E-30	1.0E-10	1.0E+10	0.00000000403	0.065	1.0E+10	1E-30	11500	1.0E+10	0.00000024	600	1.0E+10	0.00000025	1200	1.0E+10	0.000000055	23	1E-30	1.0E+10	1.0E+10	1E-30	1.0E+10	1.0E+10	1E-30	1.0E+10	1.0E+10	1E-30	1.0E+10	1.0E+10	1E-30	1.0E+10	1.0E+10	1E-30	1.0E+10	1.0E+10	1E-30	1.0E+10	1.0E+10	1E-30	1.0E+10	1.0E+10	1E-30	1.0E+10	1.0E+10	1E-30	1.0E+10	1.0E+10
76	7.65E-14	1E-30	1.0E-10	1.0E+10	0.00000000403	0.065	1.0E+10	1E-30	11500	1.0E+10	0.00000024	600	1.0E+10	0.00000025	1200	1.0E+10	0.000000055	23	1E-30	1.0E+10	1.0E+10	1E-30	1.0E+10	1.0E+10	1E-30	1.0E+10	1.0E+10	1E-30	1.0E+10	1.0E+10	1E-30	1.0E+10	1.0E+10	1E-30	1.0E+10	1.0E+10	1E-30	1.0E+10	1.0E+10	1E-30	1.0E+10	1.0E+10	1E-30	1.0E+10	1.0E+10	1E-30	1.0E+10	1.0E+10
77	0.000000000000072	1E-30	1.0E-10	1.0E+10	0.00000000414	0.065	1.0E+10	1E-30	11500	1.0E+10	0.00000026	600	1.0E+10	0.00000025	1200	1.0E+10	0.000000055	23	1E-30	1.0E+10	1.0E+10	1E-30	1.0E+10	1.0E+10	1E-30	1.0E+10	1.0E+10	1E-30	1.0E+10	1.0E+10	1E-30	1.0E+10	1.0E+10	1E-30	1.0E+10	1.0E+10	1E-30	1.0E+10	1.0E+10	1E-30	1.0E+10	1.0E+10	1E-30	1.0E+10	1.0E+10	1E-30	1.0E+10	1.0E+10
78	0.000000000000072	1E-30	1.0E-10	1.0E+10	0.00000000414	0.065	1.0E+10	1E-30	11500	1.0E+10	0.00000026	600	1.0E+10	0.00000025	1200	1.0E+10	0.000000055	23	1E-30	1.0E+10	1.0E+10	1E-30	1.0E+10	1.0E+10	1E-30	1.0E+10	1.0E+10	1E-30	1.0E+10	1.0E+10	1E-30	1.0E+10	1.0E+10	1E-30	1.0E+10	1.0E+10	1E-30	1.0E+10	1.0E+10	1E-30	1.0E+10	1.0E+10	1E-30	1.0E+10	1.0E+10	1E-30	1.0E+10	1.0E+10
79	0.000000000000071	1E-30	1.0E-10	1.0E+10	0.00000000425	0.075	1.0E+10	1E-30	12500	1.0E+10	0.00000025	600	1.0E+10	0.00000025	1200	1.0E+10	0.000000055	23	1E-30	1.0E+10	1.0E+10	1E-30	1.0E+10	1.0E+10	1E-30	1.0E+10	1.0E+10	1E-30	1.0E+10	1.0E+10	1E-30	1.0E+10	1.0E+10	1E-30	1.0E+10	1.0E+10	1E-30	1.0E+10	1.0E+10	1E-30	1.0E+10	1.0E+10	1E-30	1.0E+10	1.0E+10	1E-30	1.0E+10	1.0E+10
80	0.000000000000071	1E-30	1.0E-10	1.0E+10	0.00000000425	0.075	1.0E+10	1E-30	12500	1.0E+10	0.00000025	600	1.0E+10	0.00000025	1200	1.0E+10	0.000000055	23	1E-30	1.0E+10	1.0E+10	1E-30	1.0E+10	1.0E+10	1E-30	1.0E+10	1.0E+10	1E-30	1.0E+10	1.0E+10	1E-30	1.0E+10	1.0E+10	1E-30	1.0E+10	1.0E+10	1E-30	1.0E+10	1.0E+10	1E-30	1.0E+10	1.0E+10	1E-30	1.0E+10	1.0E+10	1E-30	1.0E+10	1.0E+10
81	0.000000000000069	1E-30	1.0E-10	1.0E+10	0.00000000435	0.08	1.0E+10	1E-30	12000	1.0E+10	0.00000025	600	1.0E+10	0.00000025	1200	1.0E+10	0.00000006	23	1E-30	1.0E+10	1.0E+10	1E-30	1.0E+10	1.0E+10	1E-30	1.0E+10	1.0E+10	1E-30	1.0E+10	1.0E+10	1E-30	1.0E+10	1.0E+10	1E-30	1.0E+10	1.0E+10	1E-30	1.0E+10	1.0E+10	1E-30	1.0E+10	1.0E+10	1E-30	1.0E+10	1.0E+10	1E-30	1.0E+10	1.0E+10
82	0.000000000000069	1E-30	1.0E-10	1.0E+10	0.00000000435	0.08	1.0E+10	1E-30	12000	1.0E+10	0.00000025	600	1.0E+10	0.00000025	1200	1.0E+10	0.00000006	23	1E-30	1.0E+10	1.0E+10	1E-30	1.0E+10	1.0E+10	1E-30	1.0E+10	1.0E+10	1E-30	1.0E+10	1.0E+10	1E-30	1.0E+10	1.0E+10	1E-30	1.0E+10	1.0E+10	1E-30	1.0E+10	1.0E+10	1E-30	1.0E+10	1.0E+10	1E-30	1.0E+10	1.0E+10	1E-30	1.0E+10	1.0E+10
83	6.35E-14	1E-30	1.0E-10	1.0E+10	0.0000000048	0.125	1.0E+10	1E-30	13500	1.0E+10	0.00000025	600	1.0E+10	0.00000025	1200	1.0E+10	0.000000065	18	1E-30	1.0E+10	1.0E+10	1E-30	1.0E+10	1.0E+10	1E-30	1.0E+10	1.0E+10	1E-30	1.0E+10	1.0E+10	1E-30	1.0E+10	1.0E+10	1E-30	1.0E+10	1.0E+10	1E-30	1.0E+10	1.0E+10	1E-30	1.0E+10	1.0E+10	1E-30	1.0E+10	1.0E+10	1E-30	1.0E+10	1.0E+10
84	6.35E-14	1E-30	1.0E-10	1.0E+10	0.0000000048	0.125	1.0E+10	1E-30	13500	1.0E+10	0.00000025	600	1.0E+10	0.00000025	1200	1.0E+10	0.000000065	18	1E-30	1.0E+10	1.0E+10	1E-30	1.0E+10	1.0E+10	1E-30	1.0E+10	1.0E+10	1E-30	1.0E+10	1.0E+10	1E-30	1.0E+10	1.0E+10	1E-30	1.0E+10	1.0E+10	1E-30	1.0E+10	1.0E+10	1E-30	1.0E+10	1.0E+10	1E-30	1.0E+10	1.0E+10	1E-30	1.0E+10	1.0E+10
85	0.000000000000089	1E-30	1.0E-10	1.0E+10	0.00000000524	0.085	1.0E+10	1E-30	15800	1.0E+10	0.00000035	600	1.0E+10	0.00000025	1200	1.0E+10	0.000000065	27	1E-30	1.0E+10	1.0E+10	1E-30	1.0E+10	1.0E+10	1E-30	1.0E+10	1.0E+10	1E-30	1.0E+10	1.0E+10	1E-30	1.0E+10	1.0E+10	1E-30	1.0E+10	1.0E+10	1E-30	1.0E+10	1.0E+10	1E-30	1.0E+10	1.0E+10	1E-30	1.0E+10	1.0E+10	1E-30	1.0E+10	1.0E+10
86	0.000000000000089	1E-30	1.0E-10	1.0E+10	0.00000000524	0.085	1.0E+10	1E-30	15800	1.0E+10	0.00000035	600	1.0E+10	0.00000025	1200	1.0E+10	0.000000065	27	1E-30	1.0E+10	1.0E+10	1E-30	1.0E+10	1.0E+10	1E-30	1.0E+10	1.0E+10	1E-30	1.0E+10	1.0E+10	1E-30	1.0E+10	1.0E+10	1E-30	1.0E+10	1.0E+10	1E-30	1.0E+10	1.0E+10	1E-30	1.0E+10	1.0E+10	1E-30	1.0E+10	1.0E+10	1E-30	1.0E+10	1.0E+10
87	0.000000000000081	1E-30	1.0E-10	1.0E+10	0.00000000584	0.138	1.0E+10	1E-30	17000	1.0E+10	0.0000005	600	1.0E+10	0.00000025	1200	1.0E+10	0.000000065	21	1E-30	1.0E+10	1.0E+10	1E-30	1.0E+10	1.0E+10	1E-30	1.0E+10	1.0E+10	1E-30	1.0E+10	1.0E+10	1E-30	1.0E+10	1.0E+10	1E-30	1.0E+10	1.0E+10	1E-30	1.0E+10	1.0E+10	1E-30	1.0E+10	1.0E+10	1E-30	1.0E+10	1.0E+10	1E-30	1.0E+10	1.0E+10
88	0.000000000000081	1E-30	1.0E-10	1.0E+10	0.00000000584	0.138	1.0E+10	1E-30	17000	1.0E+10	0.0000005	600	1.0E+10	0.00000025	1200	1.0E+10	0.000000065	21	1E-30	1.0E+10	1.0E+10	1E-30	1.0E+10	1.0E+10	1E-30	1.0E+10	1.0E+10	1E-30	1.0E+10	1.0E+10	1E-30	1.0E+10	1.0E+10	1E-30	1.0E+10	1.0E+10	1E-30	1.0E+10	1.0E+10	1E-30	1.0E+10	1.0E+10	1E-30	1.0E+10	1.0E+10	1E-30	1.0E+10	1.0E+10
89	0.000000000000054	1E-30	1.0E-10	1.0E+10	0.0000000062	0.14	1.0E+10	1E-30	17000	1.0E+10	0.00000033	1600	1.0E+10	0.00000023	160	1.0E+10	0.00000022	300	7.3E-15	0.0000000081	60	1E-30	1.0E+10	1.0E+10	1E-30	1.0E+10	1.0E+10	1E-30	1.0E+10	1.0E+10	1E-30	1.0E+10	1.0E+10	1E-30	1.0E+10	1.0E+10	1E-30	1.0E+10	1.0E+10	1E-30	1.0E+10	1.0E+10	1E-30	1.0E+10	1.0E+10	1E-30	1.0E+10	1.0E+10
90	0.000000000000054	1E-30	1.0E-10	1.0E+10	0.0000000062	0.14	1.0E+10	1E-30	17000	1.0E+10	0.00000033	1600	1.0E+10	0.00000023	160	1.0E+10	0.00000022	300	7.3E-15	0.0000000081	60	1E-30	1.0E+10	1.0E+10	1E-30	1.0E+10	1.0E+10	1E-30	1.0E+10	1.0E+10	1E-30	1.0E+10	1.0E+10	1E-30	1.0E+10	1.0E+10	1E-30	1.0E+10	1.0E+10	1E-30	1.0E+10	1.0E+10	1E-30	1.0E+10	1.0E+10	1E-30	1.0E+10	1.0E+10
91	0.000000000000065	1E-30	1.0E-10	1.0E+10	0.0000000069	0.18	1.0E+10	1E-30	17000	1.0E+10	0.00000035	1600	1.0E+10	0.00000023	160	1.0E+10	0.00000022	280	7.3E-15	0.0000000081	60	1E-30	1.0E+10	1.0E+10	1E-30	1.0E+10	1.0E+10	1E-30	1.0E+10	1.0E+10	1E-30	1.0E+10	1.0E+10	1E-30	1.0E+10	1.0E+10	1E-30	1.0E+10	1.0E+10	1E-30	1.0E+10	1.0E+10	1E-30	1.0E+10	1.0E+10	1E-30	1.0E+10	1.0E+10
92	0.000000000000065	1E-30	1.0E-10	1.0E+10	0.0000000069	0.18	1.0E+10	1E-30	17000	1.0E+10	0.00000035	1600	1.0E+10	0.00000023	160	1.0E+10	0.00000022	280	7.3E-15	0.0000000081	60	1E-30	1.0E+10	1.0E+10	1E-30	1.0E+10	1.0E+10	1E-30	1.0E+10	1.0E+10	1E-30	1.0E+10	1.0E+10	1E-30	1.0E+10	1.0E+10	1E-30	1.0E+10	1.0E+10	1E-30	1.0E+10	1.0E+10	1E-30	1.0E+10	1.0E+10	1E-30	1.0E+10	1.0E+10
93	0.000000000000085	1E-30	1.0E-10	1.0E+10	0.0000000077	0.16	1.0E+10	1E-30	20000	1.0E+10	0.00000035	1500	1.0E+10	0.0000004	700	1.0E+10	0.00000014	50	0.000000000000004	0.0000000146	60	1E-30	1.0E+10	1.0E+10	1E-30	1.0E+10	1.0E+10	1E-30	1.0E+10	1.0E+10	1E-30	1.0E+10	1.0E+10	1E-30	1.0E+10	1.0E+10	1E-30	1.0E+10	1.0E+10	1E-30	1.0E+10	1.0E+10	1E-30	1.0E+10	1.0E+10	1E-30	1.0E+10	1.0E+10
94	0.000000000000085	1E-30	1.0E-10	1.0E+10	0.0000000077	0.16	1.0E+10	1E-30	20000	1.0E+10	0.00000035	1500	1.0E+10	0.0000004	700	1.0E+10	0.00000014	50	0.000000000000004	0.0000000146	60	1E-30	1.0E+10	1.0E+10	1E-30	1.0E+10	1.0E+10	1E-30	1.0E+10	1.0E+10	1E-30	1.0E+10	1.0E+10	1E-30	1.0E+10	1.0E+10	1E-30	1.0E+10	1.0E+10	1E-30	1.0E+10	1.0E+10	1E-30	1.0E+10	1.0E+10	1E-30	1.0E+10	1.0E+10
95	0.000000000000077	1E-30	1.0E-10	1.0E+10	0.00000000845	0.22	1.0E+10	1E-30	20000	1.0E+10	0.00000037	2000	1.0E+10	0.0000005	800	1.0E+10	0.00000016	50	0.000000000000004	0.0000000146	60	1E-30	1.0E+10	1.0E+10	1E-30	1.0E+10	1.0E+10	1E-30	1.0E+10	1.0E+10	1E-30	1.0E+10	1.0E+10	1E-30	1.0E+10	1.0E+10	1E-30	1.0E+10	1.0E+10	1E-30	1.0E+10	1.0E+10	1E-30	1.0E+10	1.0E+10	1E-30	1.0E+10	1.0E+10
96	0.000000000000077	1E-30	1.0E-10	1.0E+10	0.00000000845	0.22	1.0E+10	1E-30	20000	1.0E+10	0.00000037	2000	1.0E+10	0.0000005	800	1.0E+10	0.00000016	50	0.000000000000004	0.0000000146	60	1E-30	1.0E+10	1.0E+10	1E-30	1.0E+10	1.0E+10	1E-30	1.0E+10	1.0E+10	1E-30	1.0E+10	1.0E+10	1E-30	1.0E+10	1.0E+10	1E-30	1.0E+10	1.0E+10	1E-30	1.0E+10	1.0E+10	1E-30	1.0E+10	1.0E+10	1E-30	1.0E+10	1.0E+10
97	0.000000000000064	1E-30	1.0E-10	1.0E+10	0.00000000945	0.24	1.0E+10	1E-30	22000	1.0E+10	0.00000042	2000	1.0E+10	0.0000005	800	1.0E+10	0.00000016	60	0.000000000000004	0.0000000146	60	1E-30	1.0E+10	1.0E+10	1E-30	1.0E+10	1.0E+10	1E-30	1.0E+10	1.0E+10	1E-30	1.0E+10	1.0E+10	1E-30	1.0E+10	1.0E+10	1E-30	1.0E+10	1.0E+10	1E-30	1.0E+10	1.0E+10	1E-30	1.0E+10	1.0E+10	1E-30	1.0E+10	1.0E+10
98	0.000000000000064	1E-30	1.0E-10	1.0E+10	0.00000000945	0.24	1.0E+10	1E-30	22000	1.0E+10	0.00000042	2000	1.0E+10	0.0000005	800	1.0E+10	0.00000016	60	0.000000000000004	0.0000000146	60	1E-30	1.0E+10	1.0E+10	1E-30	1.0E+10	1.0E+10	1E-30	1.0E+10	1.0E+10	1E-30	1.0E+10	1.0E+10	1E-30	1.0E+10	1.0E+10	1E-30	1.0E+10	1.0E+10	1E-30	1.0E+10	1.0E+10	1E-30	1.0E+10	1.0E+10	1E-30	1.0E+10	1.0E+10
99	0.000000000000074	1E-30	1.0E-10	1.0E+10	0.0000000105	0.27	1.0E+10	1E-30	20000	1.0E+10	0.00000046	2000	1.0E+10	0.0000005	800	1.0E+10	0.00000016	60	0.000000000000004	0.0000000146	60	1E-30	1.0E+10	1.0E+10	1E-30	1.0E+10	1.0E+10	1E-30	1.0E+10	1.0E+10	1E-30	1.0E+10	1.0E+10	1E-30	1.0E+10	1.0E+10	1E-30	1.0E+10	1.0E+10	1E-30	1.0E+10	1.0E+10	1E-30	1.0E+10	1.0E+10	1E-30	1.0E+10	1.0E+10
100	0.000000000000074	1E-30	1.0E-10	1.0E+10	0.0000000105	0.27	1.0E+10	1E-30	20000	1.0E+10	0.00000046	2000	1.0E+10	0.0000005	800	1.0E+10	0.00000016	60	0.000000000000004	0.0000000146	60	1E-30	1.0E+10	1.0E+10	1E-30	1.0E+10	1.0E+10	1E-30	1.0E+10	1.0E+10	1E-30	1.0E+10	1.0E+10	1E-30	1.0E+10	1.0E+10	1E-30	1.0E+10	1.0E+10	1E-30	1.0E+10	1.0E+10	1E-30	1.0E+10	1.0E+10	1E-30	1.0E+10	1.0E+10
101	0.000000000000083	1E-30	1.0E-10	1.0E+10	0.0000000116	0.29	1.0E+10	1E-30	20000	1.0E+10	0.0000005	2000	1.0E+10	0.0000005	800	1.0E+10	0.000000175	60	3.7E-15	0.0000000146	60	1E-30	1.0E+10	1.0E+10	1E-30	1.0E+10	1.0E+10	1E-30	1.0E+10	1.0E+10	1E-30	1.0E+10	1.0E+10	1E-30	1.0E+10	1.0E+10	1E-30	1.0E+10	1.0E+10	1E-30	1.0E+10	1.0E+10	1E-30	1.0E+10	1.0E+10	1E-30	1.0E+10	1.0E+10
102	0.000000000000083	1E-30	1.0E-10	1.0E+10	0.0000000116	0.29	1.0E+10	1E-30	20000	1.0E+10	0.0000005	2000	1.0E+10	0.0000005	800	1.0E+10	0.000000175	60	3.7E-15	0.0000000146	60	1E-30	1.0E+10	1.0E+10	1E-30	1.0E+10	1.0E+10	1E-30	1.0E+10	1.0E+10	1E-30	1.0E+10	1.0E+10	1E-30	1.0E+10	1.0E+10	1E-30	1.0E+10	1.0E+10	1E-30	1.0E+10	1.0E+10	1E-30	1.0E+10	1.0E+10	1E-30	1.0E+10	1.0E+10
103	0.000000000000073	1E-30	1.0E-10	1.0E+10	0.0000000127	0.27	1.0E+10	1E-30	20000	1.0E+10	0.0000005	2000	1.0E+10	0.0000005	800	1.0E+10	0.00000018	62	4.7E-15	0.0000000146	60	1E-30	1.0E+10	1.0E+10	1E-30	1.0E+10	1.0E+10	1E-30	1.0E+10	1.0E+10	1E-30	1.0E+10	1.0E+10	1E-30	1.0E+10	1.0E+10	1E-30	1.0E+10	1.0E+10	1E-30	1.0E+10	1.0E+10	1E-30	1.0E+10	1.0E+10	1E-30	1.0E+10	1.0E+10
104	0.000000000000073	1E-30	1.0E-10	1.0E+10	0.0000000127	0.27	1.0E+10	1E-30	20000	1.0E+10	0.0000005	2000	1.0E+10	0.0000005	800	1.0E+10	0.00000018	62	4.7E-15	0.0000000146	60	1E-30	1.0E+10	1.0E+10	1E-30	1.0E+10	1.0E+10	1E-30	1.0E+10	1.0E+10	1E-30	1.0E+10	1.0E+10	1E-30	1.0E+10	1.0E+10	1E-30	1.0E+10	1.0E+10	1E-30	1.0E+10	1.0E+10	1E-30	1.0E+10	1.0E+10	1E-30	1.0E+10	1.0E+10
105	0.000000000000073	1E-30	1.0E-10	1.0E+10	0.0000000138	0.32	1.0E+10	1E-30	24000	1.0E+10	0.0000005	2000	1.0E+10	0.0000005	800	1.0E+10	0.00000023	62	5.3E-15	0.0000000146	60	1E-30	1.0E+10	1.0E+10	1E-30	1.0E+10	1.0E+10	1E-30	1.0E+10	1.0E+10	1E-30	1.0E+10	1.0E+10	1E-30	1.0E+10	1.0E+10	1E-30	1.0E+10	1.0E+10	1E-30	1.0E+10	1.0E+10	1E-30	1.0E+10	1.0E+10	1E-30	1.0E+10	1.0E+10
106	0.000000000000073	1E-30	1.0E-10	1.0E+10	0.0000000138	0.32	1.0E+10	1E-30	24000	1.0E+10	0.0000005	2000	1.0E+10	0.0000005	800	1.0E+10	0.00000023	62	5.3E-15	0.0000000146	60	1E-30	1.0E+10	1.0E+10	1E-30	1.0E+10	1.0E+10	1E-30	1.0E+10	1.0E+10	1E-30	1.0E+10	1.0E+10	1E-30	1.0E+10	1.0E+10	1E-30	1.0E+10	1.0E+10	1E-30	1.0E+10	1.0E+10	1E-30	1.0E+10	1.0E+10	1E-30	1.0E+10	1.0E+10
107	0.000000000000078	1E-30	1.0E-10	1.0E+10	0.0000000158	0.45	1.0E+10	1E-30	23500	1.0E+10	0.00000056	2000	1.0E+10	0.00000065	900	1.0E+10	0.0000003	68	6.3E-15	0.0000000145	60	1E-30	1.0E+10	1.0E+10	1E-30	1.0E+10	1.0E+10	1E-30	1.0E+10	1.0E+10	1E-30	1.0E+10	1.0E+10	1E-30	1.0E+10	1.0E+10	1E-30	1.0E+10	1.0E+10	1E-30	1.0E+10	1.0E+10	1E-30	1.0E+10	1.0E+10	1E-30	1.0E+10	1.0E+10
108	0.000000000000078	1E-30	1.0E-10	1.0E+10	0.0000000158	0.45	1.0E+10	1E-30	23500	1.0E+10	0.00000056	2000	1.0E+10	0.00000065	900	1.0E+10	0.0000003	68	6.3E-15	0.0000000145	60	1E-30	1.0E+10	1.0E+10	1E-30	1.0E+10	1.0E+10	1E-30	1.0E+10	1.0E+10	1E-30	1.0E+10	1.0E+10	1E-30	1.0E+10	1.0E+10	1E-30	1.0E+10	1.0E+10	1E-30	1.0E+10	1.0E+10	1E-30	1.0E+10	1.0E+10	1E-30	1.0E+10	1.0E+10
109	0.00000000000009	1E-30	1.0E-10	1.0E+10	0.0000000169	0.4	1.0E+10	1E-30	22000	1.0E+10	0.0000006	2000	1.0E+10	0.00000065	900	1.0E+10	0.0000003	68	5.35E-15	0.0000000145	50	1E-30	1.0E+10	1.0E+10	1E-30	1.0E+10	1.0E+10	1E-30	1.0E+10	1.0E+10	1E-30	1.0E+10	1.0E+10	1E-30	1.0E+10	1.0E+10	1E-30	1.0E+10	1.0E+10	1E-30	1.0E+10	1.0E+10	1E-30	1.0E+10	1.0E+10	1E-30	1.0E+10	1.0E+10
110	0.00000000000009	1E-30	1.0E-10	1.0E+10	0.0000000169	0.4	1.0E+10	1E-30	22000	1.0E+10	0.0000006	2000	1.0E+10	0.00000065	900	1.0E+10	0.0000003	68	5.35E-15	0.0000000145	50	1E-30	1.0E+10	1.0E+10	1E-30	1.0E+10	1.0E+10	1E-30	1.0E+10	1.0E+10	1E-30	1.0E+10	1.0E+10	1E-30	1.0E+10	1.0E+10	1E-30	1.0E+10	1.0E+10	1E-30	1.0E+10	1.0E+10	1E-30	1.0E+10	1.0E+10	1E-30	1.0E+10	1.0E+10
111	0.000000000000065	1E-30	1.0E-10	1.0E+10	0.0000000192	0.48	1.0E+10	1E-30	27500	1.0E+10	0.0000008	3000	1.0E+10	0.00000065	1300	1.0E+10	0.0000003	70	0.000000000000006	0.0000000145	80	1E-30	1.0E+10	1.0E+10	1E-30	1.0E+10	1.0E+10	1E-30	1.0E+10	1.0E+10	1E-30	1.0E+10	1.0E+10	1E-30	1.0E+10	1.0E+10	1E-30	1.0E+10	1.0E+10	1E-30	1.0E+10	1.0E+10	1E-30	1.0E+10	1.0E+10	1E-30	1.0E+10	1.0E+10
112	0.000000000000065	1E-30	1.0E-10	1.0E+10	0.0000000192	0.48	1.0E+10	1E-30	27500	1.0E+10	0.0000008	3000	1.0E+10	0.00000065	1300	1.0E+10	0.0000003	70	0.000000000000006	0.0000000145	80	1E-30	1.0E+10	1.0E+10	1E-30	1.0E+10	1.0E+10	1E-30	1.0E+10	1.0E+10	1E-30	1.0E+10	1.0E+10	1E-30	1.0E+10	1.0E+10	1E-30	1.0E+10	1.0E+10	1E-30	1.0E+10	1.0E+10	1E-30	1.0E+10	1.0E+10	1E-30	1.0E+10	1.0E+10
113	0.000000000000065	1E-30	1.0E-10	1.0E+10	0.0000000216	0.45	1.0E+10	1E-30	24000	1.0E+10	0.0000014	2200	1.0E+10	0.0000006	1700	1.0E+10	0.00000028	75	0.000000000000008	0.000000015	80	1E-30	1.0E+10	1.0E+10	1E-30	1.0E+10	1.0E+10	1E-30	1.0E+10	1.0E+10	1E-30	1.0E+10	1.0E+10	1E-30	1.0E+10	1.0E+10	1E-30	1.0E+10	1.0E+10	1E-30	1.0E+10	1.0E+10	1E-30	1.0E+10	1.0E+10	1E-30	1.0E+10	1.0E+10
114	0.000000000000065	1E-30	1.0E-10	1.0E+10	0.0000000216	0.45	1.0E+10	1E-30	24000	1.0E+10	0.0000014	2200	1.0E+10	0.0000006	1700	1.0E+10	0.00000028	75	0.000000000000008	0.000000015	80	1E-30	1.0E+10	1.0E+10	1E-30	1.0E+10	1.0E+10	1E-30	1.0E+10	1.0E+10	1E-30	1.0E+10	1.0E+10	1E-30	1.0E+10	1.0E+10	1E-30	1.0E+10	1.0E+10	1E-30	1.0E+10	1.0E+10	1E-30	1.0E+10	1.0E+10	1E-30	1.0E+10	1.0E+10
115	0.000000000000065	1E-30	1.0E-10	1.0E+10	0.000000024	0.52	1.0E+10	1E-30	27000	1.0E+10	0.0000012	1500	1.0E+10	0.0000006	1700	1.0E+10	0.00000028	50	0.000000000000008	0.000000015	100	1E-30	1.0E+10	1.0E+10	1E-30	1.0E+10	1.0E+10	1E-30	1.0E+10	1.0E+10	1E-30	1.0E+10	1.0E+10	1E-30	1.0E+10	1.0E+10	1E-30	1.0E+10	1.0E+10	1E-30	1.0E+10	1.0E+10	1E-30	1.0E+10	1.0E+10	1E-30	1.0E+10	1.0E+10
116	0.000000000000065	1E-30	1.0E-10	1.0E+10	0.000000024	0.52	1.0E+10	1E-30	27000	1.0E+10	0.0000012	1500	1.0E+10	0.0000006	1700	1.0E+10	0.00000028	50	0.000000000000008	0.000000015	100	1E-30	1.0E+10	1.0E+10	1E-30	1.0E+10	1.0E+10	1E-30	1.0E+10	1.0E+10	1E-30	1.0E+10	1.0E+10	1E-30	1.0E+10	1.0E+10	1E-30	1.0E+10	1.0E+10	1E-30	1.0E+10	1.0E+10	1E-30	1.0E+10	1.0E+10	1E-30	1.0E+10	1.0E+10
END DSCRDATA
