BEGIN DSCRDATA
% INDEX	K01	L01	M01	K02	L02	M02	K03	L03	M03	K04	L04	M04	K05	L05	M05	K06	L06	M06	K07	L07	M07	K08	L08	M08	K09	L09	M09	K10	L10	M10	K11	L11	M11	K12	L12	M12	K13	L13	M13	K14	L14	M14	K15	L15	M15	K16	L16	M16
0	2.05E-15	1E-30	1.0E-10	1.0E+10	0.0000000024	0.02	1.0E+10	1E-30	1140	1.0E+10	0.00000000118	0.0963	1.0E+10	0.000000016	34.8	1.0E+10	0.0000000223	87.6	1E-30	1.0E+10	1.0E+10	1E-30	1.0E+10	1.0E+10	1E-30	1.0E+10	1.0E+10	1E-30	1.0E+10	1.0E+10	1E-30	1.0E+10	1.0E+10	1E-30	1.0E+10	1.0E+10	1E-30	1.0E+10	1.0E+10	1E-30	1.0E+10	1.0E+10	1E-30	1.0E+10	1.0E+10	1E-30	1.0E+10	1.0E+10
1	1.52E-15	1E-30	1.0E-10	1.0E+10	0.00000000417	0.045	1.0E+10	1E-30	1140	1.0E+10	0.0000000011	0.0963	1.0E+10	0.0000000127	25.2	1.0E+10	0.0000000203	66.5	1E-30	1.0E+10	1.0E+10	1E-30	1.0E+10	1.0E+10	1E-30	1.0E+10	1.0E+10	1E-30	1.0E+10	1.0E+10	1E-30	1.0E+10	1.0E+10	1E-30	1.0E+10	1.0E+10	1E-30	1.0E+10	1.0E+10	1E-30	1.0E+10	1.0E+10	1E-30	1.0E+10	1.0E+10	1E-30	1.0E+10	1.0E+10
2	1.17E-14	1E-30	1.0E-10	1.0E+10	0.00000000269	0.055	1.0E+10	1E-30	1600	1.0E+10	0.00000000306	0.253	1.0E+10	0.0000000278	57.5	1.0E+10	0.000000047	137	1E-30	1.0E+10	1.0E+10	1E-30	1.0E+10	1.0E+10	1E-30	1.0E+10	1.0E+10	1E-30	1.0E+10	1.0E+10	1E-30	1.0E+10	1.0E+10	1E-30	1.0E+10	1.0E+10	1E-30	1.0E+10	1.0E+10	1E-30	1.0E+10	1.0E+10	1E-30	1.0E+10	1.0E+10	1E-30	1.0E+10	1.0E+10
3	2.44E-14	1E-30	1.0E-10	1.0E+10	0.00000000282	0.077	1.0E+10	1E-30	1670	1.0E+10	0.00000000274	0.291	1.0E+10	0.0000000237	75.8	1.0E+10	0.000000382	1440	1E-30	1.0E+10	1.0E+10	1E-30	1.0E+10	1.0E+10	1E-30	1.0E+10	1.0E+10	1E-30	1.0E+10	1.0E+10	1E-30	1.0E+10	1.0E+10	1E-30	1.0E+10	1.0E+10	1E-30	1.0E+10	1.0E+10	1E-30	1.0E+10	1.0E+10	1E-30	1.0E+10	1.0E+10	1E-30	1.0E+10	1.0E+10
4	3.87E-14	1E-30	1.0E-10	1.0E+10	0.00000000309	0.06	1.0E+10	1E-30	2100	1.0E+10	0.00000000345	0.35	1.0E+10	0.000000032	93.3	1.0E+10	0.000000118	657	1E-30	1.0E+10	1.0E+10	1E-30	1.0E+10	1.0E+10	1E-30	1.0E+10	1.0E+10	1E-30	1.0E+10	1.0E+10	1E-30	1.0E+10	1.0E+10	1E-30	1.0E+10	1.0E+10	1E-30	1.0E+10	1.0E+10	1E-30	1.0E+10	1.0E+10	1E-30	1.0E+10	1.0E+10	1E-30	1.0E+10	1.0E+10
5	2.44E-14	1E-30	1.0E-10	1.0E+10	0.00000000178	0.083	1.0E+10	1E-30	2100	1.0E+10	0.0000000571	0.861	1.0E+10	0.0000000254	30.9	1.0E+10	0.0000000589	361	1E-30	1.0E+10	1.0E+10	1E-30	1.0E+10	1.0E+10	1E-30	1.0E+10	1.0E+10	1E-30	1.0E+10	1.0E+10	1E-30	1.0E+10	1.0E+10	1E-30	1.0E+10	1.0E+10	1E-30	1.0E+10	1.0E+10	1E-30	1.0E+10	1.0E+10	1E-30	1.0E+10	1.0E+10	1E-30	1.0E+10	1.0E+10
6	2.44E-14	1E-30	1.0E-10	1.0E+10	0.00000000195	0.13	1.0E+10	1E-30	2100	1.0E+10	0.0000000571	0.861	1.0E+10	0.000000026	30.9	1.0E+10	0.0000000537	307	1E-30	1.0E+10	1.0E+10	1E-30	1.0E+10	1.0E+10	1E-30	1.0E+10	1.0E+10	1E-30	1.0E+10	1.0E+10	1E-30	1.0E+10	1.0E+10	1E-30	1.0E+10	1.0E+10	1E-30	1.0E+10	1.0E+10	1E-30	1.0E+10	1.0E+10	1E-30	1.0E+10	1.0E+10	1E-30	1.0E+10	1.0E+10
7	2.44E-14	1E-30	1.0E-10	1.0E+10	0.00000000214	0.13	1.0E+10	1E-30	2200	1.0E+10	0.0000000571	0.861	1.0E+10	0.000000026	30.9	1.0E+10	0.0000000549	307	1E-30	1.0E+10	1.0E+10	1E-30	1.0E+10	1.0E+10	1E-30	1.0E+10	1.0E+10	1E-30	1.0E+10	1.0E+10	1E-30	1.0E+10	1.0E+10	1E-30	1.0E+10	1.0E+10	1E-30	1.0E+10	1.0E+10	1E-30	1.0E+10	1.0E+10	1E-30	1.0E+10	1.0E+10	1E-30	1.0E+10	1.0E+10
8	3.21E-14	1E-30	1.0E-10	1.0E+10	0.0000000027	0.05	1.0E+10	1E-30	3040	1.0E+10	0.0000000598	0.638	1.0E+10	0.0000000462	35.5	1.0E+10	0.000000087	387	1E-30	1.0E+10	1.0E+10	1E-30	1.0E+10	1.0E+10	1E-30	1.0E+10	1.0E+10	1E-30	1.0E+10	1.0E+10	1E-30	1.0E+10	1.0E+10	1E-30	1.0E+10	1.0E+10	1E-30	1.0E+10	1.0E+10	1E-30	1.0E+10	1.0E+10	1E-30	1.0E+10	1.0E+10	1E-30	1.0E+10	1.0E+10
9	2.57E-14	1E-30	1.0E-10	1.0E+10	0.00000000439	0.06	1.0E+10	1E-30	2550	1.0E+10	0.00000000646	0.533	1.0E+10	0.0000000612	54.5	1.0E+10	0.0000000642	230	1E-30	1.0E+10	1.0E+10	1E-30	1.0E+10	1.0E+10	1E-30	1.0E+10	1.0E+10	1E-30	1.0E+10	1.0E+10	1E-30	1.0E+10	1.0E+10	1E-30	1.0E+10	1.0E+10	1E-30	1.0E+10	1.0E+10	1E-30	1.0E+10	1.0E+10	1E-30	1.0E+10	1.0E+10	1E-30	1.0E+10	1.0E+10
10	3.24E-14	1E-30	1.0E-10	1.0E+10	0.00000000297	0.08	1.0E+10	1E-30	2730	1.0E+10	0.0000000204	1.62	1.0E+10	0.0000000612	75.2	1.0E+10	0.0000000704	290	1E-30	1.0E+10	1.0E+10	1E-30	1.0E+10	1.0E+10	1E-30	1.0E+10	1.0E+10	1E-30	1.0E+10	1.0E+10	1E-30	1.0E+10	1.0E+10	1E-30	1.0E+10	1.0E+10	1E-30	1.0E+10	1.0E+10	1E-30	1.0E+10	1.0E+10	1E-30	1.0E+10	1.0E+10	1E-30	1.0E+10	1.0E+10
11	0.00000000000002	1E-30	1.0E-10	1.0E+10	0.00000000341	0.18	1.0E+10	1E-30	2490	1.0E+10	0.0000000141	1.66	1.0E+10	0.0000000612	99.1	1.0E+10	0.0000000827	283	1E-30	1.0E+10	1.0E+10	1E-30	1.0E+10	1.0E+10	1E-30	1.0E+10	1.0E+10	1E-30	1.0E+10	1.0E+10	1E-30	1.0E+10	1.0E+10	1E-30	1.0E+10	1.0E+10	1E-30	1.0E+10	1.0E+10	1E-30	1.0E+10	1.0E+10	1E-30	1.0E+10	1.0E+10	1E-30	1.0E+10	1.0E+10
12	3.89E-14	1E-30	1.0E-10	1.0E+10	0.00000000374	0.052	1.0E+10	1E-30	3440	1.0E+10	0.0000000141	1.66	1.0E+10	0.0000000671	99.1	1.0E+10	0.000000109	564	1E-30	1.0E+10	1.0E+10	1E-30	1.0E+10	1.0E+10	1E-30	1.0E+10	1.0E+10	1E-30	1.0E+10	1.0E+10	1E-30	1.0E+10	1.0E+10	1E-30	1.0E+10	1.0E+10	1E-30	1.0E+10	1.0E+10	1E-30	1.0E+10	1.0E+10	1E-30	1.0E+10	1.0E+10	1E-30	1.0E+10	1.0E+10
13	4.17E-14	1E-30	1.0E-10	1.0E+10	0.00000000365	0.066	1.0E+10	1E-30	3440	1.0E+10	0.0000000135	1.41	1.0E+10	0.0000000671	90.4	1.0E+10	0.000000122	564	1E-30	1.0E+10	1.0E+10	1E-30	1.0E+10	1.0E+10	1E-30	1.0E+10	1.0E+10	1E-30	1.0E+10	1.0E+10	1E-30	1.0E+10	1.0E+10	1E-30	1.0E+10	1.0E+10	1E-30	1.0E+10	1.0E+10	1E-30	1.0E+10	1.0E+10	1E-30	1.0E+10	1.0E+10	1E-30	1.0E+10	1.0E+10
14	2.69E-14	1E-30	1.0E-10	1.0E+10	0.00000000365	0.088	1.0E+10	1E-30	3440	1.0E+10	0.0000000148	1.41	1.0E+10	0.0000000612	90.4	1.0E+10	0.000000122	710	1E-30	1.0E+10	1.0E+10	1E-30	1.0E+10	1.0E+10	1E-30	1.0E+10	1.0E+10	1E-30	1.0E+10	1.0E+10	1E-30	1.0E+10	1.0E+10	1E-30	1.0E+10	1.0E+10	1E-30	1.0E+10	1.0E+10	1E-30	1.0E+10	1.0E+10	1E-30	1.0E+10	1.0E+10	1E-30	1.0E+10	1.0E+10
15	2.57E-14	1E-30	1.0E-10	1.0E+10	0.0000000041	0.12	1.0E+10	1E-30	3440	1.0E+10	0.0000000159	1.38	1.0E+10	0.0000000626	67	1.0E+10	0.0000000946	428	1E-30	1.0E+10	1.0E+10	1E-30	1.0E+10	1.0E+10	1E-30	1.0E+10	1.0E+10	1E-30	1.0E+10	1.0E+10	1E-30	1.0E+10	1.0E+10	1E-30	1.0E+10	1.0E+10	1E-30	1.0E+10	1.0E+10	1E-30	1.0E+10	1.0E+10	1E-30	1.0E+10	1.0E+10	1E-30	1.0E+10	1.0E+10
16	2.51E-14	1E-30	1.0E-10	1.0E+10	0.00000000392	0.12	1.0E+10	1E-30	3440	1.0E+10	0.000000017	1.38	1.0E+10	0.0000000598	73.5	1.0E+10	0.0000000903	459	1E-30	1.0E+10	1.0E+10	1E-30	1.0E+10	1.0E+10	1E-30	1.0E+10	1.0E+10	1E-30	1.0E+10	1.0E+10	1E-30	1.0E+10	1.0E+10	1E-30	1.0E+10	1.0E+10	1E-30	1.0E+10	1.0E+10	1E-30	1.0E+10	1.0E+10	1E-30	1.0E+10	1.0E+10	1E-30	1.0E+10	1.0E+10
17	2.69E-14	1E-30	1.0E-10	1.0E+10	0.0000000042	0.19	1.0E+10	1E-30	3210	1.0E+10	0.0000000132	1.29	1.0E+10	0.0000000656	75.2	1.0E+10	0.0000000903	492	1E-30	1.0E+10	1.0E+10	1E-30	1.0E+10	1.0E+10	1E-30	1.0E+10	1.0E+10	1E-30	1.0E+10	1.0E+10	1E-30	1.0E+10	1.0E+10	1E-30	1.0E+10	1.0E+10	1E-30	1.0E+10	1.0E+10	1E-30	1.0E+10	1.0E+10	1E-30	1.0E+10	1.0E+10	1E-30	1.0E+10	1.0E+10
18	2.69E-14	1E-30	1.0E-10	1.0E+10	0.0000000043	0.19	1.0E+10	1E-30	3210	1.0E+10	0.0000000132	1.29	1.0E+10	0.0000000656	75.2	1.0E+10	0.000000099	492	1E-30	1.0E+10	1.0E+10	1E-30	1.0E+10	1.0E+10	1E-30	1.0E+10	1.0E+10	1E-30	1.0E+10	1.0E+10	1E-30	1.0E+10	1.0E+10	1E-30	1.0E+10	1.0E+10	1E-30	1.0E+10	1.0E+10	1E-30	1.0E+10	1.0E+10	1E-30	1.0E+10	1.0E+10	1E-30	1.0E+10	1.0E+10
19	2.82E-14	1E-30	1.0E-10	1.0E+10	0.00000000482	0.058	1.0E+10	1E-30	4230	1.0E+10	0.0000000174	1.29	1.0E+10	0.0000000612	75.2	1.0E+10	0.000000172	982	1E-30	1.0E+10	1.0E+10	1E-30	1.0E+10	1.0E+10	1E-30	1.0E+10	1.0E+10	1E-30	1.0E+10	1.0E+10	1E-30	1.0E+10	1.0E+10	1E-30	1.0E+10	1.0E+10	1E-30	1.0E+10	1.0E+10	1E-30	1.0E+10	1.0E+10	1E-30	1.0E+10	1.0E+10	1E-30	1.0E+10	1.0E+10
20	2.14E-14	1E-30	1.0E-10	1.0E+10	0.00000000541	0.1	1.0E+10	1E-30	4040	1.0E+10	0.0000000174	1.29	1.0E+10	0.0000000788	75.2	1.0E+10	0.000000137	620	1E-30	1.0E+10	1.0E+10	1E-30	1.0E+10	1.0E+10	1E-30	1.0E+10	1.0E+10	1E-30	1.0E+10	1.0E+10	1E-30	1.0E+10	1.0E+10	1E-30	1.0E+10	1.0E+10	1E-30	1.0E+10	1.0E+10	1E-30	1.0E+10	1.0E+10	1E-30	1.0E+10	1.0E+10	1E-30	1.0E+10	1.0E+10
21	3.02E-14	1E-30	1.0E-10	1.0E+10	0.00000000566	0.067	1.0E+10	1E-30	4230	1.0E+10	0.0000000229	1.29	1.0E+10	0.0000000864	75.2	1.0E+10	0.00000015	565	1E-30	1.0E+10	1.0E+10	1E-30	1.0E+10	1.0E+10	1E-30	1.0E+10	1.0E+10	1E-30	1.0E+10	1.0E+10	1E-30	1.0E+10	1.0E+10	1E-30	1.0E+10	1.0E+10	1E-30	1.0E+10	1.0E+10	1E-30	1.0E+10	1.0E+10	1E-30	1.0E+10	1.0E+10	1E-30	1.0E+10	1.0E+10
22	2.57E-14	1E-30	1.0E-10	1.0E+10	0.0000000065	0.11	1.0E+10	1E-30	4530	1.0E+10	0.0000000229	1.29	1.0E+10	0.0000000947	75.2	1.0E+10	0.000000161	605	1E-30	1.0E+10	1.0E+10	1E-30	1.0E+10	1.0E+10	1E-30	1.0E+10	1.0E+10	1E-30	1.0E+10	1.0E+10	1E-30	1.0E+10	1.0E+10	1E-30	1.0E+10	1.0E+10	1E-30	1.0E+10	1.0E+10	1E-30	1.0E+10	1.0E+10	1E-30	1.0E+10	1.0E+10	1E-30	1.0E+10	1.0E+10
23	2.47E-14	1E-30	1.0E-10	1.0E+10	0.00000000525	0.17	1.0E+10	1E-30	18500	1.0E+10	0.0000000767	56.2	1.0E+10	0.00000017	749	1E-30	1.0E+10	1.0E+10	1E-30	1.0E+10	1.0E+10	1E-30	1.0E+10	1.0E+10	1E-30	1.0E+10	1.0E+10	1E-30	1.0E+10	1.0E+10	1E-30	1.0E+10	1.0E+10	1E-30	1.0E+10	1.0E+10	1E-30	1.0E+10	1.0E+10	1E-30	1.0E+10	1.0E+10	1E-30	1.0E+10	1.0E+10	1E-30	1.0E+10	1.0E+10
24	2.53E-14	1E-30	1.0E-10	1.0E+10	0.00000000537	0.27	1.0E+10	1E-30	18500	1.0E+10	0.0000000966	56.2	1.0E+10	0.000000155	715	1E-30	1.0E+10	1.0E+10	1E-30	1.0E+10	1.0E+10	1E-30	1.0E+10	1.0E+10	1E-30	1.0E+10	1.0E+10	1E-30	1.0E+10	1.0E+10	1E-30	1.0E+10	1.0E+10	1E-30	1.0E+10	1.0E+10	1E-30	1.0E+10	1.0E+10	1E-30	1.0E+10	1.0E+10	1E-30	1.0E+10	1.0E+10	1E-30	1.0E+10	1.0E+10
25	2.53E-14	1E-30	1.0E-10	1.0E+10	0.00000000537	0.13	1.0E+10	1E-30	18500	1.0E+10	0.0000000841	56.2	1.0E+10	0.000000174	715	1E-30	1.0E+10	1.0E+10	1E-30	1.0E+10	1.0E+10	1E-30	1.0E+10	1.0E+10	1E-30	1.0E+10	1.0E+10	1E-30	1.0E+10	1.0E+10	1E-30	1.0E+10	1.0E+10	1E-30	1.0E+10	1.0E+10	1E-30	1.0E+10	1.0E+10	1E-30	1.0E+10	1.0E+10	1E-30	1.0E+10	1.0E+10	1E-30	1.0E+10	1.0E+10
26	2.57E-14	1E-30	1.0E-10	1.0E+10	0.00000000837	0.18	1.0E+10	1E-30	5840	1.0E+10	0.0000000229	1.29	1.0E+10	0.000000109	75.2	1.0E+10	0.000000165	727	1E-30	1.0E+10	1.0E+10	1E-30	1.0E+10	1.0E+10	1E-30	1.0E+10	1.0E+10	1E-30	1.0E+10	1.0E+10	1E-30	1.0E+10	1.0E+10	1E-30	1.0E+10	1.0E+10	1E-30	1.0E+10	1.0E+10	1E-30	1.0E+10	1.0E+10	1E-30	1.0E+10	1.0E+10	1E-30	1.0E+10	1.0E+10
27	2.65E-14	1E-30	1.0E-10	1.0E+10	0.00000000676	0.15	1.0E+10	1E-30	18500	1.0E+10	0.000000113	56.2	1.0E+10	0.000000195	715	1E-30	1.0E+10	1.0E+10	1E-30	1.0E+10	1.0E+10	1E-30	1.0E+10	1.0E+10	1E-30	1.0E+10	1.0E+10	1E-30	1.0E+10	1.0E+10	1E-30	1.0E+10	1.0E+10	1E-30	1.0E+10	1.0E+10	1E-30	1.0E+10	1.0E+10	1E-30	1.0E+10	1.0E+10	1E-30	1.0E+10	1.0E+10	1E-30	1.0E+10	1.0E+10
28	3.11E-14	1E-30	1.0E-10	1.0E+10	0.00000000741	0.2	1.0E+10	1E-30	18500	1.0E+10	0.000000113	56.2	1.0E+10	0.0000002	715	1E-30	1.0E+10	1.0E+10	1E-30	1.0E+10	1.0E+10	1E-30	1.0E+10	1.0E+10	1E-30	1.0E+10	1.0E+10	1E-30	1.0E+10	1.0E+10	1E-30	1.0E+10	1.0E+10	1E-30	1.0E+10	1.0E+10	1E-30	1.0E+10	1.0E+10	1E-30	1.0E+10	1.0E+10	1E-30	1.0E+10	1.0E+10	1E-30	1.0E+10	1.0E+10
29	2.63E-14	1E-30	1.0E-10	1.0E+10	0.0000000113	0.21	1.0E+10	1E-30	7700	1.0E+10	0.0000000245	1.29	1.0E+10	0.000000137	104	1.0E+10	0.000000218	1000	2.42E-16	0.000000301	3980	1E-30	1.0E+10	1.0E+10	1E-30	1.0E+10	1.0E+10	1E-30	1.0E+10	1.0E+10	1E-30	1.0E+10	1.0E+10	1E-30	1.0E+10	1.0E+10	1E-30	1.0E+10	1.0E+10	1E-30	1.0E+10	1.0E+10	1E-30	1.0E+10	1.0E+10	1E-30	1.0E+10	1.0E+10
30	2.71E-14	1E-30	1.0E-10	1.0E+10	0.00000000831	0.35	1.0E+10	1E-30	18500	1.0E+10	0.000000231	120	1.0E+10	0.0000002	749	1E-30	1.0E+10	1.0E+10	1E-30	1.0E+10	1.0E+10	1E-30	1.0E+10	1.0E+10	1E-30	1.0E+10	1.0E+10	1E-30	1.0E+10	1.0E+10	1E-30	1.0E+10	1.0E+10	1E-30	1.0E+10	1.0E+10	1E-30	1.0E+10	1.0E+10	1E-30	1.0E+10	1.0E+10	1E-30	1.0E+10	1.0E+10	1E-30	1.0E+10	1.0E+10
31	2.84E-14	1E-30	1.0E-10	1.0E+10	0.00000000911	0.18	1.0E+10	1E-30	18500	1.0E+10	0.000000109	39.3	1.0E+10	0.000000219	766	1E-30	1.0E+10	1.0E+10	1E-30	1.0E+10	1.0E+10	1E-30	1.0E+10	1.0E+10	1E-30	1.0E+10	1.0E+10	1E-30	1.0E+10	1.0E+10	1E-30	1.0E+10	1.0E+10	1E-30	1.0E+10	1.0E+10	1E-30	1.0E+10	1.0E+10	1E-30	1.0E+10	1.0E+10	1E-30	1.0E+10	1.0E+10	1E-30	1.0E+10	1.0E+10
32	2.57E-14	1E-30	1.0E-10	1.0E+10	0.0000000179	0.38	1.0E+10	1E-30	9690	1.0E+10	0.0000000223	1.48	1.0E+10	0.000000244	256	1.0E+10	0.00000033	1780	3.63E-16	0.000000174	138	1E-30	1.0E+10	1.0E+10	1E-30	1.0E+10	1.0E+10	1E-30	1.0E+10	1.0E+10	1E-30	1.0E+10	1.0E+10	1E-30	1.0E+10	1.0E+10	1E-30	1.0E+10	1.0E+10	1E-30	1.0E+10	1.0E+10	1E-30	1.0E+10	1.0E+10	1E-30	1.0E+10	1.0E+10
33	2.19E-14	1E-30	1.0E-10	1.0E+10	0.0000000145	0.39	1.0E+10	1E-30	12200	1.0E+10	0.0000000388	3.16	1.0E+10	0.000000261	511	1.0E+10	0.000000466	4370	3.76E-16	0.000000256	6190	1E-30	1.0E+10	1.0E+10	1E-30	1.0E+10	1.0E+10	1E-30	1.0E+10	1.0E+10	1E-30	1.0E+10	1.0E+10	1E-30	1.0E+10	1.0E+10	1E-30	1.0E+10	1.0E+10	1E-30	1.0E+10	1.0E+10	1E-30	1.0E+10	1.0E+10	1E-30	1.0E+10	1.0E+10
34	2.76E-14	1E-30	1.0E-10	1.0E+10	0.0000000166	0.45	1.0E+10	1E-30	15400	1.0E+10	0.00000005	3.89	1.0E+10	0.000000286	600	1.0E+10	0.000000689	8520	8.85E-16	0.0000000899	501	1E-30	1.0E+10	1.0E+10	1E-30	1.0E+10	1.0E+10	1E-30	1.0E+10	1.0E+10	1E-30	1.0E+10	1.0E+10	1E-30	1.0E+10	1.0E+10	1E-30	1.0E+10	1.0E+10	1E-30	1.0E+10	1.0E+10	1E-30	1.0E+10	1.0E+10	1E-30	1.0E+10	1.0E+10
35	3.04E-14	1E-30	1.0E-10	1.0E+10	0.0000000132	0.45	1.0E+10	1E-30	18500	1.0E+10	0.000000287	59.5	1.0E+10	0.000000289	900	1E-30	1.0E+10	1.0E+10	1E-30	1.0E+10	1.0E+10	1E-30	1.0E+10	1.0E+10	1E-30	1.0E+10	1.0E+10	1E-30	1.0E+10	1.0E+10	1E-30	1.0E+10	1.0E+10	1E-30	1.0E+10	1.0E+10	1E-30	1.0E+10	1.0E+10	1E-30	1.0E+10	1.0E+10	1E-30	1.0E+10	1.0E+10	1E-30	1.0E+10	1.0E+10
36	2.09E-14	1E-30	1.0E-10	1.0E+10	0.0000000209	0.44	1.0E+10	1E-30	15400	1.0E+10	0.0000000379	2.29	1.0E+10	0.000000261	511	1.0E+10	0.000000755	7420	1.63E-15	0.000000073	2070	1E-30	1.0E+10	1.0E+10	1E-30	1.0E+10	1.0E+10	1E-30	1.0E+10	1.0E+10	1E-30	1.0E+10	1.0E+10	1E-30	1.0E+10	1.0E+10	1E-30	1.0E+10	1.0E+10	1E-30	1.0E+10	1.0E+10	1E-30	1.0E+10	1.0E+10	1E-30	1.0E+10	1.0E+10
37	2.24E-14	1E-30	1.0E-10	1.0E+10	0.0000000257	0.5	1.0E+10	1E-30	26800	1.0E+10	0.0000000388	2.29	1.0E+10	0.000000336	643	1.0E+10	0.000000673	8520	1.63E-15	0.000000073	2070	1E-30	1.0E+10	1.0E+10	1E-30	1.0E+10	1.0E+10	1E-30	1.0E+10	1.0E+10	1E-30	1.0E+10	1.0E+10	1E-30	1.0E+10	1.0E+10	1E-30	1.0E+10	1.0E+10	1E-30	1.0E+10	1.0E+10	1E-30	1.0E+10	1.0E+10	1E-30	1.0E+10	1.0E+10
END DSCRDATA
