BEGIN DSCRDATA
% INDEX	K01	L01	M01	K02	L02	M02	K03	L03	M03	K04	L04	M04	K05	L05	M05	K06	L06	M06	K07	L07	M07	K08	L08	M08	K09	L09	M09	K10	L10	M10	K11	L11	M11	K12	L12	M12	K13	L13	M13	K14	L14	M14	K15	L15	M15	K16	L16	M16
0	2.21E-14	1E-30	1.0E-10	1.0E+10	0.00000000106	0.02	1.0E+10	1E-30	9020	1.0E+10	0.0000000234	20.6	1.0E+10	0.000000066	398	1E-30	1.0E+10	1.0E+10	1E-30	1.0E+10	1.0E+10	1E-30	1.0E+10	1.0E+10	1E-30	1.0E+10	1.0E+10	1E-30	1.0E+10	1.0E+10	1E-30	1.0E+10	1.0E+10	1E-30	1.0E+10	1.0E+10	1E-30	1.0E+10	1.0E+10	1E-30	1.0E+10	1.0E+10	1E-30	1.0E+10	1.0E+10	1E-30	1.0E+10	1.0E+10
1	2.21E-14	1E-30	1.0E-10	1.0E+10	0.00000000106	0.02	1.0E+10	1E-30	9020	1.0E+10	0.0000000234	20.6	1.0E+10	0.000000066	398	1E-30	1.0E+10	1.0E+10	1E-30	1.0E+10	1.0E+10	1E-30	1.0E+10	1.0E+10	1E-30	1.0E+10	1.0E+10	1E-30	1.0E+10	1.0E+10	1E-30	1.0E+10	1.0E+10	1E-30	1.0E+10	1.0E+10	1E-30	1.0E+10	1.0E+10	1E-30	1.0E+10	1.0E+10	1E-30	1.0E+10	1.0E+10	1E-30	1.0E+10	1.0E+10
2	7.85E-14	1E-30	1.0E-10	1.0E+10	0.00000000191	0.04	1.0E+10	1E-30	5270	1.0E+10	0.00000000969	2.49	1.0E+10	0.0000000275	50	1E-30	1.0E+10	1.0E+10	1E-30	1.0E+10	1.0E+10	1E-30	1.0E+10	1.0E+10	1E-30	1.0E+10	1.0E+10	1E-30	1.0E+10	1.0E+10	1E-30	1.0E+10	1.0E+10	1E-30	1.0E+10	1.0E+10	1E-30	1.0E+10	1.0E+10	1E-30	1.0E+10	1.0E+10	1E-30	1.0E+10	1.0E+10	1E-30	1.0E+10	1.0E+10
3	7.85E-14	1E-30	1.0E-10	1.0E+10	0.00000000191	0.04	1.0E+10	1E-30	5270	1.0E+10	0.00000000969	2.49	1.0E+10	0.0000000275	50	1E-30	1.0E+10	1.0E+10	1E-30	1.0E+10	1.0E+10	1E-30	1.0E+10	1.0E+10	1E-30	1.0E+10	1.0E+10	1E-30	1.0E+10	1.0E+10	1E-30	1.0E+10	1.0E+10	1E-30	1.0E+10	1.0E+10	1E-30	1.0E+10	1.0E+10	1E-30	1.0E+10	1.0E+10	1E-30	1.0E+10	1.0E+10	1E-30	1.0E+10	1.0E+10
4	7.33E-14	1E-30	1.0E-10	1.0E+10	0.000000002	0.04	1.0E+10	1E-30	6050	1.0E+10	0.0000000125	2.49	1.0E+10	0.0000000275	50	1E-30	1.0E+10	1.0E+10	1E-30	1.0E+10	1.0E+10	1E-30	1.0E+10	1.0E+10	1E-30	1.0E+10	1.0E+10	1E-30	1.0E+10	1.0E+10	1E-30	1.0E+10	1.0E+10	1E-30	1.0E+10	1.0E+10	1E-30	1.0E+10	1.0E+10	1E-30	1.0E+10	1.0E+10	1E-30	1.0E+10	1.0E+10	1E-30	1.0E+10	1.0E+10
5	7.33E-14	1E-30	1.0E-10	1.0E+10	0.000000002	0.04	1.0E+10	1E-30	6050	1.0E+10	0.0000000125	2.49	1.0E+10	0.0000000275	50	1E-30	1.0E+10	1.0E+10	1E-30	1.0E+10	1.0E+10	1E-30	1.0E+10	1.0E+10	1E-30	1.0E+10	1.0E+10	1E-30	1.0E+10	1.0E+10	1E-30	1.0E+10	1.0E+10	1E-30	1.0E+10	1.0E+10	1E-30	1.0E+10	1.0E+10	1E-30	1.0E+10	1.0E+10	1E-30	1.0E+10	1.0E+10	1E-30	1.0E+10	1.0E+10
6	1.04E-14	1E-30	1.0E-10	1.0E+10	0.00000000174	0.04	1.0E+10	1E-30	1910	1.0E+10	0.0000000267	1.74	1.0E+10	0.0000000458	28.5	1E-30	1.0E+10	1.0E+10	1E-30	1.0E+10	1.0E+10	1E-30	1.0E+10	1.0E+10	1E-30	1.0E+10	1.0E+10	1E-30	1.0E+10	1.0E+10	1E-30	1.0E+10	1.0E+10	1E-30	1.0E+10	1.0E+10	1E-30	1.0E+10	1.0E+10	1E-30	1.0E+10	1.0E+10	1E-30	1.0E+10	1.0E+10	1E-30	1.0E+10	1.0E+10
7	1.04E-14	1E-30	1.0E-10	1.0E+10	0.00000000174	0.04	1.0E+10	1E-30	1910	1.0E+10	0.0000000267	1.74	1.0E+10	0.0000000458	28.5	1E-30	1.0E+10	1.0E+10	1E-30	1.0E+10	1.0E+10	1E-30	1.0E+10	1.0E+10	1E-30	1.0E+10	1.0E+10	1E-30	1.0E+10	1.0E+10	1E-30	1.0E+10	1.0E+10	1E-30	1.0E+10	1.0E+10	1E-30	1.0E+10	1.0E+10	1E-30	1.0E+10	1.0E+10	1E-30	1.0E+10	1.0E+10	1E-30	1.0E+10	1.0E+10
8	6.68E-14	1E-30	1.0E-10	1.0E+10	0.00000000219	0.08	1.0E+10	1E-30	6050	1.0E+10	0.0000000122	2.49	1.0E+10	0.0000000295	65.9	1E-30	1.0E+10	1.0E+10	1E-30	1.0E+10	1.0E+10	1E-30	1.0E+10	1.0E+10	1E-30	1.0E+10	1.0E+10	1E-30	1.0E+10	1.0E+10	1E-30	1.0E+10	1.0E+10	1E-30	1.0E+10	1.0E+10	1E-30	1.0E+10	1.0E+10	1E-30	1.0E+10	1.0E+10	1E-30	1.0E+10	1.0E+10	1E-30	1.0E+10	1.0E+10
9	6.68E-14	1E-30	1.0E-10	1.0E+10	0.00000000219	0.08	1.0E+10	1E-30	6050	1.0E+10	0.0000000122	2.49	1.0E+10	0.0000000295	65.9	1E-30	1.0E+10	1.0E+10	1E-30	1.0E+10	1.0E+10	1E-30	1.0E+10	1.0E+10	1E-30	1.0E+10	1.0E+10	1E-30	1.0E+10	1.0E+10	1E-30	1.0E+10	1.0E+10	1E-30	1.0E+10	1.0E+10	1E-30	1.0E+10	1.0E+10	1E-30	1.0E+10	1.0E+10	1E-30	1.0E+10	1.0E+10	1E-30	1.0E+10	1.0E+10
10	5.31E-14	1E-30	1.0E-10	1.0E+10	0.00000000263	0.05	1.0E+10	1E-30	6050	1.0E+10	0.000000015	2.49	1.0E+10	0.0000000501	102	1E-30	1.0E+10	1.0E+10	1E-30	1.0E+10	1.0E+10	1E-30	1.0E+10	1.0E+10	1E-30	1.0E+10	1.0E+10	1E-30	1.0E+10	1.0E+10	1E-30	1.0E+10	1.0E+10	1E-30	1.0E+10	1.0E+10	1E-30	1.0E+10	1.0E+10	1E-30	1.0E+10	1.0E+10	1E-30	1.0E+10	1.0E+10	1E-30	1.0E+10	1.0E+10
11	5.31E-14	1E-30	1.0E-10	1.0E+10	0.00000000263	0.05	1.0E+10	1E-30	6050	1.0E+10	0.000000015	2.49	1.0E+10	0.0000000501	102	1E-30	1.0E+10	1.0E+10	1E-30	1.0E+10	1.0E+10	1E-30	1.0E+10	1.0E+10	1E-30	1.0E+10	1.0E+10	1E-30	1.0E+10	1.0E+10	1E-30	1.0E+10	1.0E+10	1E-30	1.0E+10	1.0E+10	1E-30	1.0E+10	1.0E+10	1E-30	1.0E+10	1.0E+10	1E-30	1.0E+10	1.0E+10	1E-30	1.0E+10	1.0E+10
12	4.95E-14	1E-30	1.0E-10	1.0E+10	0.00000000281	0.08	1.0E+10	1E-30	4810	1.0E+10	0.0000000164	2.49	1.0E+10	0.0000000417	84.9	1E-30	1.0E+10	1.0E+10	1E-30	1.0E+10	1.0E+10	1E-30	1.0E+10	1.0E+10	1E-30	1.0E+10	1.0E+10	1E-30	1.0E+10	1.0E+10	1E-30	1.0E+10	1.0E+10	1E-30	1.0E+10	1.0E+10	1E-30	1.0E+10	1.0E+10	1E-30	1.0E+10	1.0E+10	1E-30	1.0E+10	1.0E+10	1E-30	1.0E+10	1.0E+10
13	4.95E-14	1E-30	1.0E-10	1.0E+10	0.00000000281	0.08	1.0E+10	1E-30	4810	1.0E+10	0.0000000164	2.49	1.0E+10	0.0000000417	84.9	1E-30	1.0E+10	1.0E+10	1E-30	1.0E+10	1.0E+10	1E-30	1.0E+10	1.0E+10	1E-30	1.0E+10	1.0E+10	1E-30	1.0E+10	1.0E+10	1E-30	1.0E+10	1.0E+10	1E-30	1.0E+10	1.0E+10	1E-30	1.0E+10	1.0E+10	1E-30	1.0E+10	1.0E+10	1E-30	1.0E+10	1.0E+10	1E-30	1.0E+10	1.0E+10
14	4.51E-14	1E-30	1.0E-10	1.0E+10	0.00000000288	0.05	1.0E+10	1E-30	7620	1.0E+10	0.0000000337	14.9	1.0E+10	0.000000111	389	1E-30	1.0E+10	1.0E+10	1E-30	1.0E+10	1.0E+10	1E-30	1.0E+10	1.0E+10	1E-30	1.0E+10	1.0E+10	1E-30	1.0E+10	1.0E+10	1E-30	1.0E+10	1.0E+10	1E-30	1.0E+10	1.0E+10	1E-30	1.0E+10	1.0E+10	1E-30	1.0E+10	1.0E+10	1E-30	1.0E+10	1.0E+10	1E-30	1.0E+10	1.0E+10
15	4.51E-14	1E-30	1.0E-10	1.0E+10	0.00000000288	0.05	1.0E+10	1E-30	7620	1.0E+10	0.0000000337	14.9	1.0E+10	0.000000111	389	1E-30	1.0E+10	1.0E+10	1E-30	1.0E+10	1.0E+10	1E-30	1.0E+10	1.0E+10	1E-30	1.0E+10	1.0E+10	1E-30	1.0E+10	1.0E+10	1E-30	1.0E+10	1.0E+10	1E-30	1.0E+10	1.0E+10	1E-30	1.0E+10	1.0E+10	1E-30	1.0E+10	1.0E+10	1E-30	1.0E+10	1.0E+10	1E-30	1.0E+10	1.0E+10
16	1.09E-14	1E-30	1.0E-10	1.0E+10	0.00000000274	0.05	1.0E+10	1E-30	14300	1.0E+10	0.0000000464	25.1	1.0E+10	0.000000102	417	1E-30	1.0E+10	1.0E+10	1E-30	1.0E+10	1.0E+10	1E-30	1.0E+10	1.0E+10	1E-30	1.0E+10	1.0E+10	1E-30	1.0E+10	1.0E+10	1E-30	1.0E+10	1.0E+10	1E-30	1.0E+10	1.0E+10	1E-30	1.0E+10	1.0E+10	1E-30	1.0E+10	1.0E+10	1E-30	1.0E+10	1.0E+10	1E-30	1.0E+10	1.0E+10
17	1.09E-14	1E-30	1.0E-10	1.0E+10	0.00000000274	0.05	1.0E+10	1E-30	14300	1.0E+10	0.0000000464	25.1	1.0E+10	0.000000102	417	1E-30	1.0E+10	1.0E+10	1E-30	1.0E+10	1.0E+10	1E-30	1.0E+10	1.0E+10	1E-30	1.0E+10	1.0E+10	1E-30	1.0E+10	1.0E+10	1E-30	1.0E+10	1.0E+10	1E-30	1.0E+10	1.0E+10	1E-30	1.0E+10	1.0E+10	1E-30	1.0E+10	1.0E+10	1E-30	1.0E+10	1.0E+10	1E-30	1.0E+10	1.0E+10
18	4.41E-14	1E-30	1.0E-10	1.0E+10	0.00000000302	0.05	1.0E+10	1E-30	9590	1.0E+10	0.0000000233	4.28	1.0E+10	0.0000000764	236	1E-30	1.0E+10	1.0E+10	1E-30	1.0E+10	1.0E+10	1E-30	1.0E+10	1.0E+10	1E-30	1.0E+10	1.0E+10	1E-30	1.0E+10	1.0E+10	1E-30	1.0E+10	1.0E+10	1E-30	1.0E+10	1.0E+10	1E-30	1.0E+10	1.0E+10	1E-30	1.0E+10	1.0E+10	1E-30	1.0E+10	1.0E+10	1E-30	1.0E+10	1.0E+10
19	4.41E-14	1E-30	1.0E-10	1.0E+10	0.00000000302	0.05	1.0E+10	1E-30	9590	1.0E+10	0.0000000233	4.28	1.0E+10	0.0000000764	236	1E-30	1.0E+10	1.0E+10	1E-30	1.0E+10	1.0E+10	1E-30	1.0E+10	1.0E+10	1E-30	1.0E+10	1.0E+10	1E-30	1.0E+10	1.0E+10	1E-30	1.0E+10	1.0E+10	1E-30	1.0E+10	1.0E+10	1E-30	1.0E+10	1.0E+10	1E-30	1.0E+10	1.0E+10	1E-30	1.0E+10	1.0E+10	1E-30	1.0E+10	1.0E+10
20	4.31E-14	1E-30	1.0E-10	1.0E+10	0.00000000302	0.08	1.0E+10	1E-30	5780	1.0E+10	0.0000000192	4.53	1.0E+10	0.0000000696	146	1E-30	1.0E+10	1.0E+10	1E-30	1.0E+10	1.0E+10	1E-30	1.0E+10	1.0E+10	1E-30	1.0E+10	1.0E+10	1E-30	1.0E+10	1.0E+10	1E-30	1.0E+10	1.0E+10	1E-30	1.0E+10	1.0E+10	1E-30	1.0E+10	1.0E+10	1E-30	1.0E+10	1.0E+10	1E-30	1.0E+10	1.0E+10	1E-30	1.0E+10	1.0E+10
21	4.31E-14	1E-30	1.0E-10	1.0E+10	0.00000000302	0.08	1.0E+10	1E-30	5780	1.0E+10	0.0000000192	4.53	1.0E+10	0.0000000696	146	1E-30	1.0E+10	1.0E+10	1E-30	1.0E+10	1.0E+10	1E-30	1.0E+10	1.0E+10	1E-30	1.0E+10	1.0E+10	1E-30	1.0E+10	1.0E+10	1E-30	1.0E+10	1.0E+10	1E-30	1.0E+10	1.0E+10	1E-30	1.0E+10	1.0E+10	1E-30	1.0E+10	1.0E+10	1E-30	1.0E+10	1.0E+10	1E-30	1.0E+10	1.0E+10
22	2.29E-14	1E-30	1.0E-10	1.0E+10	0.00000000313	0.05	1.0E+10	1E-30	15000	1.0E+10	0.0000000469	24.8	1.0E+10	0.000000125	470	1E-30	1.0E+10	1.0E+10	1E-30	1.0E+10	1.0E+10	1E-30	1.0E+10	1.0E+10	1E-30	1.0E+10	1.0E+10	1E-30	1.0E+10	1.0E+10	1E-30	1.0E+10	1.0E+10	1E-30	1.0E+10	1.0E+10	1E-30	1.0E+10	1.0E+10	1E-30	1.0E+10	1.0E+10	1E-30	1.0E+10	1.0E+10	1E-30	1.0E+10	1.0E+10
23	2.29E-14	1E-30	1.0E-10	1.0E+10	0.00000000313	0.05	1.0E+10	1E-30	15000	1.0E+10	0.0000000469	24.8	1.0E+10	0.000000125	470	1E-30	1.0E+10	1.0E+10	1E-30	1.0E+10	1.0E+10	1E-30	1.0E+10	1.0E+10	1E-30	1.0E+10	1.0E+10	1E-30	1.0E+10	1.0E+10	1E-30	1.0E+10	1.0E+10	1E-30	1.0E+10	1.0E+10	1E-30	1.0E+10	1.0E+10	1E-30	1.0E+10	1.0E+10	1E-30	1.0E+10	1.0E+10	1E-30	1.0E+10	1.0E+10
24	4.02E-14	1E-30	1.0E-10	1.0E+10	0.00000000324	0.08	1.0E+10	1E-30	8350	1.0E+10	0.0000000236	8.26	1.0E+10	0.000000121	471	1E-30	1.0E+10	1.0E+10	1E-30	1.0E+10	1.0E+10	1E-30	1.0E+10	1.0E+10	1E-30	1.0E+10	1.0E+10	1E-30	1.0E+10	1.0E+10	1E-30	1.0E+10	1.0E+10	1E-30	1.0E+10	1.0E+10	1E-30	1.0E+10	1.0E+10	1E-30	1.0E+10	1.0E+10	1E-30	1.0E+10	1.0E+10	1E-30	1.0E+10	1.0E+10
25	4.02E-14	1E-30	1.0E-10	1.0E+10	0.00000000324	0.08	1.0E+10	1E-30	8350	1.0E+10	0.0000000236	8.26	1.0E+10	0.000000121	471	1E-30	1.0E+10	1.0E+10	1E-30	1.0E+10	1.0E+10	1E-30	1.0E+10	1.0E+10	1E-30	1.0E+10	1.0E+10	1E-30	1.0E+10	1.0E+10	1E-30	1.0E+10	1.0E+10	1E-30	1.0E+10	1.0E+10	1E-30	1.0E+10	1.0E+10	1E-30	1.0E+10	1.0E+10	1E-30	1.0E+10	1.0E+10	1E-30	1.0E+10	1.0E+10
26	3.75E-14	1E-30	1.0E-10	1.0E+10	0.00000000355	0.12	1.0E+10	1E-30	7620	1.0E+10	0.0000000255	2.31	1.0E+10	0.000000066	149	1E-30	1.0E+10	1.0E+10	1E-30	1.0E+10	1.0E+10	1E-30	1.0E+10	1.0E+10	1E-30	1.0E+10	1.0E+10	1E-30	1.0E+10	1.0E+10	1E-30	1.0E+10	1.0E+10	1E-30	1.0E+10	1.0E+10	1E-30	1.0E+10	1.0E+10	1E-30	1.0E+10	1.0E+10	1E-30	1.0E+10	1.0E+10	1E-30	1.0E+10	1.0E+10
27	3.75E-14	1E-30	1.0E-10	1.0E+10	0.00000000355	0.12	1.0E+10	1E-30	7620	1.0E+10	0.0000000255	2.31	1.0E+10	0.000000066	149	1E-30	1.0E+10	1.0E+10	1E-30	1.0E+10	1.0E+10	1E-30	1.0E+10	1.0E+10	1E-30	1.0E+10	1.0E+10	1E-30	1.0E+10	1.0E+10	1E-30	1.0E+10	1.0E+10	1E-30	1.0E+10	1.0E+10	1E-30	1.0E+10	1.0E+10	1E-30	1.0E+10	1.0E+10	1E-30	1.0E+10	1.0E+10	1E-30	1.0E+10	1.0E+10
28	2.66E-14	1E-30	1.0E-10	1.0E+10	0.00000000345	0.1	1.0E+10	1E-30	15700	1.0E+10	0.0000000585	40.8	1.0E+10	0.000000132	596	1E-30	1.0E+10	1.0E+10	1E-30	1.0E+10	1.0E+10	1E-30	1.0E+10	1.0E+10	1E-30	1.0E+10	1.0E+10	1E-30	1.0E+10	1.0E+10	1E-30	1.0E+10	1.0E+10	1E-30	1.0E+10	1.0E+10	1E-30	1.0E+10	1.0E+10	1E-30	1.0E+10	1.0E+10	1E-30	1.0E+10	1.0E+10	1E-30	1.0E+10	1.0E+10
29	2.66E-14	1E-30	1.0E-10	1.0E+10	0.00000000345	0.1	1.0E+10	1E-30	15700	1.0E+10	0.0000000585	40.8	1.0E+10	0.000000132	596	1E-30	1.0E+10	1.0E+10	1E-30	1.0E+10	1.0E+10	1E-30	1.0E+10	1.0E+10	1E-30	1.0E+10	1.0E+10	1E-30	1.0E+10	1.0E+10	1E-30	1.0E+10	1.0E+10	1E-30	1.0E+10	1.0E+10	1E-30	1.0E+10	1.0E+10	1E-30	1.0E+10	1.0E+10	1E-30	1.0E+10	1.0E+10	1E-30	1.0E+10	1.0E+10
30	3.58E-14	1E-30	1.0E-10	1.0E+10	0.00000000364	0.19	1.0E+10	1E-30	6480	1.0E+10	0.000000759	0.000471	1.0E+10	0.0000000647	120	1E-30	1.0E+10	1.0E+10	1E-30	1.0E+10	1.0E+10	1E-30	1.0E+10	1.0E+10	1E-30	1.0E+10	1.0E+10	1E-30	1.0E+10	1.0E+10	1E-30	1.0E+10	1.0E+10	1E-30	1.0E+10	1.0E+10	1E-30	1.0E+10	1.0E+10	1E-30	1.0E+10	1.0E+10	1E-30	1.0E+10	1.0E+10	1E-30	1.0E+10	1.0E+10
31	3.58E-14	1E-30	1.0E-10	1.0E+10	0.00000000364	0.19	1.0E+10	1E-30	6480	1.0E+10	0.000000759	0.000471	1.0E+10	0.0000000647	120	1E-30	1.0E+10	1.0E+10	1E-30	1.0E+10	1.0E+10	1E-30	1.0E+10	1.0E+10	1E-30	1.0E+10	1.0E+10	1E-30	1.0E+10	1.0E+10	1E-30	1.0E+10	1.0E+10	1E-30	1.0E+10	1.0E+10	1E-30	1.0E+10	1.0E+10	1E-30	1.0E+10	1.0E+10	1E-30	1.0E+10	1.0E+10	1E-30	1.0E+10	1.0E+10
32	9.62E-15	1E-30	1.0E-10	1.0E+10	0.00000000362	0.07	1.0E+10	1E-30	13500	1.0E+10	0.0000000553	29.2	1.0E+10	0.00000014	519	1E-30	1.0E+10	1.0E+10	1E-30	1.0E+10	1.0E+10	1E-30	1.0E+10	1.0E+10	1E-30	1.0E+10	1.0E+10	1E-30	1.0E+10	1.0E+10	1E-30	1.0E+10	1.0E+10	1E-30	1.0E+10	1.0E+10	1E-30	1.0E+10	1.0E+10	1E-30	1.0E+10	1.0E+10	1E-30	1.0E+10	1.0E+10	1E-30	1.0E+10	1.0E+10
33	9.62E-15	1E-30	1.0E-10	1.0E+10	0.00000000362	0.07	1.0E+10	1E-30	13500	1.0E+10	0.0000000553	29.2	1.0E+10	0.00000014	519	1E-30	1.0E+10	1.0E+10	1E-30	1.0E+10	1.0E+10	1E-30	1.0E+10	1.0E+10	1E-30	1.0E+10	1.0E+10	1E-30	1.0E+10	1.0E+10	1E-30	1.0E+10	1.0E+10	1E-30	1.0E+10	1.0E+10	1E-30	1.0E+10	1.0E+10	1E-30	1.0E+10	1.0E+10	1E-30	1.0E+10	1.0E+10	1E-30	1.0E+10	1.0E+10
34	3.41E-14	1E-30	1.0E-10	1.0E+10	0.00000000437	0.1	1.0E+10	1E-30	6050	1.0E+10	0.0000000168	1.18	1.0E+10	0.0000000574	96.1	1E-30	1.0E+10	1.0E+10	1E-30	1.0E+10	1.0E+10	1E-30	1.0E+10	1.0E+10	1E-30	1.0E+10	1.0E+10	1E-30	1.0E+10	1.0E+10	1E-30	1.0E+10	1.0E+10	1E-30	1.0E+10	1.0E+10	1E-30	1.0E+10	1.0E+10	1E-30	1.0E+10	1.0E+10	1E-30	1.0E+10	1.0E+10	1E-30	1.0E+10	1.0E+10
35	3.41E-14	1E-30	1.0E-10	1.0E+10	0.00000000437	0.1	1.0E+10	1E-30	6050	1.0E+10	0.0000000168	1.18	1.0E+10	0.0000000574	96.1	1E-30	1.0E+10	1.0E+10	1E-30	1.0E+10	1.0E+10	1E-30	1.0E+10	1.0E+10	1E-30	1.0E+10	1.0E+10	1E-30	1.0E+10	1.0E+10	1E-30	1.0E+10	1.0E+10	1E-30	1.0E+10	1.0E+10	1E-30	1.0E+10	1.0E+10	1E-30	1.0E+10	1.0E+10	1E-30	1.0E+10	1.0E+10	1E-30	1.0E+10	1.0E+10
36	0.000000000000041	1E-30	1.0E-10	1.0E+10	0.00000000437	0.007	1.0E+10	1E-30	4490	1.0E+10	0.0000000104	0.589	1.0E+10	0.000000074	91.8	1E-30	1.0E+10	1.0E+10	1E-30	1.0E+10	1.0E+10	1E-30	1.0E+10	1.0E+10	1E-30	1.0E+10	1.0E+10	1E-30	1.0E+10	1.0E+10	1E-30	1.0E+10	1.0E+10	1E-30	1.0E+10	1.0E+10	1E-30	1.0E+10	1.0E+10	1E-30	1.0E+10	1.0E+10	1E-30	1.0E+10	1.0E+10	1E-30	1.0E+10	1.0E+10
37	0.000000000000041	1E-30	1.0E-10	1.0E+10	0.00000000437	0.007	1.0E+10	1E-30	4490	1.0E+10	0.0000000104	0.589	1.0E+10	0.000000074	91.8	1E-30	1.0E+10	1.0E+10	1E-30	1.0E+10	1.0E+10	1E-30	1.0E+10	1.0E+10	1E-30	1.0E+10	1.0E+10	1E-30	1.0E+10	1.0E+10	1E-30	1.0E+10	1.0E+10	1E-30	1.0E+10	1.0E+10	1E-30	1.0E+10	1.0E+10	1E-30	1.0E+10	1.0E+10	1E-30	1.0E+10	1.0E+10	1E-30	1.0E+10	1.0E+10
38	1.22E-14	1E-30	1.0E-10	1.0E+10	0.00000000394	0.07	1.0E+10	1E-30	15500	1.0E+10	0.0000000671	31.7	1.0E+10	0.000000133	392	1E-30	1.0E+10	1.0E+10	1E-30	1.0E+10	1.0E+10	1E-30	1.0E+10	1.0E+10	1E-30	1.0E+10	1.0E+10	1E-30	1.0E+10	1.0E+10	1E-30	1.0E+10	1.0E+10	1E-30	1.0E+10	1.0E+10	1E-30	1.0E+10	1.0E+10	1E-30	1.0E+10	1.0E+10	1E-30	1.0E+10	1.0E+10	1E-30	1.0E+10	1.0E+10
39	1.22E-14	1E-30	1.0E-10	1.0E+10	0.00000000394	0.07	1.0E+10	1E-30	15500	1.0E+10	0.0000000671	31.7	1.0E+10	0.000000133	392	1E-30	1.0E+10	1.0E+10	1E-30	1.0E+10	1.0E+10	1E-30	1.0E+10	1.0E+10	1E-30	1.0E+10	1.0E+10	1E-30	1.0E+10	1.0E+10	1E-30	1.0E+10	1.0E+10	1E-30	1.0E+10	1.0E+10	1E-30	1.0E+10	1.0E+10	1E-30	1.0E+10	1.0E+10	1E-30	1.0E+10	1.0E+10	1E-30	1.0E+10	1.0E+10
40	3.41E-14	1E-30	1.0E-10	1.0E+10	0.00000000468	0.007	1.0E+10	1E-30	6050	1.0E+10	0.0000000164	1.18	1.0E+10	0.0000000754	116	1E-30	1.0E+10	1.0E+10	1E-30	1.0E+10	1.0E+10	1E-30	1.0E+10	1.0E+10	1E-30	1.0E+10	1.0E+10	1E-30	1.0E+10	1.0E+10	1E-30	1.0E+10	1.0E+10	1E-30	1.0E+10	1.0E+10	1E-30	1.0E+10	1.0E+10	1E-30	1.0E+10	1.0E+10	1E-30	1.0E+10	1.0E+10	1E-30	1.0E+10	1.0E+10
41	3.41E-14	1E-30	1.0E-10	1.0E+10	0.00000000468	0.007	1.0E+10	1E-30	6050	1.0E+10	0.0000000164	1.18	1.0E+10	0.0000000754	116	1E-30	1.0E+10	1.0E+10	1E-30	1.0E+10	1.0E+10	1E-30	1.0E+10	1.0E+10	1E-30	1.0E+10	1.0E+10	1E-30	1.0E+10	1.0E+10	1E-30	1.0E+10	1.0E+10	1E-30	1.0E+10	1.0E+10	1E-30	1.0E+10	1.0E+10	1E-30	1.0E+10	1.0E+10	1E-30	1.0E+10	1.0E+10	1E-30	1.0E+10	1.0E+10
42	2.11E-14	1E-30	1.0E-10	1.0E+10	0.00000000437	0.1	1.0E+10	1E-30	15200	1.0E+10	0.000000114	22.7	1.0E+10	0.000000138	369	1E-30	1.0E+10	1.0E+10	1E-30	1.0E+10	1.0E+10	1E-30	1.0E+10	1.0E+10	1E-30	1.0E+10	1.0E+10	1E-30	1.0E+10	1.0E+10	1E-30	1.0E+10	1.0E+10	1E-30	1.0E+10	1.0E+10	1E-30	1.0E+10	1.0E+10	1E-30	1.0E+10	1.0E+10	1E-30	1.0E+10	1.0E+10	1E-30	1.0E+10	1.0E+10
43	2.11E-14	1E-30	1.0E-10	1.0E+10	0.00000000437	0.1	1.0E+10	1E-30	15200	1.0E+10	0.000000114	22.7	1.0E+10	0.000000138	369	1E-30	1.0E+10	1.0E+10	1E-30	1.0E+10	1.0E+10	1E-30	1.0E+10	1.0E+10	1E-30	1.0E+10	1.0E+10	1E-30	1.0E+10	1.0E+10	1E-30	1.0E+10	1.0E+10	1E-30	1.0E+10	1.0E+10	1E-30	1.0E+10	1.0E+10	1E-30	1.0E+10	1.0E+10	1E-30	1.0E+10	1.0E+10	1E-30	1.0E+10	1.0E+10
44	2.53E-14	1E-30	1.0E-10	1.0E+10	0.00000000479	0.07	1.0E+10	1E-30	8950	1.0E+10	0.0000000265	1.73	1.0E+10	0.0000000753	103	1E-30	1.0E+10	1.0E+10	1E-30	1.0E+10	1.0E+10	1E-30	1.0E+10	1.0E+10	1E-30	1.0E+10	1.0E+10	1E-30	1.0E+10	1.0E+10	1E-30	1.0E+10	1.0E+10	1E-30	1.0E+10	1.0E+10	1E-30	1.0E+10	1.0E+10	1E-30	1.0E+10	1.0E+10	1E-30	1.0E+10	1.0E+10	1E-30	1.0E+10	1.0E+10
45	2.53E-14	1E-30	1.0E-10	1.0E+10	0.00000000479	0.07	1.0E+10	1E-30	8950	1.0E+10	0.0000000265	1.73	1.0E+10	0.0000000753	103	1E-30	1.0E+10	1.0E+10	1E-30	1.0E+10	1.0E+10	1E-30	1.0E+10	1.0E+10	1E-30	1.0E+10	1.0E+10	1E-30	1.0E+10	1.0E+10	1E-30	1.0E+10	1.0E+10	1E-30	1.0E+10	1.0E+10	1E-30	1.0E+10	1.0E+10	1E-30	1.0E+10	1.0E+10	1E-30	1.0E+10	1.0E+10	1E-30	1.0E+10	1.0E+10
46	2.47E-14	1E-30	1.0E-10	1.0E+10	0.00000000428	0.07	1.0E+10	1E-30	22100	1.0E+10	0.000000065	26.6	1.0E+10	0.000000155	497	1.0E+10	0.0000027	39700	1E-30	1.0E+10	1.0E+10	1E-30	1.0E+10	1.0E+10	1E-30	1.0E+10	1.0E+10	1E-30	1.0E+10	1.0E+10	1E-30	1.0E+10	1.0E+10	1E-30	1.0E+10	1.0E+10	1E-30	1.0E+10	1.0E+10	1E-30	1.0E+10	1.0E+10	1E-30	1.0E+10	1.0E+10	1E-30	1.0E+10	1.0E+10
47	2.47E-14	1E-30	1.0E-10	1.0E+10	0.00000000428	0.07	1.0E+10	1E-30	22100	1.0E+10	0.000000065	26.6	1.0E+10	0.000000155	497	1.0E+10	0.0000027	39700	1E-30	1.0E+10	1.0E+10	1E-30	1.0E+10	1.0E+10	1E-30	1.0E+10	1.0E+10	1E-30	1.0E+10	1.0E+10	1E-30	1.0E+10	1.0E+10	1E-30	1.0E+10	1.0E+10	1E-30	1.0E+10	1.0E+10	1E-30	1.0E+10	1.0E+10	1E-30	1.0E+10	1.0E+10	1E-30	1.0E+10	1.0E+10
48	1.96E-14	1E-30	1.0E-10	1.0E+10	0.00000000468	0.1	1.0E+10	1E-30	4810	1.0E+10	0.0000000486	7.88	1.0E+10	0.000000123	293	1E-30	1.0E+10	1.0E+10	1E-30	1.0E+10	1.0E+10	1E-30	1.0E+10	1.0E+10	1E-30	1.0E+10	1.0E+10	1E-30	1.0E+10	1.0E+10	1E-30	1.0E+10	1.0E+10	1E-30	1.0E+10	1.0E+10	1E-30	1.0E+10	1.0E+10	1E-30	1.0E+10	1.0E+10	1E-30	1.0E+10	1.0E+10	1E-30	1.0E+10	1.0E+10
49	1.96E-14	1E-30	1.0E-10	1.0E+10	0.00000000468	0.1	1.0E+10	1E-30	4810	1.0E+10	0.0000000486	7.88	1.0E+10	0.000000123	293	1E-30	1.0E+10	1.0E+10	1E-30	1.0E+10	1.0E+10	1E-30	1.0E+10	1.0E+10	1E-30	1.0E+10	1.0E+10	1E-30	1.0E+10	1.0E+10	1E-30	1.0E+10	1.0E+10	1E-30	1.0E+10	1.0E+10	1E-30	1.0E+10	1.0E+10	1E-30	1.0E+10	1.0E+10	1E-30	1.0E+10	1.0E+10	1E-30	1.0E+10	1.0E+10
50	1.92E-14	1E-30	1.0E-10	1.0E+10	0.00000000468	0.1	1.0E+10	1E-30	7620	1.0E+10	0.0000000686	13.7	1.0E+10	0.00000011	228	1E-30	1.0E+10	1.0E+10	1E-30	1.0E+10	1.0E+10	1E-30	1.0E+10	1.0E+10	1E-30	1.0E+10	1.0E+10	1E-30	1.0E+10	1.0E+10	1E-30	1.0E+10	1.0E+10	1E-30	1.0E+10	1.0E+10	1E-30	1.0E+10	1.0E+10	1E-30	1.0E+10	1.0E+10	1E-30	1.0E+10	1.0E+10	1E-30	1.0E+10	1.0E+10
51	1.92E-14	1E-30	1.0E-10	1.0E+10	0.00000000468	0.1	1.0E+10	1E-30	7620	1.0E+10	0.0000000686	13.7	1.0E+10	0.00000011	228	1E-30	1.0E+10	1.0E+10	1E-30	1.0E+10	1.0E+10	1E-30	1.0E+10	1.0E+10	1E-30	1.0E+10	1.0E+10	1E-30	1.0E+10	1.0E+10	1E-30	1.0E+10	1.0E+10	1E-30	1.0E+10	1.0E+10	1E-30	1.0E+10	1.0E+10	1E-30	1.0E+10	1.0E+10	1E-30	1.0E+10	1.0E+10	1E-30	1.0E+10	1.0E+10
52	2.31E-14	1E-30	1.0E-10	1.0E+10	0.0000000049	0.1	1.0E+10	1E-30	12400	1.0E+10	0.0000000702	13.7	1.0E+10	0.000000132	369	1E-30	1.0E+10	1.0E+10	1E-30	1.0E+10	1.0E+10	1E-30	1.0E+10	1.0E+10	1E-30	1.0E+10	1.0E+10	1E-30	1.0E+10	1.0E+10	1E-30	1.0E+10	1.0E+10	1E-30	1.0E+10	1.0E+10	1E-30	1.0E+10	1.0E+10	1E-30	1.0E+10	1.0E+10	1E-30	1.0E+10	1.0E+10	1E-30	1.0E+10	1.0E+10
53	2.31E-14	1E-30	1.0E-10	1.0E+10	0.0000000049	0.1	1.0E+10	1E-30	12400	1.0E+10	0.0000000702	13.7	1.0E+10	0.000000132	369	1E-30	1.0E+10	1.0E+10	1E-30	1.0E+10	1.0E+10	1E-30	1.0E+10	1.0E+10	1E-30	1.0E+10	1.0E+10	1E-30	1.0E+10	1.0E+10	1E-30	1.0E+10	1.0E+10	1E-30	1.0E+10	1.0E+10	1E-30	1.0E+10	1.0E+10	1E-30	1.0E+10	1.0E+10	1E-30	1.0E+10	1.0E+10	1E-30	1.0E+10	1.0E+10
54	2.11821649402116E-14	1E-30	1.0E-10	1.0E+10	0.00000000471	0.1	1.0E+10	1E-30	15900	1.0E+10	0.0000000872	60.8	1.0E+10	0.000000202	750	1.0E+10	1.93814365736254E-07	5192.6182558159	1E-30	1.0E+10	1.0E+10	1E-30	1.0E+10	1.0E+10	1E-30	1.0E+10	1.0E+10	1E-30	1.0E+10	1.0E+10	1E-30	1.0E+10	1.0E+10	1E-30	1.0E+10	1.0E+10	1E-30	1.0E+10	1.0E+10	1E-30	1.0E+10	1.0E+10	1E-30	1.0E+10	1.0E+10	1E-30	1.0E+10	1.0E+10
55	2.11821649402116E-14	1E-30	1.0E-10	1.0E+10	0.00000000471	0.1	1.0E+10	1E-30	15900	1.0E+10	0.0000000872	60.8	1.0E+10	0.000000202	750	1.0E+10	1.93814365736254E-07	5192.6182558159	1E-30	1.0E+10	1.0E+10	1E-30	1.0E+10	1.0E+10	1E-30	1.0E+10	1.0E+10	1E-30	1.0E+10	1.0E+10	1E-30	1.0E+10	1.0E+10	1E-30	1.0E+10	1.0E+10	1E-30	1.0E+10	1.0E+10	1E-30	1.0E+10	1.0E+10	1E-30	1.0E+10	1.0E+10	1E-30	1.0E+10	1.0E+10
56	2.21E-14	1E-30	1.0E-10	1.0E+10	0.00000000513	0.16	1.0E+10	1E-30	9590	1.0E+10	0.000000116	6.56	1.0E+10	0.000000121	286	1E-30	1.0E+10	1.0E+10	1E-30	1.0E+10	1.0E+10	1E-30	1.0E+10	1.0E+10	1E-30	1.0E+10	1.0E+10	1E-30	1.0E+10	1.0E+10	1E-30	1.0E+10	1.0E+10	1E-30	1.0E+10	1.0E+10	1E-30	1.0E+10	1.0E+10	1E-30	1.0E+10	1.0E+10	1E-30	1.0E+10	1.0E+10	1E-30	1.0E+10	1.0E+10
57	2.21E-14	1E-30	1.0E-10	1.0E+10	0.00000000513	0.16	1.0E+10	1E-30	9590	1.0E+10	0.000000116	6.56	1.0E+10	0.000000121	286	1E-30	1.0E+10	1.0E+10	1E-30	1.0E+10	1.0E+10	1E-30	1.0E+10	1.0E+10	1E-30	1.0E+10	1.0E+10	1E-30	1.0E+10	1.0E+10	1E-30	1.0E+10	1.0E+10	1E-30	1.0E+10	1.0E+10	1E-30	1.0E+10	1.0E+10	1E-30	1.0E+10	1.0E+10	1E-30	1.0E+10	1.0E+10	1E-30	1.0E+10	1.0E+10
58	2.21E-14	1E-30	1.0E-10	1.0E+10	0.00000000513	0.16	1.0E+10	1E-30	5520	1.0E+10	0.000000108	13.7	1.0E+10	0.000000121	233	1E-30	1.0E+10	1.0E+10	1E-30	1.0E+10	1.0E+10	1E-30	1.0E+10	1.0E+10	1E-30	1.0E+10	1.0E+10	1E-30	1.0E+10	1.0E+10	1E-30	1.0E+10	1.0E+10	1E-30	1.0E+10	1.0E+10	1E-30	1.0E+10	1.0E+10	1E-30	1.0E+10	1.0E+10	1E-30	1.0E+10	1.0E+10	1E-30	1.0E+10	1.0E+10
59	2.21E-14	1E-30	1.0E-10	1.0E+10	0.00000000513	0.16	1.0E+10	1E-30	5520	1.0E+10	0.000000108	13.7	1.0E+10	0.000000121	233	1E-30	1.0E+10	1.0E+10	1E-30	1.0E+10	1.0E+10	1E-30	1.0E+10	1.0E+10	1E-30	1.0E+10	1.0E+10	1E-30	1.0E+10	1.0E+10	1E-30	1.0E+10	1.0E+10	1E-30	1.0E+10	1.0E+10	1E-30	1.0E+10	1.0E+10	1E-30	1.0E+10	1.0E+10	1E-30	1.0E+10	1.0E+10	1E-30	1.0E+10	1.0E+10
60	2.26E-14	1E-30	1.0E-10	1.0E+10	0.00000000525	0.16	1.0E+10	1E-30	13200	1.0E+10	0.0000000898	13.7	1.0E+10	0.000000121	386	1E-30	1.0E+10	1.0E+10	1E-30	1.0E+10	1.0E+10	1E-30	1.0E+10	1.0E+10	1E-30	1.0E+10	1.0E+10	1E-30	1.0E+10	1.0E+10	1E-30	1.0E+10	1.0E+10	1E-30	1.0E+10	1.0E+10	1E-30	1.0E+10	1.0E+10	1E-30	1.0E+10	1.0E+10	1E-30	1.0E+10	1.0E+10	1E-30	1.0E+10	1.0E+10
61	2.26E-14	1E-30	1.0E-10	1.0E+10	0.00000000525	0.16	1.0E+10	1E-30	13200	1.0E+10	0.0000000898	13.7	1.0E+10	0.000000121	386	1E-30	1.0E+10	1.0E+10	1E-30	1.0E+10	1.0E+10	1E-30	1.0E+10	1.0E+10	1E-30	1.0E+10	1.0E+10	1E-30	1.0E+10	1.0E+10	1E-30	1.0E+10	1.0E+10	1E-30	1.0E+10	1.0E+10	1E-30	1.0E+10	1.0E+10	1E-30	1.0E+10	1.0E+10	1E-30	1.0E+10	1.0E+10	1E-30	1.0E+10	1.0E+10
62	1.45E-14	1E-30	1.0E-10	1.0E+10	0.00000000514	0.0926	1.0E+10	1E-30	24300	1.0E+10	0.0000000778	34.7	1.0E+10	0.000000187	623	1.0E+10	0.00000441	83000	1E-30	1.0E+10	1.0E+10	1E-30	1.0E+10	1.0E+10	1E-30	1.0E+10	1.0E+10	1E-30	1.0E+10	1.0E+10	1E-30	1.0E+10	1.0E+10	1E-30	1.0E+10	1.0E+10	1E-30	1.0E+10	1.0E+10	1E-30	1.0E+10	1.0E+10	1E-30	1.0E+10	1.0E+10	1E-30	1.0E+10	1.0E+10
63	1.45E-14	1E-30	1.0E-10	1.0E+10	0.00000000514	0.0926	1.0E+10	1E-30	24300	1.0E+10	0.0000000778	34.7	1.0E+10	0.000000187	623	1.0E+10	0.00000441	83000	1E-30	1.0E+10	1.0E+10	1E-30	1.0E+10	1.0E+10	1E-30	1.0E+10	1.0E+10	1E-30	1.0E+10	1.0E+10	1E-30	1.0E+10	1.0E+10	1E-30	1.0E+10	1.0E+10	1E-30	1.0E+10	1.0E+10	1E-30	1.0E+10	1.0E+10	1E-30	1.0E+10	1.0E+10	1E-30	1.0E+10	1.0E+10
64	1.88E-14	1E-30	1.0E-10	1.0E+10	0.0000000055	0.13	1.0E+10	1E-30	15200	1.0E+10	0.0000000782	13.7	1.0E+10	0.000000121	300	1E-30	1.0E+10	1.0E+10	1E-30	1.0E+10	1.0E+10	1E-30	1.0E+10	1.0E+10	1E-30	1.0E+10	1.0E+10	1E-30	1.0E+10	1.0E+10	1E-30	1.0E+10	1.0E+10	1E-30	1.0E+10	1.0E+10	1E-30	1.0E+10	1.0E+10	1E-30	1.0E+10	1.0E+10	1E-30	1.0E+10	1.0E+10	1E-30	1.0E+10	1.0E+10
65	1.88E-14	1E-30	1.0E-10	1.0E+10	0.0000000055	0.13	1.0E+10	1E-30	15200	1.0E+10	0.0000000782	13.7	1.0E+10	0.000000121	300	1E-30	1.0E+10	1.0E+10	1E-30	1.0E+10	1.0E+10	1E-30	1.0E+10	1.0E+10	1E-30	1.0E+10	1.0E+10	1E-30	1.0E+10	1.0E+10	1E-30	1.0E+10	1.0E+10	1E-30	1.0E+10	1.0E+10	1E-30	1.0E+10	1.0E+10	1E-30	1.0E+10	1.0E+10	1E-30	1.0E+10	1.0E+10	1E-30	1.0E+10	1.0E+10
66	1.88E-14	1E-30	1.0E-10	1.0E+10	0.00000000576	0.13	1.0E+10	1E-30	1520	1.0E+10	0.0000000782	13.7	1.0E+10	0.000000195	369	1E-30	1.0E+10	1.0E+10	1E-30	1.0E+10	1.0E+10	1E-30	1.0E+10	1.0E+10	1E-30	1.0E+10	1.0E+10	1E-30	1.0E+10	1.0E+10	1E-30	1.0E+10	1.0E+10	1E-30	1.0E+10	1.0E+10	1E-30	1.0E+10	1.0E+10	1E-30	1.0E+10	1.0E+10	1E-30	1.0E+10	1.0E+10	1E-30	1.0E+10	1.0E+10
67	1.88E-14	1E-30	1.0E-10	1.0E+10	0.00000000576	0.13	1.0E+10	1E-30	1520	1.0E+10	0.0000000782	13.7	1.0E+10	0.000000195	369	1E-30	1.0E+10	1.0E+10	1E-30	1.0E+10	1.0E+10	1E-30	1.0E+10	1.0E+10	1E-30	1.0E+10	1.0E+10	1E-30	1.0E+10	1.0E+10	1E-30	1.0E+10	1.0E+10	1E-30	1.0E+10	1.0E+10	1E-30	1.0E+10	1.0E+10	1E-30	1.0E+10	1.0E+10	1E-30	1.0E+10	1.0E+10	1E-30	1.0E+10	1.0E+10
68	2.21E-14	1E-30	1.0E-10	1.0E+10	0.00000000576	0.13	1.0E+10	1E-30	12100	1.0E+10	0.0000000747	13.7	1.0E+10	0.000000145	369	1E-30	1.0E+10	1.0E+10	1E-30	1.0E+10	1.0E+10	1E-30	1.0E+10	1.0E+10	1E-30	1.0E+10	1.0E+10	1E-30	1.0E+10	1.0E+10	1E-30	1.0E+10	1.0E+10	1E-30	1.0E+10	1.0E+10	1E-30	1.0E+10	1.0E+10	1E-30	1.0E+10	1.0E+10	1E-30	1.0E+10	1.0E+10	1E-30	1.0E+10	1.0E+10
69	2.21E-14	1E-30	1.0E-10	1.0E+10	0.00000000576	0.13	1.0E+10	1E-30	12100	1.0E+10	0.0000000747	13.7	1.0E+10	0.000000145	369	1E-30	1.0E+10	1.0E+10	1E-30	1.0E+10	1.0E+10	1E-30	1.0E+10	1.0E+10	1E-30	1.0E+10	1.0E+10	1E-30	1.0E+10	1.0E+10	1E-30	1.0E+10	1.0E+10	1E-30	1.0E+10	1.0E+10	1E-30	1.0E+10	1.0E+10	1E-30	1.0E+10	1.0E+10	1E-30	1.0E+10	1.0E+10	1E-30	1.0E+10	1.0E+10
70	2.21E-14	1E-30	1.0E-10	1.0E+10	0.00000000589	0.08	1.0E+10	1E-30	13500	1.0E+10	0.0000000621	13.7	1.0E+10	0.000000186	627	1E-30	1.0E+10	1.0E+10	1E-30	1.0E+10	1.0E+10	1E-30	1.0E+10	1.0E+10	1E-30	1.0E+10	1.0E+10	1E-30	1.0E+10	1.0E+10	1E-30	1.0E+10	1.0E+10	1E-30	1.0E+10	1.0E+10	1E-30	1.0E+10	1.0E+10	1E-30	1.0E+10	1.0E+10	1E-30	1.0E+10	1.0E+10	1E-30	1.0E+10	1.0E+10
71	2.21E-14	1E-30	1.0E-10	1.0E+10	0.00000000589	0.08	1.0E+10	1E-30	13500	1.0E+10	0.0000000621	13.7	1.0E+10	0.000000186	627	1E-30	1.0E+10	1.0E+10	1E-30	1.0E+10	1.0E+10	1E-30	1.0E+10	1.0E+10	1E-30	1.0E+10	1.0E+10	1E-30	1.0E+10	1.0E+10	1E-30	1.0E+10	1.0E+10	1E-30	1.0E+10	1.0E+10	1E-30	1.0E+10	1.0E+10	1E-30	1.0E+10	1.0E+10	1E-30	1.0E+10	1.0E+10	1E-30	1.0E+10	1.0E+10
72	2.19E-14	1E-30	1.0E-10	1.0E+10	0.00000000569	0.08	1.0E+10	1E-30	22600	1.0E+10	0.0000000784	32.5	1.0E+10	0.000000185	558	1.0E+10	0.00000457	86200	1E-30	1.0E+10	1.0E+10	1E-30	1.0E+10	1.0E+10	1E-30	1.0E+10	1.0E+10	1E-30	1.0E+10	1.0E+10	1E-30	1.0E+10	1.0E+10	1E-30	1.0E+10	1.0E+10	1E-30	1.0E+10	1.0E+10	1E-30	1.0E+10	1.0E+10	1E-30	1.0E+10	1.0E+10	1E-30	1.0E+10	1.0E+10
73	2.19E-14	1E-30	1.0E-10	1.0E+10	0.00000000569	0.08	1.0E+10	1E-30	22600	1.0E+10	0.0000000784	32.5	1.0E+10	0.000000185	558	1.0E+10	0.00000457	86200	1E-30	1.0E+10	1.0E+10	1E-30	1.0E+10	1.0E+10	1E-30	1.0E+10	1.0E+10	1E-30	1.0E+10	1.0E+10	1E-30	1.0E+10	1.0E+10	1E-30	1.0E+10	1.0E+10	1E-30	1.0E+10	1.0E+10	1E-30	1.0E+10	1.0E+10	1E-30	1.0E+10	1.0E+10	1E-30	1.0E+10	1.0E+10
74	2.02E-14	1E-30	1.0E-10	1.0E+10	0.00000000603	0.13	1.0E+10	1E-30	14200	1.0E+10	0.0000000898	13.7	1.0E+10	0.000000138	329	1E-30	1.0E+10	1.0E+10	1E-30	1.0E+10	1.0E+10	1E-30	1.0E+10	1.0E+10	1E-30	1.0E+10	1.0E+10	1E-30	1.0E+10	1.0E+10	1E-30	1.0E+10	1.0E+10	1E-30	1.0E+10	1.0E+10	1E-30	1.0E+10	1.0E+10	1E-30	1.0E+10	1.0E+10	1E-30	1.0E+10	1.0E+10	1E-30	1.0E+10	1.0E+10
75	2.02E-14	1E-30	1.0E-10	1.0E+10	0.00000000603	0.13	1.0E+10	1E-30	14200	1.0E+10	0.0000000898	13.7	1.0E+10	0.000000138	329	1E-30	1.0E+10	1.0E+10	1E-30	1.0E+10	1.0E+10	1E-30	1.0E+10	1.0E+10	1E-30	1.0E+10	1.0E+10	1E-30	1.0E+10	1.0E+10	1E-30	1.0E+10	1.0E+10	1E-30	1.0E+10	1.0E+10	1E-30	1.0E+10	1.0E+10	1E-30	1.0E+10	1.0E+10	1E-30	1.0E+10	1.0E+10	1E-30	1.0E+10	1.0E+10
76	2.11E-14	1E-30	1.0E-10	1.0E+10	0.00000000617	0.13	1.0E+10	1E-30	15200	1.0E+10	0.00000008	13.7	1.0E+10	0.000000144	321	1E-30	1.0E+10	1.0E+10	1E-30	1.0E+10	1.0E+10	1E-30	1.0E+10	1.0E+10	1E-30	1.0E+10	1.0E+10	1E-30	1.0E+10	1.0E+10	1E-30	1.0E+10	1.0E+10	1E-30	1.0E+10	1.0E+10	1E-30	1.0E+10	1.0E+10	1E-30	1.0E+10	1.0E+10	1E-30	1.0E+10	1.0E+10	1E-30	1.0E+10	1.0E+10
77	2.11E-14	1E-30	1.0E-10	1.0E+10	0.00000000617	0.13	1.0E+10	1E-30	15200	1.0E+10	0.00000008	13.7	1.0E+10	0.000000144	321	1E-30	1.0E+10	1.0E+10	1E-30	1.0E+10	1.0E+10	1E-30	1.0E+10	1.0E+10	1E-30	1.0E+10	1.0E+10	1E-30	1.0E+10	1.0E+10	1E-30	1.0E+10	1.0E+10	1E-30	1.0E+10	1.0E+10	1E-30	1.0E+10	1.0E+10	1E-30	1.0E+10	1.0E+10	1E-30	1.0E+10	1.0E+10	1E-30	1.0E+10	1.0E+10
78	2.11E-14	1E-30	1.0E-10	1.0E+10	0.00000000631	0.13	1.0E+10	1E-30	15200	1.0E+10	0.0000000838	13.7	1.0E+10	0.000000141	307	1E-30	1.0E+10	1.0E+10	1E-30	1.0E+10	1.0E+10	1E-30	1.0E+10	1.0E+10	1E-30	1.0E+10	1.0E+10	1E-30	1.0E+10	1.0E+10	1E-30	1.0E+10	1.0E+10	1E-30	1.0E+10	1.0E+10	1E-30	1.0E+10	1.0E+10	1E-30	1.0E+10	1.0E+10	1E-30	1.0E+10	1.0E+10	1E-30	1.0E+10	1.0E+10
79	2.11E-14	1E-30	1.0E-10	1.0E+10	0.00000000631	0.13	1.0E+10	1E-30	15200	1.0E+10	0.0000000838	13.7	1.0E+10	0.000000141	307	1E-30	1.0E+10	1.0E+10	1E-30	1.0E+10	1.0E+10	1E-30	1.0E+10	1.0E+10	1E-30	1.0E+10	1.0E+10	1E-30	1.0E+10	1.0E+10	1E-30	1.0E+10	1.0E+10	1E-30	1.0E+10	1.0E+10	1E-30	1.0E+10	1.0E+10	1E-30	1.0E+10	1.0E+10	1E-30	1.0E+10	1.0E+10	1E-30	1.0E+10	1.0E+10
80	2.31E-14	1E-30	1.0E-10	1.0E+10	0.00000000631	0.13	1.0E+10	1E-30	13200	1.0E+10	0.0000000877	17.6	1.0E+10	0.000000138	307	1E-30	1.0E+10	1.0E+10	1E-30	1.0E+10	1.0E+10	1E-30	1.0E+10	1.0E+10	1E-30	1.0E+10	1.0E+10	1E-30	1.0E+10	1.0E+10	1E-30	1.0E+10	1.0E+10	1E-30	1.0E+10	1.0E+10	1E-30	1.0E+10	1.0E+10	1E-30	1.0E+10	1.0E+10	1E-30	1.0E+10	1.0E+10	1E-30	1.0E+10	1.0E+10
81	2.31E-14	1E-30	1.0E-10	1.0E+10	0.00000000631	0.13	1.0E+10	1E-30	13200	1.0E+10	0.0000000877	17.6	1.0E+10	0.000000138	307	1E-30	1.0E+10	1.0E+10	1E-30	1.0E+10	1.0E+10	1E-30	1.0E+10	1.0E+10	1E-30	1.0E+10	1.0E+10	1E-30	1.0E+10	1.0E+10	1E-30	1.0E+10	1.0E+10	1E-30	1.0E+10	1.0E+10	1E-30	1.0E+10	1.0E+10	1E-30	1.0E+10	1.0E+10	1E-30	1.0E+10	1.0E+10	1E-30	1.0E+10	1.0E+10
82	2.31E-14	1E-30	1.0E-10	1.0E+10	0.00000000631	0.13	1.0E+10	1E-30	15200	1.0E+10	0.0000000877	17.6	1.0E+10	0.000000148	321	1E-30	1.0E+10	1.0E+10	1E-30	1.0E+10	1.0E+10	1E-30	1.0E+10	1.0E+10	1E-30	1.0E+10	1.0E+10	1E-30	1.0E+10	1.0E+10	1E-30	1.0E+10	1.0E+10	1E-30	1.0E+10	1.0E+10	1E-30	1.0E+10	1.0E+10	1E-30	1.0E+10	1.0E+10	1E-30	1.0E+10	1.0E+10	1E-30	1.0E+10	1.0E+10
83	2.31E-14	1E-30	1.0E-10	1.0E+10	0.00000000631	0.13	1.0E+10	1E-30	15200	1.0E+10	0.0000000877	17.6	1.0E+10	0.000000148	321	1E-30	1.0E+10	1.0E+10	1E-30	1.0E+10	1.0E+10	1E-30	1.0E+10	1.0E+10	1E-30	1.0E+10	1.0E+10	1E-30	1.0E+10	1.0E+10	1E-30	1.0E+10	1.0E+10	1E-30	1.0E+10	1.0E+10	1E-30	1.0E+10	1.0E+10	1E-30	1.0E+10	1.0E+10	1E-30	1.0E+10	1.0E+10	1E-30	1.0E+10	1.0E+10
84	1.86E-14	1E-30	1.0E-10	1.0E+10	0.00000000616	0.13	1.0E+10	1E-30	39300	1.0E+10	0.000000103	71.9	1.0E+10	0.000000287	1610	1.0E+10	0.0000123	131000	1E-30	1.0E+10	1.0E+10	1E-30	1.0E+10	1.0E+10	1E-30	1.0E+10	1.0E+10	1E-30	1.0E+10	1.0E+10	1E-30	1.0E+10	1.0E+10	1E-30	1.0E+10	1.0E+10	1E-30	1.0E+10	1.0E+10	1E-30	1.0E+10	1.0E+10	1E-30	1.0E+10	1.0E+10	1E-30	1.0E+10	1.0E+10
85	1.86E-14	1E-30	1.0E-10	1.0E+10	0.00000000616	0.13	1.0E+10	1E-30	39300	1.0E+10	0.000000103	71.9	1.0E+10	0.000000287	1610	1.0E+10	0.0000123	131000	1E-30	1.0E+10	1.0E+10	1E-30	1.0E+10	1.0E+10	1E-30	1.0E+10	1.0E+10	1E-30	1.0E+10	1.0E+10	1E-30	1.0E+10	1.0E+10	1E-30	1.0E+10	1.0E+10	1E-30	1.0E+10	1.0E+10	1E-30	1.0E+10	1.0E+10	1E-30	1.0E+10	1.0E+10	1E-30	1.0E+10	1.0E+10
86	0.000000000000026	1E-30	1.0E-10	1.0E+10	0.00000000661	0.13	1.0E+10	1E-30	15200	1.0E+10	0.0000000877	17.6	1.0E+10	0.000000141	307	1E-30	1.0E+10	1.0E+10	1E-30	1.0E+10	1.0E+10	1E-30	1.0E+10	1.0E+10	1E-30	1.0E+10	1.0E+10	1E-30	1.0E+10	1.0E+10	1E-30	1.0E+10	1.0E+10	1E-30	1.0E+10	1.0E+10	1E-30	1.0E+10	1.0E+10	1E-30	1.0E+10	1.0E+10	1E-30	1.0E+10	1.0E+10	1E-30	1.0E+10	1.0E+10
87	0.000000000000026	1E-30	1.0E-10	1.0E+10	0.00000000661	0.13	1.0E+10	1E-30	15200	1.0E+10	0.0000000877	17.6	1.0E+10	0.000000141	307	1E-30	1.0E+10	1.0E+10	1E-30	1.0E+10	1.0E+10	1E-30	1.0E+10	1.0E+10	1E-30	1.0E+10	1.0E+10	1E-30	1.0E+10	1.0E+10	1E-30	1.0E+10	1.0E+10	1E-30	1.0E+10	1.0E+10	1E-30	1.0E+10	1.0E+10	1E-30	1.0E+10	1.0E+10	1E-30	1.0E+10	1.0E+10	1E-30	1.0E+10	1.0E+10
88	2.92E-14	1E-30	1.0E-10	1.0E+10	0.00000000676	0.13	1.0E+10	1E-30	13900	1.0E+10	0.0000000857	17.6	1.0E+10	0.000000148	307	1E-30	1.0E+10	1.0E+10	1E-30	1.0E+10	1.0E+10	1E-30	1.0E+10	1.0E+10	1E-30	1.0E+10	1.0E+10	1E-30	1.0E+10	1.0E+10	1E-30	1.0E+10	1.0E+10	1E-30	1.0E+10	1.0E+10	1E-30	1.0E+10	1.0E+10	1E-30	1.0E+10	1.0E+10	1E-30	1.0E+10	1.0E+10	1E-30	1.0E+10	1.0E+10
89	2.92E-14	1E-30	1.0E-10	1.0E+10	0.00000000676	0.13	1.0E+10	1E-30	13900	1.0E+10	0.0000000857	17.6	1.0E+10	0.000000148	307	1E-30	1.0E+10	1.0E+10	1E-30	1.0E+10	1.0E+10	1E-30	1.0E+10	1.0E+10	1E-30	1.0E+10	1.0E+10	1E-30	1.0E+10	1.0E+10	1E-30	1.0E+10	1.0E+10	1E-30	1.0E+10	1.0E+10	1E-30	1.0E+10	1.0E+10	1E-30	1.0E+10	1.0E+10	1E-30	1.0E+10	1.0E+10	1E-30	1.0E+10	1.0E+10
90	2.27E-14	1E-30	1.0E-10	1.0E+10	0.00000000692	0.13	1.0E+10	1E-30	10000	1.0E+10	0.0000000897	17.6	1.0E+10	0.000000158	386	1E-30	1.0E+10	1.0E+10	1E-30	1.0E+10	1.0E+10	1E-30	1.0E+10	1.0E+10	1E-30	1.0E+10	1.0E+10	1E-30	1.0E+10	1.0E+10	1E-30	1.0E+10	1.0E+10	1E-30	1.0E+10	1.0E+10	1E-30	1.0E+10	1.0E+10	1E-30	1.0E+10	1.0E+10	1E-30	1.0E+10	1.0E+10	1E-30	1.0E+10	1.0E+10
91	2.27E-14	1E-30	1.0E-10	1.0E+10	0.00000000692	0.13	1.0E+10	1E-30	10000	1.0E+10	0.0000000897	17.6	1.0E+10	0.000000158	386	1E-30	1.0E+10	1.0E+10	1E-30	1.0E+10	1.0E+10	1E-30	1.0E+10	1.0E+10	1E-30	1.0E+10	1.0E+10	1E-30	1.0E+10	1.0E+10	1E-30	1.0E+10	1.0E+10	1E-30	1.0E+10	1.0E+10	1E-30	1.0E+10	1.0E+10	1E-30	1.0E+10	1.0E+10	1E-30	1.0E+10	1.0E+10	1E-30	1.0E+10	1.0E+10
92	2.93E-14	1E-30	1.0E-10	1.0E+10	0.00000000692	0.13	1.0E+10	1E-30	8160	1.0E+10	0.0000000837	17.6	1.0E+10	0.000000144	321	1E-30	1.0E+10	1.0E+10	1E-30	1.0E+10	1.0E+10	1E-30	1.0E+10	1.0E+10	1E-30	1.0E+10	1.0E+10	1E-30	1.0E+10	1.0E+10	1E-30	1.0E+10	1.0E+10	1E-30	1.0E+10	1.0E+10	1E-30	1.0E+10	1.0E+10	1E-30	1.0E+10	1.0E+10	1E-30	1.0E+10	1.0E+10	1E-30	1.0E+10	1.0E+10
93	2.93E-14	1E-30	1.0E-10	1.0E+10	0.00000000692	0.13	1.0E+10	1E-30	8160	1.0E+10	0.0000000837	17.6	1.0E+10	0.000000144	321	1E-30	1.0E+10	1.0E+10	1E-30	1.0E+10	1.0E+10	1E-30	1.0E+10	1.0E+10	1E-30	1.0E+10	1.0E+10	1E-30	1.0E+10	1.0E+10	1E-30	1.0E+10	1.0E+10	1E-30	1.0E+10	1.0E+10	1E-30	1.0E+10	1.0E+10	1E-30	1.0E+10	1.0E+10	1E-30	1.0E+10	1.0E+10	1E-30	1.0E+10	1.0E+10
94	2.86E-14	1E-30	1.0E-10	1.0E+10	0.00000000708	0.13	1.0E+10	1E-30	9370	1.0E+10	0.0000000918	17.6	1.0E+10	0.000000155	307	1E-30	1.0E+10	1.0E+10	1E-30	1.0E+10	1.0E+10	1E-30	1.0E+10	1.0E+10	1E-30	1.0E+10	1.0E+10	1E-30	1.0E+10	1.0E+10	1E-30	1.0E+10	1.0E+10	1E-30	1.0E+10	1.0E+10	1E-30	1.0E+10	1.0E+10	1E-30	1.0E+10	1.0E+10	1E-30	1.0E+10	1.0E+10	1E-30	1.0E+10	1.0E+10
95	2.86E-14	1E-30	1.0E-10	1.0E+10	0.00000000708	0.13	1.0E+10	1E-30	9370	1.0E+10	0.0000000918	17.6	1.0E+10	0.000000155	307	1E-30	1.0E+10	1.0E+10	1E-30	1.0E+10	1.0E+10	1E-30	1.0E+10	1.0E+10	1E-30	1.0E+10	1.0E+10	1E-30	1.0E+10	1.0E+10	1E-30	1.0E+10	1.0E+10	1E-30	1.0E+10	1.0E+10	1E-30	1.0E+10	1.0E+10	1E-30	1.0E+10	1.0E+10	1E-30	1.0E+10	1.0E+10	1E-30	1.0E+10	1.0E+10
96	1.41E-14	1E-30	1.0E-10	1.0E+10	0.00000000697	0.1	1.0E+10	1E-30	26500	1.0E+10	0.0000000953	40.1	1.0E+10	0.000000271	716	1.0E+10	0.00000138	9570	1E-30	1.0E+10	1.0E+10	1E-30	1.0E+10	1.0E+10	1E-30	1.0E+10	1.0E+10	1E-30	1.0E+10	1.0E+10	1E-30	1.0E+10	1.0E+10	1E-30	1.0E+10	1.0E+10	1E-30	1.0E+10	1.0E+10	1E-30	1.0E+10	1.0E+10	1E-30	1.0E+10	1.0E+10	1E-30	1.0E+10	1.0E+10
97	1.41E-14	1E-30	1.0E-10	1.0E+10	0.00000000697	0.1	1.0E+10	1E-30	26500	1.0E+10	0.0000000953	40.1	1.0E+10	0.000000271	716	1.0E+10	0.00000138	9570	1E-30	1.0E+10	1.0E+10	1E-30	1.0E+10	1.0E+10	1E-30	1.0E+10	1.0E+10	1E-30	1.0E+10	1.0E+10	1E-30	1.0E+10	1.0E+10	1E-30	1.0E+10	1.0E+10	1E-30	1.0E+10	1.0E+10	1E-30	1.0E+10	1.0E+10	1E-30	1.0E+10	1.0E+10	1E-30	1.0E+10	1.0E+10
98	2.22E-14	1E-30	1.0E-10	1.0E+10	0.00000000759	0.1	1.0E+10	1E-30	14200	1.0E+10	0.0000000984	17.6	1.0E+10	0.000000181	307	1E-30	1.0E+10	1.0E+10	1E-30	1.0E+10	1.0E+10	1E-30	1.0E+10	1.0E+10	1E-30	1.0E+10	1.0E+10	1E-30	1.0E+10	1.0E+10	1E-30	1.0E+10	1.0E+10	1E-30	1.0E+10	1.0E+10	1E-30	1.0E+10	1.0E+10	1E-30	1.0E+10	1.0E+10	1E-30	1.0E+10	1.0E+10	1E-30	1.0E+10	1.0E+10
99	2.22E-14	1E-30	1.0E-10	1.0E+10	0.00000000759	0.1	1.0E+10	1E-30	14200	1.0E+10	0.0000000984	17.6	1.0E+10	0.000000181	307	1E-30	1.0E+10	1.0E+10	1E-30	1.0E+10	1.0E+10	1E-30	1.0E+10	1.0E+10	1E-30	1.0E+10	1.0E+10	1E-30	1.0E+10	1.0E+10	1E-30	1.0E+10	1.0E+10	1E-30	1.0E+10	1.0E+10	1E-30	1.0E+10	1.0E+10	1E-30	1.0E+10	1.0E+10	1E-30	1.0E+10	1.0E+10	1E-30	1.0E+10	1.0E+10
100	2.21E-14	1E-30	1.0E-10	1.0E+10	0.00000000759	0.1	1.0E+10	1E-30	15200	1.0E+10	0.0000000962	17.6	1.0E+10	0.000000173	307	1E-30	1.0E+10	1.0E+10	1E-30	1.0E+10	1.0E+10	1E-30	1.0E+10	1.0E+10	1E-30	1.0E+10	1.0E+10	1E-30	1.0E+10	1.0E+10	1E-30	1.0E+10	1.0E+10	1E-30	1.0E+10	1.0E+10	1E-30	1.0E+10	1.0E+10	1E-30	1.0E+10	1.0E+10	1E-30	1.0E+10	1.0E+10	1E-30	1.0E+10	1.0E+10
101	2.21E-14	1E-30	1.0E-10	1.0E+10	0.00000000759	0.1	1.0E+10	1E-30	15200	1.0E+10	0.0000000962	17.6	1.0E+10	0.000000173	307	1E-30	1.0E+10	1.0E+10	1E-30	1.0E+10	1.0E+10	1E-30	1.0E+10	1.0E+10	1E-30	1.0E+10	1.0E+10	1E-30	1.0E+10	1.0E+10	1E-30	1.0E+10	1.0E+10	1E-30	1.0E+10	1.0E+10	1E-30	1.0E+10	1.0E+10	1E-30	1.0E+10	1.0E+10	1E-30	1.0E+10	1.0E+10	1E-30	1.0E+10	1.0E+10
102	2.31E-14	1E-30	1.0E-10	1.0E+10	0.00000000777	0.1	1.0E+10	1E-30	11000	1.0E+10	0.0000000838	17.6	1.0E+10	0.000000177	238	1E-30	1.0E+10	1.0E+10	1E-30	1.0E+10	1.0E+10	1E-30	1.0E+10	1.0E+10	1E-30	1.0E+10	1.0E+10	1E-30	1.0E+10	1.0E+10	1E-30	1.0E+10	1.0E+10	1E-30	1.0E+10	1.0E+10	1E-30	1.0E+10	1.0E+10	1E-30	1.0E+10	1.0E+10	1E-30	1.0E+10	1.0E+10	1E-30	1.0E+10	1.0E+10
103	2.31E-14	1E-30	1.0E-10	1.0E+10	0.00000000777	0.1	1.0E+10	1E-30	11000	1.0E+10	0.0000000838	17.6	1.0E+10	0.000000177	238	1E-30	1.0E+10	1.0E+10	1E-30	1.0E+10	1.0E+10	1E-30	1.0E+10	1.0E+10	1E-30	1.0E+10	1.0E+10	1E-30	1.0E+10	1.0E+10	1E-30	1.0E+10	1.0E+10	1E-30	1.0E+10	1.0E+10	1E-30	1.0E+10	1.0E+10	1E-30	1.0E+10	1.0E+10	1E-30	1.0E+10	1.0E+10	1E-30	1.0E+10	1.0E+10
104	2.37E-14	1E-30	1.0E-10	1.0E+10	0.00000000777	0.1	1.0E+10	1E-30	14200	1.0E+10	0.00000011	17.6	1.0E+10	0.000000158	238	1E-30	1.0E+10	1.0E+10	1E-30	1.0E+10	1.0E+10	1E-30	1.0E+10	1.0E+10	1E-30	1.0E+10	1.0E+10	1E-30	1.0E+10	1.0E+10	1E-30	1.0E+10	1.0E+10	1E-30	1.0E+10	1.0E+10	1E-30	1.0E+10	1.0E+10	1E-30	1.0E+10	1.0E+10	1E-30	1.0E+10	1.0E+10	1E-30	1.0E+10	1.0E+10
105	2.37E-14	1E-30	1.0E-10	1.0E+10	0.00000000777	0.1	1.0E+10	1E-30	14200	1.0E+10	0.00000011	17.6	1.0E+10	0.000000158	238	1E-30	1.0E+10	1.0E+10	1E-30	1.0E+10	1.0E+10	1E-30	1.0E+10	1.0E+10	1E-30	1.0E+10	1.0E+10	1E-30	1.0E+10	1.0E+10	1E-30	1.0E+10	1.0E+10	1E-30	1.0E+10	1.0E+10	1E-30	1.0E+10	1.0E+10	1E-30	1.0E+10	1.0E+10	1E-30	1.0E+10	1.0E+10	1E-30	1.0E+10	1.0E+10
106	2.53E-14	1E-30	1.0E-10	1.0E+10	0.00000000777	0.1	1.0E+10	1E-30	17900	1.0E+10	0.0000001	17.6	1.0E+10	0.000000151	238	1E-30	1.0E+10	1.0E+10	1E-30	1.0E+10	1.0E+10	1E-30	1.0E+10	1.0E+10	1E-30	1.0E+10	1.0E+10	1E-30	1.0E+10	1.0E+10	1E-30	1.0E+10	1.0E+10	1E-30	1.0E+10	1.0E+10	1E-30	1.0E+10	1.0E+10	1E-30	1.0E+10	1.0E+10	1E-30	1.0E+10	1.0E+10	1E-30	1.0E+10	1.0E+10
107	2.53E-14	1E-30	1.0E-10	1.0E+10	0.00000000777	0.1	1.0E+10	1E-30	17900	1.0E+10	0.0000001	17.6	1.0E+10	0.000000151	238	1E-30	1.0E+10	1.0E+10	1E-30	1.0E+10	1.0E+10	1E-30	1.0E+10	1.0E+10	1E-30	1.0E+10	1.0E+10	1E-30	1.0E+10	1.0E+10	1E-30	1.0E+10	1.0E+10	1E-30	1.0E+10	1.0E+10	1E-30	1.0E+10	1.0E+10	1E-30	1.0E+10	1.0E+10	1E-30	1.0E+10	1.0E+10	1E-30	1.0E+10	1.0E+10
108	2.42E-14	1E-30	1.0E-10	1.0E+10	0.00000000814	0.1	1.0E+10	1E-30	14500	1.0E+10	0.0000000577	6.39	1.0E+10	0.000000158	238	1E-30	1.0E+10	1.0E+10	1E-30	1.0E+10	1.0E+10	1E-30	1.0E+10	1.0E+10	1E-30	1.0E+10	1.0E+10	1E-30	1.0E+10	1.0E+10	1E-30	1.0E+10	1.0E+10	1E-30	1.0E+10	1.0E+10	1E-30	1.0E+10	1.0E+10	1E-30	1.0E+10	1.0E+10	1E-30	1.0E+10	1.0E+10	1E-30	1.0E+10	1.0E+10
109	2.42E-14	1E-30	1.0E-10	1.0E+10	0.00000000814	0.1	1.0E+10	1E-30	14500	1.0E+10	0.0000000577	6.39	1.0E+10	0.000000158	238	1E-30	1.0E+10	1.0E+10	1E-30	1.0E+10	1.0E+10	1E-30	1.0E+10	1.0E+10	1E-30	1.0E+10	1.0E+10	1E-30	1.0E+10	1.0E+10	1E-30	1.0E+10	1.0E+10	1E-30	1.0E+10	1.0E+10	1E-30	1.0E+10	1.0E+10	1E-30	1.0E+10	1.0E+10	1E-30	1.0E+10	1.0E+10	1E-30	1.0E+10	1.0E+10
110	2.27E-14	1E-30	1.0E-10	1.0E+10	0.00000000758	0.1	1.0E+10	1E-30	24000	1.0E+10	0.000000102	35.9	1.0E+10	0.000000237	626	1.0E+10	0.00000419	55300	1E-30	1.0E+10	1.0E+10	1E-30	1.0E+10	1.0E+10	1E-30	1.0E+10	1.0E+10	1E-30	1.0E+10	1.0E+10	1E-30	1.0E+10	1.0E+10	1E-30	1.0E+10	1.0E+10	1E-30	1.0E+10	1.0E+10	1E-30	1.0E+10	1.0E+10	1E-30	1.0E+10	1.0E+10	1E-30	1.0E+10	1.0E+10
111	2.27E-14	1E-30	1.0E-10	1.0E+10	0.00000000758	0.1	1.0E+10	1E-30	24000	1.0E+10	0.000000102	35.9	1.0E+10	0.000000237	626	1.0E+10	0.00000419	55300	1E-30	1.0E+10	1.0E+10	1E-30	1.0E+10	1.0E+10	1E-30	1.0E+10	1.0E+10	1E-30	1.0E+10	1.0E+10	1E-30	1.0E+10	1.0E+10	1E-30	1.0E+10	1.0E+10	1E-30	1.0E+10	1.0E+10	1E-30	1.0E+10	1.0E+10	1E-30	1.0E+10	1.0E+10	1E-30	1.0E+10	1.0E+10
112	2.37E-14	1E-30	1.0E-10	1.0E+10	0.00000000814	0.16	1.0E+10	1E-30	12600	1.0E+10	0.000000123	15.7	1.0E+10	0.000000155	238	1E-30	1.0E+10	1.0E+10	1E-30	1.0E+10	1.0E+10	1E-30	1.0E+10	1.0E+10	1E-30	1.0E+10	1.0E+10	1E-30	1.0E+10	1.0E+10	1E-30	1.0E+10	1.0E+10	1E-30	1.0E+10	1.0E+10	1E-30	1.0E+10	1.0E+10	1E-30	1.0E+10	1.0E+10	1E-30	1.0E+10	1.0E+10	1E-30	1.0E+10	1.0E+10
113	2.37E-14	1E-30	1.0E-10	1.0E+10	0.00000000814	0.16	1.0E+10	1E-30	12600	1.0E+10	0.000000123	15.7	1.0E+10	0.000000155	238	1E-30	1.0E+10	1.0E+10	1E-30	1.0E+10	1.0E+10	1E-30	1.0E+10	1.0E+10	1E-30	1.0E+10	1.0E+10	1E-30	1.0E+10	1.0E+10	1E-30	1.0E+10	1.0E+10	1E-30	1.0E+10	1.0E+10	1E-30	1.0E+10	1.0E+10	1E-30	1.0E+10	1.0E+10	1E-30	1.0E+10	1.0E+10	1E-30	1.0E+10	1.0E+10
114	2.26E-14	1E-30	1.0E-10	1.0E+10	0.00000000814	0.16	1.0E+10	1E-30	12100	1.0E+10	0.00000012	17.6	1.0E+10	0.000000151	238	1E-30	1.0E+10	1.0E+10	1E-30	1.0E+10	1.0E+10	1E-30	1.0E+10	1.0E+10	1E-30	1.0E+10	1.0E+10	1E-30	1.0E+10	1.0E+10	1E-30	1.0E+10	1.0E+10	1E-30	1.0E+10	1.0E+10	1E-30	1.0E+10	1.0E+10	1E-30	1.0E+10	1.0E+10	1E-30	1.0E+10	1.0E+10	1E-30	1.0E+10	1.0E+10
115	2.26E-14	1E-30	1.0E-10	1.0E+10	0.00000000814	0.16	1.0E+10	1E-30	12100	1.0E+10	0.00000012	17.6	1.0E+10	0.000000151	238	1E-30	1.0E+10	1.0E+10	1E-30	1.0E+10	1.0E+10	1E-30	1.0E+10	1.0E+10	1E-30	1.0E+10	1.0E+10	1E-30	1.0E+10	1.0E+10	1E-30	1.0E+10	1.0E+10	1E-30	1.0E+10	1.0E+10	1E-30	1.0E+10	1.0E+10	1E-30	1.0E+10	1.0E+10	1E-30	1.0E+10	1.0E+10	1E-30	1.0E+10	1.0E+10
116	2.11E-14	1E-30	1.0E-10	1.0E+10	0.00000000833	0.16	1.0E+10	1E-30	15200	1.0E+10	0.000000148	17.6	1.0E+10	0.000000144	212	1E-30	1.0E+10	1.0E+10	1E-30	1.0E+10	1.0E+10	1E-30	1.0E+10	1.0E+10	1E-30	1.0E+10	1.0E+10	1E-30	1.0E+10	1.0E+10	1E-30	1.0E+10	1.0E+10	1E-30	1.0E+10	1.0E+10	1E-30	1.0E+10	1.0E+10	1E-30	1.0E+10	1.0E+10	1E-30	1.0E+10	1.0E+10	1E-30	1.0E+10	1.0E+10
117	2.11E-14	1E-30	1.0E-10	1.0E+10	0.00000000833	0.16	1.0E+10	1E-30	15200	1.0E+10	0.000000148	17.6	1.0E+10	0.000000144	212	1E-30	1.0E+10	1.0E+10	1E-30	1.0E+10	1.0E+10	1E-30	1.0E+10	1.0E+10	1E-30	1.0E+10	1.0E+10	1E-30	1.0E+10	1.0E+10	1E-30	1.0E+10	1.0E+10	1E-30	1.0E+10	1.0E+10	1E-30	1.0E+10	1.0E+10	1E-30	1.0E+10	1.0E+10	1E-30	1.0E+10	1.0E+10	1E-30	1.0E+10	1.0E+10
118	2.53E-14	1E-30	1.0E-10	1.0E+10	0.00000000852	0.16	1.0E+10	1E-30	11800	1.0E+10	0.000000112	17.6	1.0E+10	0.000000199	413	1E-30	1.0E+10	1.0E+10	1E-30	1.0E+10	1.0E+10	1E-30	1.0E+10	1.0E+10	1E-30	1.0E+10	1.0E+10	1E-30	1.0E+10	1.0E+10	1E-30	1.0E+10	1.0E+10	1E-30	1.0E+10	1.0E+10	1E-30	1.0E+10	1.0E+10	1E-30	1.0E+10	1.0E+10	1E-30	1.0E+10	1.0E+10	1E-30	1.0E+10	1.0E+10
119	2.53E-14	1E-30	1.0E-10	1.0E+10	0.00000000852	0.16	1.0E+10	1E-30	11800	1.0E+10	0.000000112	17.6	1.0E+10	0.000000199	413	1E-30	1.0E+10	1.0E+10	1E-30	1.0E+10	1.0E+10	1E-30	1.0E+10	1.0E+10	1E-30	1.0E+10	1.0E+10	1E-30	1.0E+10	1.0E+10	1E-30	1.0E+10	1.0E+10	1E-30	1.0E+10	1.0E+10	1E-30	1.0E+10	1.0E+10	1E-30	1.0E+10	1.0E+10	1E-30	1.0E+10	1.0E+10	1E-30	1.0E+10	1.0E+10
120	2.59E-14	1E-30	1.0E-10	1.0E+10	0.00000000852	0.16	1.0E+10	1E-30	15200	1.0E+10	0.000000117	14	1.0E+10	0.000000166	299	1E-30	1.0E+10	1.0E+10	1E-30	1.0E+10	1.0E+10	1E-30	1.0E+10	1.0E+10	1E-30	1.0E+10	1.0E+10	1E-30	1.0E+10	1.0E+10	1E-30	1.0E+10	1.0E+10	1E-30	1.0E+10	1.0E+10	1E-30	1.0E+10	1.0E+10	1E-30	1.0E+10	1.0E+10	1E-30	1.0E+10	1.0E+10	1E-30	1.0E+10	1.0E+10
121	2.59E-14	1E-30	1.0E-10	1.0E+10	0.00000000852	0.16	1.0E+10	1E-30	15200	1.0E+10	0.000000117	14	1.0E+10	0.000000166	299	1E-30	1.0E+10	1.0E+10	1E-30	1.0E+10	1.0E+10	1E-30	1.0E+10	1.0E+10	1E-30	1.0E+10	1.0E+10	1E-30	1.0E+10	1.0E+10	1E-30	1.0E+10	1.0E+10	1E-30	1.0E+10	1.0E+10	1E-30	1.0E+10	1.0E+10	1E-30	1.0E+10	1.0E+10	1E-30	1.0E+10	1.0E+10	1E-30	1.0E+10	1.0E+10
122	2.31E-14	1E-30	1.0E-10	1.0E+10	0.00000000872	0.16	1.0E+10	1E-30	15200	1.0E+10	0.000000172	17.2	1.0E+10	0.000000129	153	1E-30	1.0E+10	1.0E+10	1E-30	1.0E+10	1.0E+10	1E-30	1.0E+10	1.0E+10	1E-30	1.0E+10	1.0E+10	1E-30	1.0E+10	1.0E+10	1E-30	1.0E+10	1.0E+10	1E-30	1.0E+10	1.0E+10	1E-30	1.0E+10	1.0E+10	1E-30	1.0E+10	1.0E+10	1E-30	1.0E+10	1.0E+10	1E-30	1.0E+10	1.0E+10
123	2.31E-14	1E-30	1.0E-10	1.0E+10	0.00000000872	0.16	1.0E+10	1E-30	15200	1.0E+10	0.000000172	17.2	1.0E+10	0.000000129	153	1E-30	1.0E+10	1.0E+10	1E-30	1.0E+10	1.0E+10	1E-30	1.0E+10	1.0E+10	1E-30	1.0E+10	1.0E+10	1E-30	1.0E+10	1.0E+10	1E-30	1.0E+10	1.0E+10	1E-30	1.0E+10	1.0E+10	1E-30	1.0E+10	1.0E+10	1E-30	1.0E+10	1.0E+10	1E-30	1.0E+10	1.0E+10	1E-30	1.0E+10	1.0E+10
124	2.01E-14	1E-30	1.0E-10	1.0E+10	0.00000000829	0.16	1.0E+10	1E-30	35600	1.0E+10	0.000000136	81.9	1.0E+10	0.000000349	1510	1.0E+10	0.00000444	36500	1E-30	1.0E+10	1.0E+10	1E-30	1.0E+10	1.0E+10	1E-30	1.0E+10	1.0E+10	1E-30	1.0E+10	1.0E+10	1E-30	1.0E+10	1.0E+10	1E-30	1.0E+10	1.0E+10	1E-30	1.0E+10	1.0E+10	1E-30	1.0E+10	1.0E+10	1E-30	1.0E+10	1.0E+10	1E-30	1.0E+10	1.0E+10
125	2.01E-14	1E-30	1.0E-10	1.0E+10	0.00000000829	0.16	1.0E+10	1E-30	35600	1.0E+10	0.000000136	81.9	1.0E+10	0.000000349	1510	1.0E+10	0.00000444	36500	1E-30	1.0E+10	1.0E+10	1E-30	1.0E+10	1.0E+10	1E-30	1.0E+10	1.0E+10	1E-30	1.0E+10	1.0E+10	1E-30	1.0E+10	1.0E+10	1E-30	1.0E+10	1.0E+10	1E-30	1.0E+10	1.0E+10	1E-30	1.0E+10	1.0E+10	1E-30	1.0E+10	1.0E+10	1E-30	1.0E+10	1.0E+10
126	2.84E-14	1E-30	1.0E-10	1.0E+10	0.00000000892	0.16	1.0E+10	1E-30	15200	1.0E+10	0.0000000642	5.88	1.0E+10	0.000000135	168	1E-30	1.0E+10	1.0E+10	1E-30	1.0E+10	1.0E+10	1E-30	1.0E+10	1.0E+10	1E-30	1.0E+10	1.0E+10	1E-30	1.0E+10	1.0E+10	1E-30	1.0E+10	1.0E+10	1E-30	1.0E+10	1.0E+10	1E-30	1.0E+10	1.0E+10	1E-30	1.0E+10	1.0E+10	1E-30	1.0E+10	1.0E+10	1E-30	1.0E+10	1.0E+10
127	2.84E-14	1E-30	1.0E-10	1.0E+10	0.00000000892	0.16	1.0E+10	1E-30	15200	1.0E+10	0.0000000642	5.88	1.0E+10	0.000000135	168	1E-30	1.0E+10	1.0E+10	1E-30	1.0E+10	1.0E+10	1E-30	1.0E+10	1.0E+10	1E-30	1.0E+10	1.0E+10	1E-30	1.0E+10	1.0E+10	1E-30	1.0E+10	1.0E+10	1E-30	1.0E+10	1.0E+10	1E-30	1.0E+10	1.0E+10	1E-30	1.0E+10	1.0E+10	1E-30	1.0E+10	1.0E+10	1E-30	1.0E+10	1.0E+10
128	2.65E-14	1E-30	1.0E-10	1.0E+10	0.00000000913	0.16	1.0E+10	1E-30	15200	1.0E+10	0.000000153	17.2	1.0E+10	0.000000129	153	1E-30	1.0E+10	1.0E+10	1E-30	1.0E+10	1.0E+10	1E-30	1.0E+10	1.0E+10	1E-30	1.0E+10	1.0E+10	1E-30	1.0E+10	1.0E+10	1E-30	1.0E+10	1.0E+10	1E-30	1.0E+10	1.0E+10	1E-30	1.0E+10	1.0E+10	1E-30	1.0E+10	1.0E+10	1E-30	1.0E+10	1.0E+10	1E-30	1.0E+10	1.0E+10
129	2.65E-14	1E-30	1.0E-10	1.0E+10	0.00000000913	0.16	1.0E+10	1E-30	15200	1.0E+10	0.000000153	17.2	1.0E+10	0.000000129	153	1E-30	1.0E+10	1.0E+10	1E-30	1.0E+10	1.0E+10	1E-30	1.0E+10	1.0E+10	1E-30	1.0E+10	1.0E+10	1E-30	1.0E+10	1.0E+10	1E-30	1.0E+10	1.0E+10	1E-30	1.0E+10	1.0E+10	1E-30	1.0E+10	1.0E+10	1E-30	1.0E+10	1.0E+10	1E-30	1.0E+10	1.0E+10	1E-30	1.0E+10	1.0E+10
130	2.41E-14	1E-30	1.0E-10	1.0E+10	0.00000000934	0.23	1.0E+10	1E-30	15200	1.0E+10	0.000000207	17.6	1.0E+10	0.000000132	172	1E-30	1.0E+10	1.0E+10	1E-30	1.0E+10	1.0E+10	1E-30	1.0E+10	1.0E+10	1E-30	1.0E+10	1.0E+10	1E-30	1.0E+10	1.0E+10	1E-30	1.0E+10	1.0E+10	1E-30	1.0E+10	1.0E+10	1E-30	1.0E+10	1.0E+10	1E-30	1.0E+10	1.0E+10	1E-30	1.0E+10	1.0E+10	1E-30	1.0E+10	1.0E+10
131	2.41E-14	1E-30	1.0E-10	1.0E+10	0.00000000934	0.23	1.0E+10	1E-30	15200	1.0E+10	0.000000207	17.6	1.0E+10	0.000000132	172	1E-30	1.0E+10	1.0E+10	1E-30	1.0E+10	1.0E+10	1E-30	1.0E+10	1.0E+10	1E-30	1.0E+10	1.0E+10	1E-30	1.0E+10	1.0E+10	1E-30	1.0E+10	1.0E+10	1E-30	1.0E+10	1.0E+10	1E-30	1.0E+10	1.0E+10	1E-30	1.0E+10	1.0E+10	1E-30	1.0E+10	1.0E+10	1E-30	1.0E+10	1.0E+10
132	2.31E-14	1E-30	1.0E-10	1.0E+10	0.00000000913	0.23	1.0E+10	1E-30	15200	1.0E+10	0.000000328	17.6	1.0E+10	0.000000115	128	1E-30	1.0E+10	1.0E+10	1E-30	1.0E+10	1.0E+10	1E-30	1.0E+10	1.0E+10	1E-30	1.0E+10	1.0E+10	1E-30	1.0E+10	1.0E+10	1E-30	1.0E+10	1.0E+10	1E-30	1.0E+10	1.0E+10	1E-30	1.0E+10	1.0E+10	1E-30	1.0E+10	1.0E+10	1E-30	1.0E+10	1.0E+10	1E-30	1.0E+10	1.0E+10
133	2.31E-14	1E-30	1.0E-10	1.0E+10	0.00000000913	0.23	1.0E+10	1E-30	15200	1.0E+10	0.000000328	17.6	1.0E+10	0.000000115	128	1E-30	1.0E+10	1.0E+10	1E-30	1.0E+10	1.0E+10	1E-30	1.0E+10	1.0E+10	1E-30	1.0E+10	1.0E+10	1E-30	1.0E+10	1.0E+10	1E-30	1.0E+10	1.0E+10	1E-30	1.0E+10	1.0E+10	1E-30	1.0E+10	1.0E+10	1E-30	1.0E+10	1.0E+10	1E-30	1.0E+10	1.0E+10	1E-30	1.0E+10	1.0E+10
134	2.53E-14	1E-30	1.0E-10	1.0E+10	0.00000000913	0.23	1.0E+10	1E-30	15200	1.0E+10	0.000000321	17.6	1.0E+10	0.000000118	128	1E-30	1.0E+10	1.0E+10	1E-30	1.0E+10	1.0E+10	1E-30	1.0E+10	1.0E+10	1E-30	1.0E+10	1.0E+10	1E-30	1.0E+10	1.0E+10	1E-30	1.0E+10	1.0E+10	1E-30	1.0E+10	1.0E+10	1E-30	1.0E+10	1.0E+10	1E-30	1.0E+10	1.0E+10	1E-30	1.0E+10	1.0E+10	1E-30	1.0E+10	1.0E+10
135	2.53E-14	1E-30	1.0E-10	1.0E+10	0.00000000913	0.23	1.0E+10	1E-30	15200	1.0E+10	0.000000321	17.6	1.0E+10	0.000000118	128	1E-30	1.0E+10	1.0E+10	1E-30	1.0E+10	1.0E+10	1E-30	1.0E+10	1.0E+10	1E-30	1.0E+10	1.0E+10	1E-30	1.0E+10	1.0E+10	1E-30	1.0E+10	1.0E+10	1E-30	1.0E+10	1.0E+10	1E-30	1.0E+10	1.0E+10	1E-30	1.0E+10	1.0E+10	1E-30	1.0E+10	1.0E+10	1E-30	1.0E+10	1.0E+10
136	2.48E-14	1E-30	1.0E-10	1.0E+10	0.00000000913	0.23	1.0E+10	1E-30	15200	1.0E+10	0.0000000676	20.8	1.0E+10	0.000000472	973	1E-30	1.0E+10	1.0E+10	1E-30	1.0E+10	1.0E+10	1E-30	1.0E+10	1.0E+10	1E-30	1.0E+10	1.0E+10	1E-30	1.0E+10	1.0E+10	1E-30	1.0E+10	1.0E+10	1E-30	1.0E+10	1.0E+10	1E-30	1.0E+10	1.0E+10	1E-30	1.0E+10	1.0E+10	1E-30	1.0E+10	1.0E+10	1E-30	1.0E+10	1.0E+10
137	2.48E-14	1E-30	1.0E-10	1.0E+10	0.00000000913	0.23	1.0E+10	1E-30	15200	1.0E+10	0.0000000676	20.8	1.0E+10	0.000000472	973	1E-30	1.0E+10	1.0E+10	1E-30	1.0E+10	1.0E+10	1E-30	1.0E+10	1.0E+10	1E-30	1.0E+10	1.0E+10	1E-30	1.0E+10	1.0E+10	1E-30	1.0E+10	1.0E+10	1E-30	1.0E+10	1.0E+10	1E-30	1.0E+10	1.0E+10	1E-30	1.0E+10	1.0E+10	1E-30	1.0E+10	1.0E+10	1E-30	1.0E+10	1.0E+10
138	2.01E-14	1E-30	1.0E-10	1.0E+10	0.00000000956	0.18	1.0E+10	1E-30	15600	1.0E+10	0.000000131	17.6	1.0E+10	0.000000175	261	1E-30	1.0E+10	1.0E+10	1E-30	1.0E+10	1.0E+10	1E-30	1.0E+10	1.0E+10	1E-30	1.0E+10	1.0E+10	1E-30	1.0E+10	1.0E+10	1E-30	1.0E+10	1.0E+10	1E-30	1.0E+10	1.0E+10	1E-30	1.0E+10	1.0E+10	1E-30	1.0E+10	1.0E+10	1E-30	1.0E+10	1.0E+10	1E-30	1.0E+10	1.0E+10
139	2.01E-14	1E-30	1.0E-10	1.0E+10	0.00000000956	0.18	1.0E+10	1E-30	15600	1.0E+10	0.000000131	17.6	1.0E+10	0.000000175	261	1E-30	1.0E+10	1.0E+10	1E-30	1.0E+10	1.0E+10	1E-30	1.0E+10	1.0E+10	1E-30	1.0E+10	1.0E+10	1E-30	1.0E+10	1.0E+10	1E-30	1.0E+10	1.0E+10	1E-30	1.0E+10	1.0E+10	1E-30	1.0E+10	1.0E+10	1E-30	1.0E+10	1.0E+10	1E-30	1.0E+10	1.0E+10	1E-30	1.0E+10	1.0E+10
140	1.83E-14	1E-30	1.0E-10	1.0E+10	0.00000000978	0.18	1.0E+10	1E-30	12100	1.0E+10	0.000000173	17.6	1.0E+10	0.000000163	203	1E-30	1.0E+10	1.0E+10	1E-30	1.0E+10	1.0E+10	1E-30	1.0E+10	1.0E+10	1E-30	1.0E+10	1.0E+10	1E-30	1.0E+10	1.0E+10	1E-30	1.0E+10	1.0E+10	1E-30	1.0E+10	1.0E+10	1E-30	1.0E+10	1.0E+10	1E-30	1.0E+10	1.0E+10	1E-30	1.0E+10	1.0E+10	1E-30	1.0E+10	1.0E+10
141	1.83E-14	1E-30	1.0E-10	1.0E+10	0.00000000978	0.18	1.0E+10	1E-30	12100	1.0E+10	0.000000173	17.6	1.0E+10	0.000000163	203	1E-30	1.0E+10	1.0E+10	1E-30	1.0E+10	1.0E+10	1E-30	1.0E+10	1.0E+10	1E-30	1.0E+10	1.0E+10	1E-30	1.0E+10	1.0E+10	1E-30	1.0E+10	1.0E+10	1E-30	1.0E+10	1.0E+10	1E-30	1.0E+10	1.0E+10	1E-30	1.0E+10	1.0E+10	1E-30	1.0E+10	1.0E+10	1E-30	1.0E+10	1.0E+10
142	1.98E-14	1E-30	1.0E-10	1.0E+10	0.00000000976	0.11	1.0E+10	1E-30	28900	1.0E+10	0.00000012	38.4	1.0E+10	0.000000264	596	1.0E+10	0.0000023	16000	1E-30	1.0E+10	1.0E+10	1E-30	1.0E+10	1.0E+10	1E-30	1.0E+10	1.0E+10	1E-30	1.0E+10	1.0E+10	1E-30	1.0E+10	1.0E+10	1E-30	1.0E+10	1.0E+10	1E-30	1.0E+10	1.0E+10	1E-30	1.0E+10	1.0E+10	1E-30	1.0E+10	1.0E+10	1E-30	1.0E+10	1.0E+10
143	1.98E-14	1E-30	1.0E-10	1.0E+10	0.00000000976	0.11	1.0E+10	1E-30	28900	1.0E+10	0.00000012	38.4	1.0E+10	0.000000264	596	1.0E+10	0.0000023	16000	1E-30	1.0E+10	1.0E+10	1E-30	1.0E+10	1.0E+10	1E-30	1.0E+10	1.0E+10	1E-30	1.0E+10	1.0E+10	1E-30	1.0E+10	1.0E+10	1E-30	1.0E+10	1.0E+10	1E-30	1.0E+10	1.0E+10	1E-30	1.0E+10	1.0E+10	1E-30	1.0E+10	1.0E+10	1E-30	1.0E+10	1.0E+10
144	2.48E-14	1E-30	1.0E-10	1.0E+10	0.0000000102	0.11	1.0E+10	1E-30	15200	1.0E+10	0.000000141	17.6	1.0E+10	0.000000183	262	1E-30	1.0E+10	1.0E+10	1E-30	1.0E+10	1.0E+10	1E-30	1.0E+10	1.0E+10	1E-30	1.0E+10	1.0E+10	1E-30	1.0E+10	1.0E+10	1E-30	1.0E+10	1.0E+10	1E-30	1.0E+10	1.0E+10	1E-30	1.0E+10	1.0E+10	1E-30	1.0E+10	1.0E+10	1E-30	1.0E+10	1.0E+10	1E-30	1.0E+10	1.0E+10
145	2.48E-14	1E-30	1.0E-10	1.0E+10	0.0000000102	0.11	1.0E+10	1E-30	15200	1.0E+10	0.000000141	17.6	1.0E+10	0.000000183	262	1E-30	1.0E+10	1.0E+10	1E-30	1.0E+10	1.0E+10	1E-30	1.0E+10	1.0E+10	1E-30	1.0E+10	1.0E+10	1E-30	1.0E+10	1.0E+10	1E-30	1.0E+10	1.0E+10	1E-30	1.0E+10	1.0E+10	1E-30	1.0E+10	1.0E+10	1E-30	1.0E+10	1.0E+10	1E-30	1.0E+10	1.0E+10	1E-30	1.0E+10	1.0E+10
146	1.87E-14	1E-30	1.0E-10	1.0E+10	0.00000000997	0.18	1.0E+10	1E-30	15200	1.0E+10	0.000000251	17.6	1.0E+10	0.000000163	203	1E-30	1.0E+10	1.0E+10	1E-30	1.0E+10	1.0E+10	1E-30	1.0E+10	1.0E+10	1E-30	1.0E+10	1.0E+10	1E-30	1.0E+10	1.0E+10	1E-30	1.0E+10	1.0E+10	1E-30	1.0E+10	1.0E+10	1E-30	1.0E+10	1.0E+10	1E-30	1.0E+10	1.0E+10	1E-30	1.0E+10	1.0E+10	1E-30	1.0E+10	1.0E+10
147	1.87E-14	1E-30	1.0E-10	1.0E+10	0.00000000997	0.18	1.0E+10	1E-30	15200	1.0E+10	0.000000251	17.6	1.0E+10	0.000000163	203	1E-30	1.0E+10	1.0E+10	1E-30	1.0E+10	1.0E+10	1E-30	1.0E+10	1.0E+10	1E-30	1.0E+10	1.0E+10	1E-30	1.0E+10	1.0E+10	1E-30	1.0E+10	1.0E+10	1E-30	1.0E+10	1.0E+10	1E-30	1.0E+10	1.0E+10	1E-30	1.0E+10	1.0E+10	1E-30	1.0E+10	1.0E+10	1E-30	1.0E+10	1.0E+10
148	2.01E-14	1E-30	1.0E-10	1.0E+10	0.00000000997	0.18	1.0E+10	1E-30	15200	1.0E+10	0.00000024	17.6	1.0E+10	0.000000167	223	1E-30	1.0E+10	1.0E+10	1E-30	1.0E+10	1.0E+10	1E-30	1.0E+10	1.0E+10	1E-30	1.0E+10	1.0E+10	1E-30	1.0E+10	1.0E+10	1E-30	1.0E+10	1.0E+10	1E-30	1.0E+10	1.0E+10	1E-30	1.0E+10	1.0E+10	1E-30	1.0E+10	1.0E+10	1E-30	1.0E+10	1.0E+10	1E-30	1.0E+10	1.0E+10
149	2.01E-14	1E-30	1.0E-10	1.0E+10	0.00000000997	0.18	1.0E+10	1E-30	15200	1.0E+10	0.00000024	17.6	1.0E+10	0.000000167	223	1E-30	1.0E+10	1.0E+10	1E-30	1.0E+10	1.0E+10	1E-30	1.0E+10	1.0E+10	1E-30	1.0E+10	1.0E+10	1E-30	1.0E+10	1.0E+10	1E-30	1.0E+10	1.0E+10	1E-30	1.0E+10	1.0E+10	1E-30	1.0E+10	1.0E+10	1E-30	1.0E+10	1.0E+10	1E-30	1.0E+10	1.0E+10	1E-30	1.0E+10	1.0E+10
150	2.06E-14	1E-30	1.0E-10	1.0E+10	0.0000000102	0.18	1.0E+10	1E-30	15200	1.0E+10	0.000000269	17.6	1.0E+10	0.000000167	199	1E-30	1.0E+10	1.0E+10	1E-30	1.0E+10	1.0E+10	1E-30	1.0E+10	1.0E+10	1E-30	1.0E+10	1.0E+10	1E-30	1.0E+10	1.0E+10	1E-30	1.0E+10	1.0E+10	1E-30	1.0E+10	1.0E+10	1E-30	1.0E+10	1.0E+10	1E-30	1.0E+10	1.0E+10	1E-30	1.0E+10	1.0E+10	1E-30	1.0E+10	1.0E+10
151	2.06E-14	1E-30	1.0E-10	1.0E+10	0.0000000102	0.18	1.0E+10	1E-30	15200	1.0E+10	0.000000269	17.6	1.0E+10	0.000000167	199	1E-30	1.0E+10	1.0E+10	1E-30	1.0E+10	1.0E+10	1E-30	1.0E+10	1.0E+10	1E-30	1.0E+10	1.0E+10	1E-30	1.0E+10	1.0E+10	1E-30	1.0E+10	1.0E+10	1E-30	1.0E+10	1.0E+10	1E-30	1.0E+10	1.0E+10	1E-30	1.0E+10	1.0E+10	1E-30	1.0E+10	1.0E+10	1E-30	1.0E+10	1.0E+10
152	0.00000000000002	1E-30	1.0E-10	1.0E+10	0.0000000104	0.18	1.0E+10	1E-30	15900	1.0E+10	0.000000195	17.6	1.0E+10	0.000000167	223	1E-30	1.0E+10	1.0E+10	1E-30	1.0E+10	1.0E+10	1E-30	1.0E+10	1.0E+10	1E-30	1.0E+10	1.0E+10	1E-30	1.0E+10	1.0E+10	1E-30	1.0E+10	1.0E+10	1E-30	1.0E+10	1.0E+10	1E-30	1.0E+10	1.0E+10	1E-30	1.0E+10	1.0E+10	1E-30	1.0E+10	1.0E+10	1E-30	1.0E+10	1.0E+10
153	0.00000000000002	1E-30	1.0E-10	1.0E+10	0.0000000104	0.18	1.0E+10	1E-30	15900	1.0E+10	0.000000195	17.6	1.0E+10	0.000000167	223	1E-30	1.0E+10	1.0E+10	1E-30	1.0E+10	1.0E+10	1E-30	1.0E+10	1.0E+10	1E-30	1.0E+10	1.0E+10	1E-30	1.0E+10	1.0E+10	1E-30	1.0E+10	1.0E+10	1E-30	1.0E+10	1.0E+10	1E-30	1.0E+10	1.0E+10	1E-30	1.0E+10	1.0E+10	1E-30	1.0E+10	1.0E+10	1E-30	1.0E+10	1.0E+10
154	2.36E-14	1E-30	1.0E-10	1.0E+10	0.0000000104	0.18	1.0E+10	1E-30	19600	1.0E+10	0.000000166	17.6	1.0E+10	0.000000205	323	1E-30	1.0E+10	1.0E+10	1E-30	1.0E+10	1.0E+10	1E-30	1.0E+10	1.0E+10	1E-30	1.0E+10	1.0E+10	1E-30	1.0E+10	1.0E+10	1E-30	1.0E+10	1.0E+10	1E-30	1.0E+10	1.0E+10	1E-30	1.0E+10	1.0E+10	1E-30	1.0E+10	1.0E+10	1E-30	1.0E+10	1.0E+10	1E-30	1.0E+10	1.0E+10
155	2.36E-14	1E-30	1.0E-10	1.0E+10	0.0000000104	0.18	1.0E+10	1E-30	19600	1.0E+10	0.000000166	17.6	1.0E+10	0.000000205	323	1E-30	1.0E+10	1.0E+10	1E-30	1.0E+10	1.0E+10	1E-30	1.0E+10	1.0E+10	1E-30	1.0E+10	1.0E+10	1E-30	1.0E+10	1.0E+10	1E-30	1.0E+10	1.0E+10	1E-30	1.0E+10	1.0E+10	1E-30	1.0E+10	1.0E+10	1E-30	1.0E+10	1.0E+10	1E-30	1.0E+10	1.0E+10	1E-30	1.0E+10	1.0E+10
156	2.36E-14	1E-30	1.0E-10	1.0E+10	0.0000000104	0.18	1.0E+10	1E-30	19100	1.0E+10	0.000000147	17.6	1.0E+10	0.000000183	287	1E-30	1.0E+10	1.0E+10	1E-30	1.0E+10	1.0E+10	1E-30	1.0E+10	1.0E+10	1E-30	1.0E+10	1.0E+10	1E-30	1.0E+10	1.0E+10	1E-30	1.0E+10	1.0E+10	1E-30	1.0E+10	1.0E+10	1E-30	1.0E+10	1.0E+10	1E-30	1.0E+10	1.0E+10	1E-30	1.0E+10	1.0E+10	1E-30	1.0E+10	1.0E+10
157	2.36E-14	1E-30	1.0E-10	1.0E+10	0.0000000104	0.18	1.0E+10	1E-30	19100	1.0E+10	0.000000147	17.6	1.0E+10	0.000000183	287	1E-30	1.0E+10	1.0E+10	1E-30	1.0E+10	1.0E+10	1E-30	1.0E+10	1.0E+10	1E-30	1.0E+10	1.0E+10	1E-30	1.0E+10	1.0E+10	1E-30	1.0E+10	1.0E+10	1E-30	1.0E+10	1.0E+10	1E-30	1.0E+10	1.0E+10	1E-30	1.0E+10	1.0E+10	1E-30	1.0E+10	1.0E+10	1E-30	1.0E+10	1.0E+10
158	2.11E-14	1E-30	1.0E-10	1.0E+10	0.0000000103	0.18	1.0E+10	1E-30	32300	1.0E+10	0.000000157	84.5	1.0E+10	0.000000493	1600	1.0E+10	0.00000733	120000	1E-30	1.0E+10	1.0E+10	1E-30	1.0E+10	1.0E+10	1E-30	1.0E+10	1.0E+10	1E-30	1.0E+10	1.0E+10	1E-30	1.0E+10	1.0E+10	1E-30	1.0E+10	1.0E+10	1E-30	1.0E+10	1.0E+10	1E-30	1.0E+10	1.0E+10	1E-30	1.0E+10	1.0E+10	1E-30	1.0E+10	1.0E+10
159	2.11E-14	1E-30	1.0E-10	1.0E+10	0.0000000103	0.18	1.0E+10	1E-30	32300	1.0E+10	0.000000157	84.5	1.0E+10	0.000000493	1600	1.0E+10	0.00000733	120000	1E-30	1.0E+10	1.0E+10	1E-30	1.0E+10	1.0E+10	1E-30	1.0E+10	1.0E+10	1E-30	1.0E+10	1.0E+10	1E-30	1.0E+10	1.0E+10	1E-30	1.0E+10	1.0E+10	1E-30	1.0E+10	1.0E+10	1E-30	1.0E+10	1.0E+10	1E-30	1.0E+10	1.0E+10	1E-30	1.0E+10	1.0E+10
160	1.84E-14	1E-30	1.0E-10	1.0E+10	0.0000000103	0.18	1.0E+10	1E-30	32300	1.0E+10	0.00000015	84.5	1.0E+10	0.000000439	1600	1.0E+10	0.00000733	120000	1E-30	1.0E+10	1.0E+10	1E-30	1.0E+10	1.0E+10	1E-30	1.0E+10	1.0E+10	1E-30	1.0E+10	1.0E+10	1E-30	1.0E+10	1.0E+10	1E-30	1.0E+10	1.0E+10	1E-30	1.0E+10	1.0E+10	1E-30	1.0E+10	1.0E+10	1E-30	1.0E+10	1.0E+10	1E-30	1.0E+10	1.0E+10
161	1.84E-14	1E-30	1.0E-10	1.0E+10	0.0000000103	0.18	1.0E+10	1E-30	32300	1.0E+10	0.00000015	84.5	1.0E+10	0.000000439	1600	1.0E+10	0.00000733	120000	1E-30	1.0E+10	1.0E+10	1E-30	1.0E+10	1.0E+10	1E-30	1.0E+10	1.0E+10	1E-30	1.0E+10	1.0E+10	1E-30	1.0E+10	1.0E+10	1E-30	1.0E+10	1.0E+10	1E-30	1.0E+10	1.0E+10	1E-30	1.0E+10	1.0E+10	1E-30	1.0E+10	1.0E+10	1E-30	1.0E+10	1.0E+10
162	1.32E-14	1E-30	1.0E-10	1.0E+10	0.0000000112	0.2	1.0E+10	1E-30	36800	1.0E+10	0.000000169	97.7	1.0E+10	0.000000449	1640	1.0E+10	0.00000787	148000	1E-30	1.0E+10	1.0E+10	1E-30	1.0E+10	1.0E+10	1E-30	1.0E+10	1.0E+10	1E-30	1.0E+10	1.0E+10	1E-30	1.0E+10	1.0E+10	1E-30	1.0E+10	1.0E+10	1E-30	1.0E+10	1.0E+10	1E-30	1.0E+10	1.0E+10	1E-30	1.0E+10	1.0E+10	1E-30	1.0E+10	1.0E+10
163	1.32E-14	1E-30	1.0E-10	1.0E+10	0.0000000112	0.2	1.0E+10	1E-30	36800	1.0E+10	0.000000169	97.7	1.0E+10	0.000000449	1640	1.0E+10	0.00000787	148000	1E-30	1.0E+10	1.0E+10	1E-30	1.0E+10	1.0E+10	1E-30	1.0E+10	1.0E+10	1E-30	1.0E+10	1.0E+10	1E-30	1.0E+10	1.0E+10	1E-30	1.0E+10	1.0E+10	1E-30	1.0E+10	1.0E+10	1E-30	1.0E+10	1.0E+10	1E-30	1.0E+10	1.0E+10	1E-30	1.0E+10	1.0E+10
164	1.63E-14	1E-30	1.0E-10	1.0E+10	0.0000000125	0.2	1.0E+10	1E-30	35900	1.0E+10	0.000000186	106	1.0E+10	0.000000512	1900	1.0E+10	0.0000106	201000	1E-30	1.0E+10	1.0E+10	1E-30	1.0E+10	1.0E+10	1E-30	1.0E+10	1.0E+10	1E-30	1.0E+10	1.0E+10	1E-30	1.0E+10	1.0E+10	1E-30	1.0E+10	1.0E+10	1E-30	1.0E+10	1.0E+10	1E-30	1.0E+10	1.0E+10	1E-30	1.0E+10	1.0E+10	1E-30	1.0E+10	1.0E+10
165	1.63E-14	1E-30	1.0E-10	1.0E+10	0.0000000125	0.2	1.0E+10	1E-30	35900	1.0E+10	0.000000186	106	1.0E+10	0.000000512	1900	1.0E+10	0.0000106	201000	1E-30	1.0E+10	1.0E+10	1E-30	1.0E+10	1.0E+10	1E-30	1.0E+10	1.0E+10	1E-30	1.0E+10	1.0E+10	1E-30	1.0E+10	1.0E+10	1E-30	1.0E+10	1.0E+10	1E-30	1.0E+10	1.0E+10	1E-30	1.0E+10	1.0E+10	1E-30	1.0E+10	1.0E+10	1E-30	1.0E+10	1.0E+10
166	1.29E-14	1E-30	1.0E-10	1.0E+10	0.0000000136	0.24	1.0E+10	1E-30	37900	1.0E+10	0.00000021	107	1.0E+10	0.000000533	1670	1.0E+10	0.00000952	179000	1E-30	1.0E+10	1.0E+10	1E-30	1.0E+10	1.0E+10	1E-30	1.0E+10	1.0E+10	1E-30	1.0E+10	1.0E+10	1E-30	1.0E+10	1.0E+10	1E-30	1.0E+10	1.0E+10	1E-30	1.0E+10	1.0E+10	1E-30	1.0E+10	1.0E+10	1E-30	1.0E+10	1.0E+10	1E-30	1.0E+10	1.0E+10
167	1.29E-14	1E-30	1.0E-10	1.0E+10	0.0000000136	0.24	1.0E+10	1E-30	37900	1.0E+10	0.00000021	107	1.0E+10	0.000000533	1670	1.0E+10	0.00000952	179000	1E-30	1.0E+10	1.0E+10	1E-30	1.0E+10	1.0E+10	1E-30	1.0E+10	1.0E+10	1E-30	1.0E+10	1.0E+10	1E-30	1.0E+10	1.0E+10	1E-30	1.0E+10	1.0E+10	1E-30	1.0E+10	1.0E+10	1E-30	1.0E+10	1.0E+10	1E-30	1.0E+10	1.0E+10	1E-30	1.0E+10	1.0E+10
168	1.97E-14	1E-30	1.0E-10	1.0E+10	0.0000000145	0.24	1.0E+10	1E-30	33100	1.0E+10	0.000000239	56.1	1.0E+10	0.000000287	264	1.0E+10	0.00000102	9340	1E-30	1.0E+10	1.0E+10	1E-30	1.0E+10	1.0E+10	1E-30	1.0E+10	1.0E+10	1E-30	1.0E+10	1.0E+10	1E-30	1.0E+10	1.0E+10	1E-30	1.0E+10	1.0E+10	1E-30	1.0E+10	1.0E+10	1E-30	1.0E+10	1.0E+10	1E-30	1.0E+10	1.0E+10	1E-30	1.0E+10	1.0E+10
169	1.97E-14	1E-30	1.0E-10	1.0E+10	0.0000000145	0.24	1.0E+10	1E-30	33100	1.0E+10	0.000000239	56.1	1.0E+10	0.000000287	264	1.0E+10	0.00000102	9340	1E-30	1.0E+10	1.0E+10	1E-30	1.0E+10	1.0E+10	1E-30	1.0E+10	1.0E+10	1E-30	1.0E+10	1.0E+10	1E-30	1.0E+10	1.0E+10	1E-30	1.0E+10	1.0E+10	1E-30	1.0E+10	1.0E+10	1E-30	1.0E+10	1.0E+10	1E-30	1.0E+10	1.0E+10	1E-30	1.0E+10	1.0E+10
170	0.000000000000016	1E-30	1.0E-10	1.0E+10	0.0000000152	0.34	1.0E+10	1E-30	42700	1.0E+10	0.000000279	230	1.0E+10	0.00000078	3430	1.0E+10	0.0000157	297000	1E-30	1.0E+10	1.0E+10	1E-30	1.0E+10	1.0E+10	1E-30	1.0E+10	1.0E+10	1E-30	1.0E+10	1.0E+10	1E-30	1.0E+10	1.0E+10	1E-30	1.0E+10	1.0E+10	1E-30	1.0E+10	1.0E+10	1E-30	1.0E+10	1.0E+10	1E-30	1.0E+10	1.0E+10	1E-30	1.0E+10	1.0E+10
171	0.000000000000016	1E-30	1.0E-10	1.0E+10	0.0000000152	0.34	1.0E+10	1E-30	42700	1.0E+10	0.000000279	230	1.0E+10	0.00000078	3430	1.0E+10	0.0000157	297000	1E-30	1.0E+10	1.0E+10	1E-30	1.0E+10	1.0E+10	1E-30	1.0E+10	1.0E+10	1E-30	1.0E+10	1.0E+10	1E-30	1.0E+10	1.0E+10	1E-30	1.0E+10	1.0E+10	1E-30	1.0E+10	1.0E+10	1E-30	1.0E+10	1.0E+10	1E-30	1.0E+10	1.0E+10	1E-30	1.0E+10	1.0E+10
172	1.73E-14	1E-30	1.0E-10	1.0E+10	0.0000000168	0.27	1.0E+10	1E-30	38100	1.0E+10	0.000000243	124	1.0E+10	0.000000634	1830	1.0E+10	0.00000748	47000	1E-30	1.0E+10	1.0E+10	1E-30	1.0E+10	1.0E+10	1E-30	1.0E+10	1.0E+10	1E-30	1.0E+10	1.0E+10	1E-30	1.0E+10	1.0E+10	1E-30	1.0E+10	1.0E+10	1E-30	1.0E+10	1.0E+10	1E-30	1.0E+10	1.0E+10	1E-30	1.0E+10	1.0E+10	1E-30	1.0E+10	1.0E+10
173	1.73E-14	1E-30	1.0E-10	1.0E+10	0.0000000168	0.27	1.0E+10	1E-30	38100	1.0E+10	0.000000243	124	1.0E+10	0.000000634	1830	1.0E+10	0.00000748	47000	1E-30	1.0E+10	1.0E+10	1E-30	1.0E+10	1.0E+10	1E-30	1.0E+10	1.0E+10	1E-30	1.0E+10	1.0E+10	1E-30	1.0E+10	1.0E+10	1E-30	1.0E+10	1.0E+10	1E-30	1.0E+10	1.0E+10	1E-30	1.0E+10	1.0E+10	1E-30	1.0E+10	1.0E+10	1E-30	1.0E+10	1.0E+10
174	1.82E-14	1E-30	1.0E-10	1.0E+10	0.0000000184	0.38	1.0E+10	1E-30	55100	1.0E+10	0.000000322	225	1.0E+10	0.000000833	3400	1.0E+10	0.0000122	231000	1E-30	1.0E+10	1.0E+10	1E-30	1.0E+10	1.0E+10	1E-30	1.0E+10	1.0E+10	1E-30	1.0E+10	1.0E+10	1E-30	1.0E+10	1.0E+10	1E-30	1.0E+10	1.0E+10	1E-30	1.0E+10	1.0E+10	1E-30	1.0E+10	1.0E+10	1E-30	1.0E+10	1.0E+10	1E-30	1.0E+10	1.0E+10
175	1.82E-14	1E-30	1.0E-10	1.0E+10	0.0000000184	0.38	1.0E+10	1E-30	55100	1.0E+10	0.000000322	225	1.0E+10	0.000000833	3400	1.0E+10	0.0000122	231000	1E-30	1.0E+10	1.0E+10	1E-30	1.0E+10	1.0E+10	1E-30	1.0E+10	1.0E+10	1E-30	1.0E+10	1.0E+10	1E-30	1.0E+10	1.0E+10	1E-30	1.0E+10	1.0E+10	1E-30	1.0E+10	1.0E+10	1E-30	1.0E+10	1.0E+10	1E-30	1.0E+10	1.0E+10	1E-30	1.0E+10	1.0E+10
176	1.84E-14	1E-30	1.0E-10	1.0E+10	0.0000000192	0.73	1.0E+10	1E-30	50700	1.0E+10	0.000000377	405	1.0E+10	0.00000116	6420	1.0E+10	0.0000288	544000	1E-30	1.0E+10	1.0E+10	1E-30	1.0E+10	1.0E+10	1E-30	1.0E+10	1.0E+10	1E-30	1.0E+10	1.0E+10	1E-30	1.0E+10	1.0E+10	1E-30	1.0E+10	1.0E+10	1E-30	1.0E+10	1.0E+10	1E-30	1.0E+10	1.0E+10	1E-30	1.0E+10	1.0E+10	1E-30	1.0E+10	1.0E+10
177	1.84E-14	1E-30	1.0E-10	1.0E+10	0.0000000192	0.73	1.0E+10	1E-30	50700	1.0E+10	0.000000377	405	1.0E+10	0.00000116	6420	1.0E+10	0.0000288	544000	1E-30	1.0E+10	1.0E+10	1E-30	1.0E+10	1.0E+10	1E-30	1.0E+10	1.0E+10	1E-30	1.0E+10	1.0E+10	1E-30	1.0E+10	1.0E+10	1E-30	1.0E+10	1.0E+10	1E-30	1.0E+10	1.0E+10	1E-30	1.0E+10	1.0E+10	1E-30	1.0E+10	1.0E+10	1E-30	1.0E+10	1.0E+10
178	1.35E-14	1E-30	1.0E-10	1.0E+10	0.0000000206	0.4	1.0E+10	1E-30	56400	1.0E+10	0.000000351	245	1.0E+10	0.000000915	3450	1.0E+10	0.0000138	235000	1.19E-15	0.0000000557	172	1E-30	1.0E+10	1.0E+10	1E-30	1.0E+10	1.0E+10	1E-30	1.0E+10	1.0E+10	1E-30	1.0E+10	1.0E+10	1E-30	1.0E+10	1.0E+10	1E-30	1.0E+10	1.0E+10	1E-30	1.0E+10	1.0E+10	1E-30	1.0E+10	1.0E+10	1E-30	1.0E+10	1.0E+10
179	1.35E-14	1E-30	1.0E-10	1.0E+10	0.0000000206	0.4	1.0E+10	1E-30	56400	1.0E+10	0.000000351	245	1.0E+10	0.000000915	3450	1.0E+10	0.0000138	235000	1.19E-15	0.0000000557	172	1E-30	1.0E+10	1.0E+10	1E-30	1.0E+10	1.0E+10	1E-30	1.0E+10	1.0E+10	1E-30	1.0E+10	1.0E+10	1E-30	1.0E+10	1.0E+10	1E-30	1.0E+10	1.0E+10	1E-30	1.0E+10	1.0E+10	1E-30	1.0E+10	1.0E+10	1E-30	1.0E+10	1.0E+10
180	1.23E-14	1E-30	1.0E-10	1.0E+10	0.0000000227	0.45	1.0E+10	1E-30	70400	1.0E+10	0.000000364	252	1.0E+10	0.00000103	4460	1.0E+10	0.000015	284000	1.43E-15	0.0000000531	221	1E-30	1.0E+10	1.0E+10	1E-30	1.0E+10	1.0E+10	1E-30	1.0E+10	1.0E+10	1E-30	1.0E+10	1.0E+10	1E-30	1.0E+10	1.0E+10	1E-30	1.0E+10	1.0E+10	1E-30	1.0E+10	1.0E+10	1E-30	1.0E+10	1.0E+10	1E-30	1.0E+10	1.0E+10
181	1.23E-14	1E-30	1.0E-10	1.0E+10	0.0000000227	0.45	1.0E+10	1E-30	70400	1.0E+10	0.000000364	252	1.0E+10	0.00000103	4460	1.0E+10	0.000015	284000	1.43E-15	0.0000000531	221	1E-30	1.0E+10	1.0E+10	1E-30	1.0E+10	1.0E+10	1E-30	1.0E+10	1.0E+10	1E-30	1.0E+10	1.0E+10	1E-30	1.0E+10	1.0E+10	1E-30	1.0E+10	1.0E+10	1E-30	1.0E+10	1.0E+10	1E-30	1.0E+10	1.0E+10	1E-30	1.0E+10	1.0E+10
182	1.12E-14	1E-30	1.0E-10	1.0E+10	0.0000000233	0.8	1.0E+10	1E-30	67900	1.0E+10	0.000000474	477	1.0E+10	0.00000141	7460	1.0E+10	0.0000146	275000	3.1E-15	0.0000000267	55.6	1E-30	1.0E+10	1.0E+10	1E-30	1.0E+10	1.0E+10	1E-30	1.0E+10	1.0E+10	1E-30	1.0E+10	1.0E+10	1E-30	1.0E+10	1.0E+10	1E-30	1.0E+10	1.0E+10	1E-30	1.0E+10	1.0E+10	1E-30	1.0E+10	1.0E+10	1E-30	1.0E+10	1.0E+10
183	1.12E-14	1E-30	1.0E-10	1.0E+10	0.0000000233	0.8	1.0E+10	1E-30	67900	1.0E+10	0.000000474	477	1.0E+10	0.00000141	7460	1.0E+10	0.0000146	275000	3.1E-15	0.0000000267	55.6	1E-30	1.0E+10	1.0E+10	1E-30	1.0E+10	1.0E+10	1E-30	1.0E+10	1.0E+10	1E-30	1.0E+10	1.0E+10	1E-30	1.0E+10	1.0E+10	1E-30	1.0E+10	1.0E+10	1E-30	1.0E+10	1.0E+10	1E-30	1.0E+10	1.0E+10	1E-30	1.0E+10	1.0E+10
184	1.33E-14	1E-30	1.0E-10	1.0E+10	0.0000000241	0.8	1.0E+10	1E-30	68500	1.0E+10	0.000000471	476	1.0E+10	0.00000146	7630	1.0E+10	0.0000151	285000	2.07E-15	0.0000000409	129	1E-30	1.0E+10	1.0E+10	1E-30	1.0E+10	1.0E+10	1E-30	1.0E+10	1.0E+10	1E-30	1.0E+10	1.0E+10	1E-30	1.0E+10	1.0E+10	1E-30	1.0E+10	1.0E+10	1E-30	1.0E+10	1.0E+10	1E-30	1.0E+10	1.0E+10	1E-30	1.0E+10	1.0E+10
185	1.33E-14	1E-30	1.0E-10	1.0E+10	0.0000000241	0.8	1.0E+10	1E-30	68500	1.0E+10	0.000000471	476	1.0E+10	0.00000146	7630	1.0E+10	0.0000151	285000	2.07E-15	0.0000000409	129	1E-30	1.0E+10	1.0E+10	1E-30	1.0E+10	1.0E+10	1E-30	1.0E+10	1.0E+10	1E-30	1.0E+10	1.0E+10	1E-30	1.0E+10	1.0E+10	1E-30	1.0E+10	1.0E+10	1E-30	1.0E+10	1.0E+10	1E-30	1.0E+10	1.0E+10	1E-30	1.0E+10	1.0E+10
186	1.36E-14	1E-30	1.0E-10	1.0E+10	0.000000025	0.8	1.0E+10	1E-30	58800	1.0E+10	0.00000052	526	1.0E+10	0.00000138	5980	1.0E+10	0.0000147	278000	2.92E-15	0.0000000286	99.5	1E-30	1.0E+10	1.0E+10	1E-30	1.0E+10	1.0E+10	1E-30	1.0E+10	1.0E+10	1E-30	1.0E+10	1.0E+10	1E-30	1.0E+10	1.0E+10	1E-30	1.0E+10	1.0E+10	1E-30	1.0E+10	1.0E+10	1E-30	1.0E+10	1.0E+10	1E-30	1.0E+10	1.0E+10
187	1.36E-14	1E-30	1.0E-10	1.0E+10	0.000000025	0.8	1.0E+10	1E-30	58800	1.0E+10	0.00000052	526	1.0E+10	0.00000138	5980	1.0E+10	0.0000147	278000	2.92E-15	0.0000000286	99.5	1E-30	1.0E+10	1.0E+10	1E-30	1.0E+10	1.0E+10	1E-30	1.0E+10	1.0E+10	1E-30	1.0E+10	1.0E+10	1E-30	1.0E+10	1.0E+10	1E-30	1.0E+10	1.0E+10	1E-30	1.0E+10	1.0E+10	1E-30	1.0E+10	1.0E+10	1E-30	1.0E+10	1.0E+10
188	1.22E-14	1E-30	1.0E-10	1.0E+10	0.0000000275	0.73	1.0E+10	1E-30	70900	1.0E+10	0.000000558	564	1.0E+10	0.00000168	8330	1.0E+10	0.0000164	309000	1.4E-15	0.0000000684	186	1E-30	1.0E+10	1.0E+10	1E-30	1.0E+10	1.0E+10	1E-30	1.0E+10	1.0E+10	1E-30	1.0E+10	1.0E+10	1E-30	1.0E+10	1.0E+10	1E-30	1.0E+10	1.0E+10	1E-30	1.0E+10	1.0E+10	1E-30	1.0E+10	1.0E+10	1E-30	1.0E+10	1.0E+10
189	1.22E-14	1E-30	1.0E-10	1.0E+10	0.0000000275	0.73	1.0E+10	1E-30	70900	1.0E+10	0.000000558	564	1.0E+10	0.00000168	8330	1.0E+10	0.0000164	309000	1.4E-15	0.0000000684	186	1E-30	1.0E+10	1.0E+10	1E-30	1.0E+10	1.0E+10	1E-30	1.0E+10	1.0E+10	1E-30	1.0E+10	1.0E+10	1E-30	1.0E+10	1.0E+10	1E-30	1.0E+10	1.0E+10	1E-30	1.0E+10	1.0E+10	1E-30	1.0E+10	1.0E+10	1E-30	1.0E+10	1.0E+10
190	0.000000000000015	1E-30	1.0E-10	1.0E+10	0.0000000309	0.73	1.0E+10	1E-30	70900	1.0E+10	0.000000558	564	1.0E+10	0.00000168	8330	1.0E+10	0.0000164	309000	1.68E-15	0.0000000684	186	1E-30	1.0E+10	1.0E+10	1E-30	1.0E+10	1.0E+10	1E-30	1.0E+10	1.0E+10	1E-30	1.0E+10	1.0E+10	1E-30	1.0E+10	1.0E+10	1E-30	1.0E+10	1.0E+10	1E-30	1.0E+10	1.0E+10	1E-30	1.0E+10	1.0E+10	1E-30	1.0E+10	1.0E+10
191	0.000000000000015	1E-30	1.0E-10	1.0E+10	0.0000000309	0.73	1.0E+10	1E-30	70900	1.0E+10	0.000000558	564	1.0E+10	0.00000168	8330	1.0E+10	0.0000164	309000	1.68E-15	0.0000000684	186	1E-30	1.0E+10	1.0E+10	1E-30	1.0E+10	1.0E+10	1E-30	1.0E+10	1.0E+10	1E-30	1.0E+10	1.0E+10	1E-30	1.0E+10	1.0E+10	1E-30	1.0E+10	1.0E+10	1E-30	1.0E+10	1.0E+10	1E-30	1.0E+10	1.0E+10	1E-30	1.0E+10	1.0E+10
END DSCRDATA
