BEGIN DSCRDATA
% INDEX	K01	L01	M01	K02	L02	M02	K03	L03	M03	K04	L04	M04	K05	L05	M05	K06	L06	M06	K07	L07	M07	K08	L08	M08	K09	L09	M09	K10	L10	M10	K11	L11	M11	K12	L12	M12	K13	L13	M13	K14	L14	M14	K15	L15	M15	K16	L16	M16
0	6.09E-14	1E-30	1.0E-10	1.0E+10	0.00000000194	0.015	1.0E+10	1E-30	22800	1.0E+10	0.000000041	9.71	1.0E+10	0.0000000491	180	1E-30	1.0E+10	1.0E+10	1E-30	1.0E+10	1.0E+10	1E-30	1.0E+10	1.0E+10	1E-30	1.0E+10	1.0E+10	1E-30	1.0E+10	1.0E+10	1E-30	1.0E+10	1.0E+10	1E-30	1.0E+10	1.0E+10	1E-30	1.0E+10	1.0E+10	1E-30	1.0E+10	1.0E+10	1E-30	1.0E+10	1.0E+10	1E-30	1.0E+10	1.0E+10
1	5.95E-14	1E-30	1.0E-10	1.0E+10	0.00000000203	0.021	1.0E+10	1E-30	22800	1.0E+10	0.0000000619	54.9	1.0E+10	0.0000000707	323	1E-30	1.0E+10	1.0E+10	1E-30	1.0E+10	1.0E+10	1E-30	1.0E+10	1.0E+10	1E-30	1.0E+10	1.0E+10	1E-30	1.0E+10	1.0E+10	1E-30	1.0E+10	1.0E+10	1E-30	1.0E+10	1.0E+10	1E-30	1.0E+10	1.0E+10	1E-30	1.0E+10	1.0E+10	1E-30	1.0E+10	1.0E+10	1E-30	1.0E+10	1.0E+10
2	4.51E-14	1E-30	1.0E-10	1.0E+10	0.00000000262	0.14	1.0E+10	1E-30	22800	1.0E+10	0.0000000543	234	1.0E+10	0.000000126	125	1E-30	1.0E+10	1.0E+10	1E-30	1.0E+10	1.0E+10	1E-30	1.0E+10	1.0E+10	1E-30	1.0E+10	1.0E+10	1E-30	1.0E+10	1.0E+10	1E-30	1.0E+10	1.0E+10	1E-30	1.0E+10	1.0E+10	1E-30	1.0E+10	1.0E+10	1E-30	1.0E+10	1.0E+10	1E-30	1.0E+10	1.0E+10	1E-30	1.0E+10	1.0E+10
3	3.05E-14	1E-30	1.0E-10	1.0E+10	0.00000000362	0.023	1.0E+10	1E-30	22800	1.0E+10	0.0000000881	53.3	1.0E+10	0.000000191	831	1E-30	1.0E+10	1.0E+10	1E-30	1.0E+10	1.0E+10	1E-30	1.0E+10	1.0E+10	1E-30	1.0E+10	1.0E+10	1E-30	1.0E+10	1.0E+10	1E-30	1.0E+10	1.0E+10	1E-30	1.0E+10	1.0E+10	1E-30	1.0E+10	1.0E+10	1E-30	1.0E+10	1.0E+10	1E-30	1.0E+10	1.0E+10	1E-30	1.0E+10	1.0E+10
4	3.05E-14	1E-30	1.0E-10	1.0E+10	0.00000000362	0.023	1.0E+10	1E-30	22800	1.0E+10	0.0000000881	53.3	1.0E+10	0.000000191	831	1E-30	1.0E+10	1.0E+10	1E-30	1.0E+10	1.0E+10	1E-30	1.0E+10	1.0E+10	1E-30	1.0E+10	1.0E+10	1E-30	1.0E+10	1.0E+10	1E-30	1.0E+10	1.0E+10	1E-30	1.0E+10	1.0E+10	1E-30	1.0E+10	1.0E+10	1E-30	1.0E+10	1.0E+10	1E-30	1.0E+10	1.0E+10	1E-30	1.0E+10	1.0E+10
5	3.05E-14	1E-30	1.0E-10	1.0E+10	0.00000000362	0.023	1.0E+10	1E-30	22800	1.0E+10	0.0000000881	53.3	1.0E+10	0.000000191	831	1E-30	1.0E+10	1.0E+10	1E-30	1.0E+10	1.0E+10	1E-30	1.0E+10	1.0E+10	1E-30	1.0E+10	1.0E+10	1E-30	1.0E+10	1.0E+10	1E-30	1.0E+10	1.0E+10	1E-30	1.0E+10	1.0E+10	1E-30	1.0E+10	1.0E+10	1E-30	1.0E+10	1.0E+10	1E-30	1.0E+10	1.0E+10	1E-30	1.0E+10	1.0E+10
6	2.42E-14	1E-30	1.0E-10	1.0E+10	0.00000000379	0.023	1.0E+10	1E-30	22800	1.0E+10	0.0000000881	49.7	1.0E+10	0.000000191	794	1E-30	1.0E+10	1.0E+10	1E-30	1.0E+10	1.0E+10	1E-30	1.0E+10	1.0E+10	1E-30	1.0E+10	1.0E+10	1E-30	1.0E+10	1.0E+10	1E-30	1.0E+10	1.0E+10	1E-30	1.0E+10	1.0E+10	1E-30	1.0E+10	1.0E+10	1E-30	1.0E+10	1.0E+10	1E-30	1.0E+10	1.0E+10	1E-30	1.0E+10	1.0E+10
7	2.42E-14	1E-30	1.0E-10	1.0E+10	0.00000000379	0.023	1.0E+10	1E-30	22800	1.0E+10	0.0000000881	49.7	1.0E+10	0.000000191	794	1E-30	1.0E+10	1.0E+10	1E-30	1.0E+10	1.0E+10	1E-30	1.0E+10	1.0E+10	1E-30	1.0E+10	1.0E+10	1E-30	1.0E+10	1.0E+10	1E-30	1.0E+10	1.0E+10	1E-30	1.0E+10	1.0E+10	1E-30	1.0E+10	1.0E+10	1E-30	1.0E+10	1.0E+10	1E-30	1.0E+10	1.0E+10	1E-30	1.0E+10	1.0E+10
8	2.42E-14	1E-30	1.0E-10	1.0E+10	0.00000000379	0.023	1.0E+10	1E-30	22800	1.0E+10	0.0000000881	49.7	1.0E+10	0.000000191	794	1E-30	1.0E+10	1.0E+10	1E-30	1.0E+10	1.0E+10	1E-30	1.0E+10	1.0E+10	1E-30	1.0E+10	1.0E+10	1E-30	1.0E+10	1.0E+10	1E-30	1.0E+10	1.0E+10	1E-30	1.0E+10	1.0E+10	1E-30	1.0E+10	1.0E+10	1E-30	1.0E+10	1.0E+10	1E-30	1.0E+10	1.0E+10	1E-30	1.0E+10	1.0E+10
9	3.19E-14	1E-30	1.0E-10	1.0E+10	0.00000000397	0.023	1.0E+10	1E-30	22800	1.0E+10	0.000000137	61.6	1.0E+10	0.000000167	600	1E-30	1.0E+10	1.0E+10	1E-30	1.0E+10	1.0E+10	1E-30	1.0E+10	1.0E+10	1E-30	1.0E+10	1.0E+10	1E-30	1.0E+10	1.0E+10	1E-30	1.0E+10	1.0E+10	1E-30	1.0E+10	1.0E+10	1E-30	1.0E+10	1.0E+10	1E-30	1.0E+10	1.0E+10	1E-30	1.0E+10	1.0E+10	1E-30	1.0E+10	1.0E+10
10	3.19E-14	1E-30	1.0E-10	1.0E+10	0.00000000397	0.023	1.0E+10	1E-30	22800	1.0E+10	0.000000137	61.6	1.0E+10	0.000000167	600	1E-30	1.0E+10	1.0E+10	1E-30	1.0E+10	1.0E+10	1E-30	1.0E+10	1.0E+10	1E-30	1.0E+10	1.0E+10	1E-30	1.0E+10	1.0E+10	1E-30	1.0E+10	1.0E+10	1E-30	1.0E+10	1.0E+10	1E-30	1.0E+10	1.0E+10	1E-30	1.0E+10	1.0E+10	1E-30	1.0E+10	1.0E+10	1E-30	1.0E+10	1.0E+10
11	3.19E-14	1E-30	1.0E-10	1.0E+10	0.00000000397	0.023	1.0E+10	1E-30	22800	1.0E+10	0.000000137	61.6	1.0E+10	0.000000167	600	1E-30	1.0E+10	1.0E+10	1E-30	1.0E+10	1.0E+10	1E-30	1.0E+10	1.0E+10	1E-30	1.0E+10	1.0E+10	1E-30	1.0E+10	1.0E+10	1E-30	1.0E+10	1.0E+10	1E-30	1.0E+10	1.0E+10	1E-30	1.0E+10	1.0E+10	1E-30	1.0E+10	1.0E+10	1E-30	1.0E+10	1.0E+10	1E-30	1.0E+10	1.0E+10
12	2.72E-14	1E-30	1.0E-10	1.0E+10	0.00000000406	0.03	1.0E+10	1E-30	23900	1.0E+10	0.000000148	196	1.0E+10	0.000000359	1780	1E-30	1.0E+10	1.0E+10	1E-30	1.0E+10	1.0E+10	1E-30	1.0E+10	1.0E+10	1E-30	1.0E+10	1.0E+10	1E-30	1.0E+10	1.0E+10	1E-30	1.0E+10	1.0E+10	1E-30	1.0E+10	1.0E+10	1E-30	1.0E+10	1.0E+10	1E-30	1.0E+10	1.0E+10	1E-30	1.0E+10	1.0E+10	1E-30	1.0E+10	1.0E+10
13	2.72E-14	1E-30	1.0E-10	1.0E+10	0.00000000406	0.03	1.0E+10	1E-30	23900	1.0E+10	0.000000148	196	1.0E+10	0.000000359	1780	1E-30	1.0E+10	1.0E+10	1E-30	1.0E+10	1.0E+10	1E-30	1.0E+10	1.0E+10	1E-30	1.0E+10	1.0E+10	1E-30	1.0E+10	1.0E+10	1E-30	1.0E+10	1.0E+10	1E-30	1.0E+10	1.0E+10	1E-30	1.0E+10	1.0E+10	1E-30	1.0E+10	1.0E+10	1E-30	1.0E+10	1.0E+10	1E-30	1.0E+10	1.0E+10
14	2.72E-14	1E-30	1.0E-10	1.0E+10	0.00000000406	0.03	1.0E+10	1E-30	23900	1.0E+10	0.000000148	196	1.0E+10	0.000000359	1780	1E-30	1.0E+10	1.0E+10	1E-30	1.0E+10	1.0E+10	1E-30	1.0E+10	1.0E+10	1E-30	1.0E+10	1.0E+10	1E-30	1.0E+10	1.0E+10	1E-30	1.0E+10	1.0E+10	1E-30	1.0E+10	1.0E+10	1E-30	1.0E+10	1.0E+10	1E-30	1.0E+10	1.0E+10	1E-30	1.0E+10	1.0E+10	1E-30	1.0E+10	1.0E+10
15	3.12E-14	1E-30	1.0E-10	1.0E+10	0.00000000445	0.045	1.0E+10	1E-30	23900	1.0E+10	0.000000148	175	1.0E+10	0.000000359	2340	1E-30	1.0E+10	1.0E+10	1E-30	1.0E+10	1.0E+10	1E-30	1.0E+10	1.0E+10	1E-30	1.0E+10	1.0E+10	1E-30	1.0E+10	1.0E+10	1E-30	1.0E+10	1.0E+10	1E-30	1.0E+10	1.0E+10	1E-30	1.0E+10	1.0E+10	1E-30	1.0E+10	1.0E+10	1E-30	1.0E+10	1.0E+10	1E-30	1.0E+10	1.0E+10
16	3.12E-14	1E-30	1.0E-10	1.0E+10	0.00000000445	0.045	1.0E+10	1E-30	23900	1.0E+10	0.000000148	175	1.0E+10	0.000000359	2340	1E-30	1.0E+10	1.0E+10	1E-30	1.0E+10	1.0E+10	1E-30	1.0E+10	1.0E+10	1E-30	1.0E+10	1.0E+10	1E-30	1.0E+10	1.0E+10	1E-30	1.0E+10	1.0E+10	1E-30	1.0E+10	1.0E+10	1E-30	1.0E+10	1.0E+10	1E-30	1.0E+10	1.0E+10	1E-30	1.0E+10	1.0E+10	1E-30	1.0E+10	1.0E+10
17	3.12E-14	1E-30	1.0E-10	1.0E+10	0.00000000445	0.045	1.0E+10	1E-30	23900	1.0E+10	0.000000148	175	1.0E+10	0.000000359	2340	1E-30	1.0E+10	1.0E+10	1E-30	1.0E+10	1.0E+10	1E-30	1.0E+10	1.0E+10	1E-30	1.0E+10	1.0E+10	1E-30	1.0E+10	1.0E+10	1E-30	1.0E+10	1.0E+10	1E-30	1.0E+10	1.0E+10	1E-30	1.0E+10	1.0E+10	1E-30	1.0E+10	1.0E+10	1E-30	1.0E+10	1.0E+10	1E-30	1.0E+10	1.0E+10
18	3.19E-14	1E-30	1.0E-10	1.0E+10	0.00000000455	0.067	1.0E+10	1E-30	23900	1.0E+10	0.000000148	220	1.0E+10	0.000000359	2340	1E-30	1.0E+10	1.0E+10	1E-30	1.0E+10	1.0E+10	1E-30	1.0E+10	1.0E+10	1E-30	1.0E+10	1.0E+10	1E-30	1.0E+10	1.0E+10	1E-30	1.0E+10	1.0E+10	1E-30	1.0E+10	1.0E+10	1E-30	1.0E+10	1.0E+10	1E-30	1.0E+10	1.0E+10	1E-30	1.0E+10	1.0E+10	1E-30	1.0E+10	1.0E+10
19	3.19E-14	1E-30	1.0E-10	1.0E+10	0.00000000455	0.067	1.0E+10	1E-30	23900	1.0E+10	0.000000148	220	1.0E+10	0.000000359	2340	1E-30	1.0E+10	1.0E+10	1E-30	1.0E+10	1.0E+10	1E-30	1.0E+10	1.0E+10	1E-30	1.0E+10	1.0E+10	1E-30	1.0E+10	1.0E+10	1E-30	1.0E+10	1.0E+10	1E-30	1.0E+10	1.0E+10	1E-30	1.0E+10	1.0E+10	1E-30	1.0E+10	1.0E+10	1E-30	1.0E+10	1.0E+10	1E-30	1.0E+10	1.0E+10
20	3.19E-14	1E-30	1.0E-10	1.0E+10	0.00000000455	0.067	1.0E+10	1E-30	23900	1.0E+10	0.000000148	220	1.0E+10	0.000000359	2340	1E-30	1.0E+10	1.0E+10	1E-30	1.0E+10	1.0E+10	1E-30	1.0E+10	1.0E+10	1E-30	1.0E+10	1.0E+10	1E-30	1.0E+10	1.0E+10	1E-30	1.0E+10	1.0E+10	1E-30	1.0E+10	1.0E+10	1E-30	1.0E+10	1.0E+10	1E-30	1.0E+10	1.0E+10	1E-30	1.0E+10	1.0E+10	1E-30	1.0E+10	1.0E+10
21	1.97E-14	1E-30	1.0E-10	1.0E+10	0.00000000547	0.033	1.0E+10	1E-30	22800	1.0E+10	0.000000201	142	1.0E+10	0.000000367	1410	1E-30	1.0E+10	1.0E+10	1E-30	1.0E+10	1.0E+10	1E-30	1.0E+10	1.0E+10	1E-30	1.0E+10	1.0E+10	1E-30	1.0E+10	1.0E+10	1E-30	1.0E+10	1.0E+10	1E-30	1.0E+10	1.0E+10	1E-30	1.0E+10	1.0E+10	1E-30	1.0E+10	1.0E+10	1E-30	1.0E+10	1.0E+10	1E-30	1.0E+10	1.0E+10
22	1.97E-14	1E-30	1.0E-10	1.0E+10	0.00000000547	0.033	1.0E+10	1E-30	22800	1.0E+10	0.000000201	142	1.0E+10	0.000000367	1410	1E-30	1.0E+10	1.0E+10	1E-30	1.0E+10	1.0E+10	1E-30	1.0E+10	1.0E+10	1E-30	1.0E+10	1.0E+10	1E-30	1.0E+10	1.0E+10	1E-30	1.0E+10	1.0E+10	1E-30	1.0E+10	1.0E+10	1E-30	1.0E+10	1.0E+10	1E-30	1.0E+10	1.0E+10	1E-30	1.0E+10	1.0E+10	1E-30	1.0E+10	1.0E+10
23	1.64E-14	1E-30	1.0E-10	1.0E+10	0.0000000056	0.033	1.0E+10	1E-30	22800	1.0E+10	0.000000259	215	1.0E+10	0.000000402	1170	1E-30	1.0E+10	1.0E+10	1E-30	1.0E+10	1.0E+10	1E-30	1.0E+10	1.0E+10	1E-30	1.0E+10	1.0E+10	1E-30	1.0E+10	1.0E+10	1E-30	1.0E+10	1.0E+10	1E-30	1.0E+10	1.0E+10	1E-30	1.0E+10	1.0E+10	1E-30	1.0E+10	1.0E+10	1E-30	1.0E+10	1.0E+10	1E-30	1.0E+10	1.0E+10
24	1.64E-14	1E-30	1.0E-10	1.0E+10	0.0000000056	0.033	1.0E+10	1E-30	22800	1.0E+10	0.000000259	215	1.0E+10	0.000000402	1170	1E-30	1.0E+10	1.0E+10	1E-30	1.0E+10	1.0E+10	1E-30	1.0E+10	1.0E+10	1E-30	1.0E+10	1.0E+10	1E-30	1.0E+10	1.0E+10	1E-30	1.0E+10	1.0E+10	1E-30	1.0E+10	1.0E+10	1E-30	1.0E+10	1.0E+10	1E-30	1.0E+10	1.0E+10	1E-30	1.0E+10	1.0E+10	1E-30	1.0E+10	1.0E+10
25	2.98E-14	1E-30	1.0E-10	1.0E+10	0.00000000643	0.033	1.0E+10	1E-30	22800	1.0E+10	0.000000276	152	1.0E+10	0.000000316	1250	5.14E-16	0.000000262	600	3.9E-16	0.000000195	222	1E-30	1.0E+10	1.0E+10	1E-30	1.0E+10	1.0E+10	1E-30	1.0E+10	1.0E+10	1E-30	1.0E+10	1.0E+10	1E-30	1.0E+10	1.0E+10	1E-30	1.0E+10	1.0E+10	1E-30	1.0E+10	1.0E+10	1E-30	1.0E+10	1.0E+10	1E-30	1.0E+10	1.0E+10
26	2.98E-14	1E-30	1.0E-10	1.0E+10	0.00000000643	0.033	1.0E+10	1E-30	22800	1.0E+10	0.000000276	152	1.0E+10	0.000000316	1250	5.14E-16	0.000000262	600	3.9E-16	0.000000195	222	1E-30	1.0E+10	1.0E+10	1E-30	1.0E+10	1.0E+10	1E-30	1.0E+10	1.0E+10	1E-30	1.0E+10	1.0E+10	1E-30	1.0E+10	1.0E+10	1E-30	1.0E+10	1.0E+10	1E-30	1.0E+10	1.0E+10	1E-30	1.0E+10	1.0E+10	1E-30	1.0E+10	1.0E+10
27	3.93E-14	1E-30	1.0E-10	1.0E+10	0.00000000643	0.033	1.0E+10	1E-30	22800	1.0E+10	0.000000259	156	1.0E+10	0.000000402	1170	1E-30	1.0E+10	1.0E+10	1E-30	1.0E+10	1.0E+10	1E-30	1.0E+10	1.0E+10	1E-30	1.0E+10	1.0E+10	1E-30	1.0E+10	1.0E+10	1E-30	1.0E+10	1.0E+10	1E-30	1.0E+10	1.0E+10	1E-30	1.0E+10	1.0E+10	1E-30	1.0E+10	1.0E+10	1E-30	1.0E+10	1.0E+10	1E-30	1.0E+10	1.0E+10
28	3.93E-14	1E-30	1.0E-10	1.0E+10	0.00000000643	0.033	1.0E+10	1E-30	22800	1.0E+10	0.000000259	156	1.0E+10	0.000000402	1170	1E-30	1.0E+10	1.0E+10	1E-30	1.0E+10	1.0E+10	1E-30	1.0E+10	1.0E+10	1E-30	1.0E+10	1.0E+10	1E-30	1.0E+10	1.0E+10	1E-30	1.0E+10	1.0E+10	1E-30	1.0E+10	1.0E+10	1E-30	1.0E+10	1.0E+10	1E-30	1.0E+10	1.0E+10	1E-30	1.0E+10	1.0E+10	1E-30	1.0E+10	1.0E+10
29	4.72E-14	1E-30	1.0E-10	1.0E+10	0.00000000705	0.033	1.0E+10	1E-30	22800	1.0E+10	0.000000289	168	1.0E+10	0.000000466	1400	1E-30	1.0E+10	1.0E+10	1E-30	1.0E+10	1.0E+10	1E-30	1.0E+10	1.0E+10	1E-30	1.0E+10	1.0E+10	1E-30	1.0E+10	1.0E+10	1E-30	1.0E+10	1.0E+10	1E-30	1.0E+10	1.0E+10	1E-30	1.0E+10	1.0E+10	1E-30	1.0E+10	1.0E+10	1E-30	1.0E+10	1.0E+10	1E-30	1.0E+10	1.0E+10
30	4.72E-14	1E-30	1.0E-10	1.0E+10	0.00000000705	0.033	1.0E+10	1E-30	22800	1.0E+10	0.000000289	168	1.0E+10	0.000000466	1400	1E-30	1.0E+10	1.0E+10	1E-30	1.0E+10	1.0E+10	1E-30	1.0E+10	1.0E+10	1E-30	1.0E+10	1.0E+10	1E-30	1.0E+10	1.0E+10	1E-30	1.0E+10	1.0E+10	1E-30	1.0E+10	1.0E+10	1E-30	1.0E+10	1.0E+10	1E-30	1.0E+10	1.0E+10	1E-30	1.0E+10	1.0E+10	1E-30	1.0E+10	1.0E+10
31	3.84E-14	1E-30	1.0E-10	1.0E+10	0.00000000738	0.04	1.0E+10	1E-30	22800	1.0E+10	0.000000183	50.6	1.0E+10	0.000000325	802	1E-30	1.0E+10	1.0E+10	1E-30	1.0E+10	1.0E+10	1E-30	1.0E+10	1.0E+10	1E-30	1.0E+10	1.0E+10	1E-30	1.0E+10	1.0E+10	1E-30	1.0E+10	1.0E+10	1E-30	1.0E+10	1.0E+10	1E-30	1.0E+10	1.0E+10	1E-30	1.0E+10	1.0E+10	1E-30	1.0E+10	1.0E+10	1E-30	1.0E+10	1.0E+10
32	3.84E-14	1E-30	1.0E-10	1.0E+10	0.00000000738	0.04	1.0E+10	1E-30	22800	1.0E+10	0.000000183	50.6	1.0E+10	0.000000325	802	1E-30	1.0E+10	1.0E+10	1E-30	1.0E+10	1.0E+10	1E-30	1.0E+10	1.0E+10	1E-30	1.0E+10	1.0E+10	1E-30	1.0E+10	1.0E+10	1E-30	1.0E+10	1.0E+10	1E-30	1.0E+10	1.0E+10	1E-30	1.0E+10	1.0E+10	1E-30	1.0E+10	1.0E+10	1E-30	1.0E+10	1.0E+10	1E-30	1.0E+10	1.0E+10
33	2.48E-14	1E-30	1.0E-10	1.0E+10	0.00000000809	0.043	1.0E+10	1E-30	22800	1.0E+10	0.000000238	78	1.0E+10	0.000000426	1240	1E-30	1.0E+10	1.0E+10	1E-30	1.0E+10	1.0E+10	1E-30	1.0E+10	1.0E+10	1E-30	1.0E+10	1.0E+10	1E-30	1.0E+10	1.0E+10	1E-30	1.0E+10	1.0E+10	1E-30	1.0E+10	1.0E+10	1E-30	1.0E+10	1.0E+10	1E-30	1.0E+10	1.0E+10	1E-30	1.0E+10	1.0E+10	1E-30	1.0E+10	1.0E+10
34	2.48E-14	1E-30	1.0E-10	1.0E+10	0.00000000809	0.043	1.0E+10	1E-30	22800	1.0E+10	0.000000238	78	1.0E+10	0.000000426	1240	1E-30	1.0E+10	1.0E+10	1E-30	1.0E+10	1.0E+10	1E-30	1.0E+10	1.0E+10	1E-30	1.0E+10	1.0E+10	1E-30	1.0E+10	1.0E+10	1E-30	1.0E+10	1.0E+10	1E-30	1.0E+10	1.0E+10	1E-30	1.0E+10	1.0E+10	1E-30	1.0E+10	1.0E+10	1E-30	1.0E+10	1.0E+10	1E-30	1.0E+10	1.0E+10
35	1.97E-14	1E-30	1.0E-10	1.0E+10	0.0000000084	0.043	1.0E+10	1E-30	22800	1.0E+10	0.000000227	78	1.0E+10	0.000000426	1240	1E-30	1.0E+10	1.0E+10	1E-30	1.0E+10	1.0E+10	1E-30	1.0E+10	1.0E+10	1E-30	1.0E+10	1.0E+10	1E-30	1.0E+10	1.0E+10	1E-30	1.0E+10	1.0E+10	1E-30	1.0E+10	1.0E+10	1E-30	1.0E+10	1.0E+10	1E-30	1.0E+10	1.0E+10	1E-30	1.0E+10	1.0E+10	1E-30	1.0E+10	1.0E+10
36	1.97E-14	1E-30	1.0E-10	1.0E+10	0.0000000084	0.043	1.0E+10	1E-30	22800	1.0E+10	0.000000227	78	1.0E+10	0.000000426	1240	1E-30	1.0E+10	1.0E+10	1E-30	1.0E+10	1.0E+10	1E-30	1.0E+10	1.0E+10	1E-30	1.0E+10	1.0E+10	1E-30	1.0E+10	1.0E+10	1E-30	1.0E+10	1.0E+10	1E-30	1.0E+10	1.0E+10	1E-30	1.0E+10	1.0E+10	1E-30	1.0E+10	1.0E+10	1E-30	1.0E+10	1.0E+10	1E-30	1.0E+10	1.0E+10
37	2.06E-14	1E-30	1.0E-10	1.0E+10	0.0000000085	0.043	1.0E+10	1E-30	22800	1.0E+10	0.000000277	118	1.0E+10	0.000000472	1060	1E-30	1.0E+10	1.0E+10	1E-30	1.0E+10	1.0E+10	1E-30	1.0E+10	1.0E+10	1E-30	1.0E+10	1.0E+10	1E-30	1.0E+10	1.0E+10	1E-30	1.0E+10	1.0E+10	1E-30	1.0E+10	1.0E+10	1E-30	1.0E+10	1.0E+10	1E-30	1.0E+10	1.0E+10	1E-30	1.0E+10	1.0E+10	1E-30	1.0E+10	1.0E+10
38	2.06E-14	1E-30	1.0E-10	1.0E+10	0.0000000085	0.043	1.0E+10	1E-30	22800	1.0E+10	0.000000277	118	1.0E+10	0.000000472	1060	1E-30	1.0E+10	1.0E+10	1E-30	1.0E+10	1.0E+10	1E-30	1.0E+10	1.0E+10	1E-30	1.0E+10	1.0E+10	1E-30	1.0E+10	1.0E+10	1E-30	1.0E+10	1.0E+10	1E-30	1.0E+10	1.0E+10	1E-30	1.0E+10	1.0E+10	1E-30	1.0E+10	1.0E+10	1E-30	1.0E+10	1.0E+10	1E-30	1.0E+10	1.0E+10
39	2.59E-14	1E-30	1.0E-10	1.0E+10	0.0000000089	0.043	1.0E+10	1E-30	22800	1.0E+10	0.000000279	123	1.0E+10	0.000000582	1510	4.91E-17	0.00000271	2680	1E-30	1.0E+10	1.0E+10	1E-30	1.0E+10	1.0E+10	1E-30	1.0E+10	1.0E+10	1E-30	1.0E+10	1.0E+10	1E-30	1.0E+10	1.0E+10	1E-30	1.0E+10	1.0E+10	1E-30	1.0E+10	1.0E+10	1E-30	1.0E+10	1.0E+10	1E-30	1.0E+10	1.0E+10	1E-30	1.0E+10	1.0E+10
40	2.59E-14	1E-30	1.0E-10	1.0E+10	0.0000000089	0.043	1.0E+10	1E-30	22800	1.0E+10	0.000000279	123	1.0E+10	0.000000582	1510	4.91E-17	0.00000271	2680	1E-30	1.0E+10	1.0E+10	1E-30	1.0E+10	1.0E+10	1E-30	1.0E+10	1.0E+10	1E-30	1.0E+10	1.0E+10	1E-30	1.0E+10	1.0E+10	1E-30	1.0E+10	1.0E+10	1E-30	1.0E+10	1.0E+10	1E-30	1.0E+10	1.0E+10	1E-30	1.0E+10	1.0E+10	1E-30	1.0E+10	1.0E+10
41	3.49E-14	1E-30	1.0E-10	1.0E+10	0.00000000932	0.043	1.0E+10	1E-30	22800	1.0E+10	0.000000341	115	1.0E+10	0.000000582	1510	4.91E-17	0.00000247	281	1E-30	1.0E+10	1.0E+10	1E-30	1.0E+10	1.0E+10	1E-30	1.0E+10	1.0E+10	1E-30	1.0E+10	1.0E+10	1E-30	1.0E+10	1.0E+10	1E-30	1.0E+10	1.0E+10	1E-30	1.0E+10	1.0E+10	1E-30	1.0E+10	1.0E+10	1E-30	1.0E+10	1.0E+10	1E-30	1.0E+10	1.0E+10
42	3.49E-14	1E-30	1.0E-10	1.0E+10	0.00000000932	0.043	1.0E+10	1E-30	22800	1.0E+10	0.000000341	115	1.0E+10	0.000000582	1510	4.91E-17	0.00000247	281	1E-30	1.0E+10	1.0E+10	1E-30	1.0E+10	1.0E+10	1E-30	1.0E+10	1.0E+10	1E-30	1.0E+10	1.0E+10	1E-30	1.0E+10	1.0E+10	1E-30	1.0E+10	1.0E+10	1E-30	1.0E+10	1.0E+10	1E-30	1.0E+10	1.0E+10	1E-30	1.0E+10	1.0E+10	1E-30	1.0E+10	1.0E+10
43	6.07E-14	1E-30	1.0E-10	1.0E+10	0.00000000999	0.043	1.0E+10	1E-30	22800	1.0E+10	0.000000207	63.4	1.0E+10	0.000000548	1970	3.72E-17	0.00000247	281	1E-30	1.0E+10	1.0E+10	1E-30	1.0E+10	1.0E+10	1E-30	1.0E+10	1.0E+10	1E-30	1.0E+10	1.0E+10	1E-30	1.0E+10	1.0E+10	1E-30	1.0E+10	1.0E+10	1E-30	1.0E+10	1.0E+10	1E-30	1.0E+10	1.0E+10	1E-30	1.0E+10	1.0E+10	1E-30	1.0E+10	1.0E+10
44	6.07E-14	1E-30	1.0E-10	1.0E+10	0.00000000999	0.043	1.0E+10	1E-30	22800	1.0E+10	0.000000207	63.4	1.0E+10	0.000000548	1970	3.72E-17	0.00000247	281	1E-30	1.0E+10	1.0E+10	1E-30	1.0E+10	1.0E+10	1E-30	1.0E+10	1.0E+10	1E-30	1.0E+10	1.0E+10	1E-30	1.0E+10	1.0E+10	1E-30	1.0E+10	1.0E+10	1E-30	1.0E+10	1.0E+10	1E-30	1.0E+10	1.0E+10	1E-30	1.0E+10	1.0E+10	1E-30	1.0E+10	1.0E+10
45	6.21E-14	1E-30	1.0E-10	1.0E+10	0.00000000999	0.043	1.0E+10	1E-30	22800	1.0E+10	0.000000296	97.8	1.0E+10	0.000000601	1350	4.91E-17	0.00000247	281	1E-30	1.0E+10	1.0E+10	1E-30	1.0E+10	1.0E+10	1E-30	1.0E+10	1.0E+10	1E-30	1.0E+10	1.0E+10	1E-30	1.0E+10	1.0E+10	1E-30	1.0E+10	1.0E+10	1E-30	1.0E+10	1.0E+10	1E-30	1.0E+10	1.0E+10	1E-30	1.0E+10	1.0E+10	1E-30	1.0E+10	1.0E+10
46	6.21E-14	1E-30	1.0E-10	1.0E+10	0.00000000999	0.043	1.0E+10	1E-30	22800	1.0E+10	0.000000296	97.8	1.0E+10	0.000000601	1350	4.91E-17	0.00000247	281	1E-30	1.0E+10	1.0E+10	1E-30	1.0E+10	1.0E+10	1E-30	1.0E+10	1.0E+10	1E-30	1.0E+10	1.0E+10	1E-30	1.0E+10	1.0E+10	1E-30	1.0E+10	1.0E+10	1E-30	1.0E+10	1.0E+10	1E-30	1.0E+10	1.0E+10	1E-30	1.0E+10	1.0E+10	1E-30	1.0E+10	1.0E+10
47	6.65E-14	1E-30	1.0E-10	1.0E+10	0.0000000112	0.043	1.0E+10	1E-30	22800	1.0E+10	0.000000248	65.5	1.0E+10	0.000000613	1300	4.91E-17	0.00000247	281	1E-30	1.0E+10	1.0E+10	1E-30	1.0E+10	1.0E+10	1E-30	1.0E+10	1.0E+10	1E-30	1.0E+10	1.0E+10	1E-30	1.0E+10	1.0E+10	1E-30	1.0E+10	1.0E+10	1E-30	1.0E+10	1.0E+10	1E-30	1.0E+10	1.0E+10	1E-30	1.0E+10	1.0E+10	1E-30	1.0E+10	1.0E+10
48	6.65E-14	1E-30	1.0E-10	1.0E+10	0.0000000112	0.043	1.0E+10	1E-30	22800	1.0E+10	0.000000248	65.5	1.0E+10	0.000000613	1300	4.91E-17	0.00000247	281	1E-30	1.0E+10	1.0E+10	1E-30	1.0E+10	1.0E+10	1E-30	1.0E+10	1.0E+10	1E-30	1.0E+10	1.0E+10	1E-30	1.0E+10	1.0E+10	1E-30	1.0E+10	1.0E+10	1E-30	1.0E+10	1.0E+10	1E-30	1.0E+10	1.0E+10	1E-30	1.0E+10	1.0E+10	1E-30	1.0E+10	1.0E+10
49	4.39E-14	1E-30	1.0E-10	1.0E+10	0.000000012	0.053	1.0E+10	1E-30	22800	1.0E+10	0.000000298	119	1.0E+10	0.000000848	3460	4.91E-17	0.00000247	281	1E-30	1.0E+10	1.0E+10	1E-30	1.0E+10	1.0E+10	1E-30	1.0E+10	1.0E+10	1E-30	1.0E+10	1.0E+10	1E-30	1.0E+10	1.0E+10	1E-30	1.0E+10	1.0E+10	1E-30	1.0E+10	1.0E+10	1E-30	1.0E+10	1.0E+10	1E-30	1.0E+10	1.0E+10	1E-30	1.0E+10	1.0E+10
50	4.39E-14	1E-30	1.0E-10	1.0E+10	0.000000012	0.053	1.0E+10	1E-30	22800	1.0E+10	0.000000298	119	1.0E+10	0.000000848	3460	4.91E-17	0.00000247	281	1E-30	1.0E+10	1.0E+10	1E-30	1.0E+10	1.0E+10	1E-30	1.0E+10	1.0E+10	1E-30	1.0E+10	1.0E+10	1E-30	1.0E+10	1.0E+10	1E-30	1.0E+10	1.0E+10	1E-30	1.0E+10	1.0E+10	1E-30	1.0E+10	1.0E+10	1E-30	1.0E+10	1.0E+10	1E-30	1.0E+10	1.0E+10
51	5.04E-14	1E-30	1.0E-10	1.0E+10	0.0000000132	0.053	1.0E+10	1E-30	22800	1.0E+10	0.000000233	45.2	1.0E+10	0.000000584	1190	6.62E-17	0.00000247	281	1E-30	1.0E+10	1.0E+10	1E-30	1.0E+10	1.0E+10	1E-30	1.0E+10	1.0E+10	1E-30	1.0E+10	1.0E+10	1E-30	1.0E+10	1.0E+10	1E-30	1.0E+10	1.0E+10	1E-30	1.0E+10	1.0E+10	1E-30	1.0E+10	1.0E+10	1E-30	1.0E+10	1.0E+10	1E-30	1.0E+10	1.0E+10
52	5.04E-14	1E-30	1.0E-10	1.0E+10	0.0000000132	0.053	1.0E+10	1E-30	22800	1.0E+10	0.000000233	45.2	1.0E+10	0.000000584	1190	6.62E-17	0.00000247	281	1E-30	1.0E+10	1.0E+10	1E-30	1.0E+10	1.0E+10	1E-30	1.0E+10	1.0E+10	1E-30	1.0E+10	1.0E+10	1E-30	1.0E+10	1.0E+10	1E-30	1.0E+10	1.0E+10	1E-30	1.0E+10	1.0E+10	1E-30	1.0E+10	1.0E+10	1E-30	1.0E+10	1.0E+10	1E-30	1.0E+10	1.0E+10
53	1.83E-14	1E-30	1.0E-10	1.0E+10	0.0000000151	0.062	1.0E+10	1E-30	22800	1.0E+10	0.000000387	98.7	1.0E+10	0.000000774	1110	4.91E-17	0.00000247	281	1E-30	1.0E+10	1.0E+10	1E-30	1.0E+10	1.0E+10	1E-30	1.0E+10	1.0E+10	1E-30	1.0E+10	1.0E+10	1E-30	1.0E+10	1.0E+10	1E-30	1.0E+10	1.0E+10	1E-30	1.0E+10	1.0E+10	1E-30	1.0E+10	1.0E+10	1E-30	1.0E+10	1.0E+10	1E-30	1.0E+10	1.0E+10
54	1.83E-14	1E-30	1.0E-10	1.0E+10	0.0000000151	0.062	1.0E+10	1E-30	22800	1.0E+10	0.000000387	98.7	1.0E+10	0.000000774	1110	4.91E-17	0.00000247	281	1E-30	1.0E+10	1.0E+10	1E-30	1.0E+10	1.0E+10	1E-30	1.0E+10	1.0E+10	1E-30	1.0E+10	1.0E+10	1E-30	1.0E+10	1.0E+10	1E-30	1.0E+10	1.0E+10	1E-30	1.0E+10	1.0E+10	1E-30	1.0E+10	1.0E+10	1E-30	1.0E+10	1.0E+10	1E-30	1.0E+10	1.0E+10
55	3.74E-14	1E-30	1.0E-10	1.0E+10	0.0000000162	0.062	1.0E+10	1E-30	22800	1.0E+10	0.000000434	98.7	1.0E+10	0.000000756	1110	1.15E-16	0.00000247	281	1.59E-15	0.0000000843	365	1E-30	1.0E+10	1.0E+10	1E-30	1.0E+10	1.0E+10	1E-30	1.0E+10	1.0E+10	1E-30	1.0E+10	1.0E+10	1E-30	1.0E+10	1.0E+10	1E-30	1.0E+10	1.0E+10	1E-30	1.0E+10	1.0E+10	1E-30	1.0E+10	1.0E+10	1E-30	1.0E+10	1.0E+10
56	3.74E-14	1E-30	1.0E-10	1.0E+10	0.0000000162	0.062	1.0E+10	1E-30	22800	1.0E+10	0.000000434	98.7	1.0E+10	0.000000756	1110	1.15E-16	0.00000247	281	1.59E-15	0.0000000843	365	1E-30	1.0E+10	1.0E+10	1E-30	1.0E+10	1.0E+10	1E-30	1.0E+10	1.0E+10	1E-30	1.0E+10	1.0E+10	1E-30	1.0E+10	1.0E+10	1E-30	1.0E+10	1.0E+10	1E-30	1.0E+10	1.0E+10	1E-30	1.0E+10	1.0E+10	1E-30	1.0E+10	1.0E+10
57	5.41E-14	1E-30	1.0E-10	1.0E+10	0.0000000174	0.0664	1.0E+10	1E-30	22800	1.0E+10	0.000000414	98.7	1.0E+10	0.000000739	1110	8.53E-17	0.00000247	281	1.18E-15	0.0000000843	365	1E-30	1.0E+10	1.0E+10	1E-30	1.0E+10	1.0E+10	1E-30	1.0E+10	1.0E+10	1E-30	1.0E+10	1.0E+10	1E-30	1.0E+10	1.0E+10	1E-30	1.0E+10	1.0E+10	1E-30	1.0E+10	1.0E+10	1E-30	1.0E+10	1.0E+10	1E-30	1.0E+10	1.0E+10
58	5.41E-14	1E-30	1.0E-10	1.0E+10	0.0000000174	0.0664	1.0E+10	1E-30	22800	1.0E+10	0.000000414	98.7	1.0E+10	0.000000739	1110	8.53E-17	0.00000247	281	1.18E-15	0.0000000843	365	1E-30	1.0E+10	1.0E+10	1E-30	1.0E+10	1.0E+10	1E-30	1.0E+10	1.0E+10	1E-30	1.0E+10	1.0E+10	1E-30	1.0E+10	1.0E+10	1E-30	1.0E+10	1.0E+10	1E-30	1.0E+10	1.0E+10	1E-30	1.0E+10	1.0E+10	1E-30	1.0E+10	1.0E+10
59	0.000000000000041	1E-30	1.0E-10	1.0E+10	0.0000000182	0.062	1.0E+10	1E-30	22800	1.0E+10	0.000000449	128	1.0E+10	0.00000109	2100	1.45E-16	0.00000247	281	1.29E-15	0.0000000843	365	1E-30	1.0E+10	1.0E+10	1E-30	1.0E+10	1.0E+10	1E-30	1.0E+10	1.0E+10	1E-30	1.0E+10	1.0E+10	1E-30	1.0E+10	1.0E+10	1E-30	1.0E+10	1.0E+10	1E-30	1.0E+10	1.0E+10	1E-30	1.0E+10	1.0E+10	1E-30	1.0E+10	1.0E+10
60	0.000000000000041	1E-30	1.0E-10	1.0E+10	0.0000000182	0.062	1.0E+10	1E-30	22800	1.0E+10	0.000000449	128	1.0E+10	0.00000109	2100	1.45E-16	0.00000247	281	1.29E-15	0.0000000843	365	1E-30	1.0E+10	1.0E+10	1E-30	1.0E+10	1.0E+10	1E-30	1.0E+10	1.0E+10	1E-30	1.0E+10	1.0E+10	1E-30	1.0E+10	1.0E+10	1E-30	1.0E+10	1.0E+10	1E-30	1.0E+10	1.0E+10	1E-30	1.0E+10	1.0E+10	1E-30	1.0E+10	1.0E+10
61	0.000000000000065	1E-30	1.0E-10	1.0E+10	0.0000000195	0.062	1.0E+10	1E-30	22800	1.0E+10	0.000000351	49.5	1.0E+10	0.000000784	897	1.05E-16	0.00000247	281	1.07E-15	0.0000000843	365	1E-30	1.0E+10	1.0E+10	1E-30	1.0E+10	1.0E+10	1E-30	1.0E+10	1.0E+10	1E-30	1.0E+10	1.0E+10	1E-30	1.0E+10	1.0E+10	1E-30	1.0E+10	1.0E+10	1E-30	1.0E+10	1.0E+10	1E-30	1.0E+10	1.0E+10	1E-30	1.0E+10	1.0E+10
62	0.000000000000065	1E-30	1.0E-10	1.0E+10	0.0000000195	0.062	1.0E+10	1E-30	22800	1.0E+10	0.000000351	49.5	1.0E+10	0.000000784	897	1.05E-16	0.00000247	281	1.07E-15	0.0000000843	365	1E-30	1.0E+10	1.0E+10	1E-30	1.0E+10	1.0E+10	1E-30	1.0E+10	1.0E+10	1E-30	1.0E+10	1.0E+10	1E-30	1.0E+10	1.0E+10	1E-30	1.0E+10	1.0E+10	1E-30	1.0E+10	1.0E+10	1E-30	1.0E+10	1.0E+10	1E-30	1.0E+10	1.0E+10
63	4.82E-14	1E-30	1.0E-10	1.0E+10	0.0000000229	0.071	1.0E+10	1E-30	22800	1.0E+10	0.000000443	71.1	1.0E+10	0.00000104	1520	1.55E-16	0.00000247	281	1.45E-15	0.0000000843	365	1E-30	1.0E+10	1.0E+10	1E-30	1.0E+10	1.0E+10	1E-30	1.0E+10	1.0E+10	1E-30	1.0E+10	1.0E+10	1E-30	1.0E+10	1.0E+10	1E-30	1.0E+10	1.0E+10	1E-30	1.0E+10	1.0E+10	1E-30	1.0E+10	1.0E+10	1E-30	1.0E+10	1.0E+10
64	4.82E-14	1E-30	1.0E-10	1.0E+10	0.0000000229	0.071	1.0E+10	1E-30	22800	1.0E+10	0.000000443	71.1	1.0E+10	0.00000104	1520	1.55E-16	0.00000247	281	1.45E-15	0.0000000843	365	1E-30	1.0E+10	1.0E+10	1E-30	1.0E+10	1.0E+10	1E-30	1.0E+10	1.0E+10	1E-30	1.0E+10	1.0E+10	1E-30	1.0E+10	1.0E+10	1E-30	1.0E+10	1.0E+10	1E-30	1.0E+10	1.0E+10	1E-30	1.0E+10	1.0E+10	1E-30	1.0E+10	1.0E+10
65	5.16E-14	1E-30	1.0E-10	1.0E+10	0.000000024	0.071	1.0E+10	1E-30	22800	1.0E+10	0.000000458	79.6	1.0E+10	0.00000121	1590	1.41E-16	0.00000247	281	1.45E-15	0.0000000843	365	1E-30	1.0E+10	1.0E+10	1E-30	1.0E+10	1.0E+10	1E-30	1.0E+10	1.0E+10	1E-30	1.0E+10	1.0E+10	1E-30	1.0E+10	1.0E+10	1E-30	1.0E+10	1.0E+10	1E-30	1.0E+10	1.0E+10	1E-30	1.0E+10	1.0E+10	1E-30	1.0E+10	1.0E+10
66	5.16E-14	1E-30	1.0E-10	1.0E+10	0.000000024	0.071	1.0E+10	1E-30	22800	1.0E+10	0.000000458	79.6	1.0E+10	0.00000121	1590	1.41E-16	0.00000247	281	1.45E-15	0.0000000843	365	1E-30	1.0E+10	1.0E+10	1E-30	1.0E+10	1.0E+10	1E-30	1.0E+10	1.0E+10	1E-30	1.0E+10	1.0E+10	1E-30	1.0E+10	1.0E+10	1E-30	1.0E+10	1.0E+10	1E-30	1.0E+10	1.0E+10	1E-30	1.0E+10	1.0E+10	1E-30	1.0E+10	1.0E+10
67	6.35E-14	1E-30	1.0E-10	1.0E+10	0.0000000251	0.071	1.0E+10	1E-30	22800	1.0E+10	0.000000437	79.6	1.0E+10	0.0000011	1590	1.44E-16	0.00000247	281	1.55E-15	0.0000000843	365	1E-30	1.0E+10	1.0E+10	1E-30	1.0E+10	1.0E+10	1E-30	1.0E+10	1.0E+10	1E-30	1.0E+10	1.0E+10	1E-30	1.0E+10	1.0E+10	1E-30	1.0E+10	1.0E+10	1E-30	1.0E+10	1.0E+10	1E-30	1.0E+10	1.0E+10	1E-30	1.0E+10	1.0E+10
68	6.35E-14	1E-30	1.0E-10	1.0E+10	0.0000000251	0.071	1.0E+10	1E-30	22800	1.0E+10	0.000000437	79.6	1.0E+10	0.0000011	1590	1.44E-16	0.00000247	281	1.55E-15	0.0000000843	365	1E-30	1.0E+10	1.0E+10	1E-30	1.0E+10	1.0E+10	1E-30	1.0E+10	1.0E+10	1E-30	1.0E+10	1.0E+10	1E-30	1.0E+10	1.0E+10	1E-30	1.0E+10	1.0E+10	1E-30	1.0E+10	1.0E+10	1E-30	1.0E+10	1.0E+10	1E-30	1.0E+10	1.0E+10
69	0.000000000000041	1E-30	1.0E-10	1.0E+10	0.0000000263	0.081	1.0E+10	1E-30	22800	1.0E+10	0.000000437	79.6	1.0E+10	0.00000123	1590	2.13E-16	0.00000247	281	2.04E-15	0.0000000843	365	1E-30	1.0E+10	1.0E+10	1E-30	1.0E+10	1.0E+10	1E-30	1.0E+10	1.0E+10	1E-30	1.0E+10	1.0E+10	1E-30	1.0E+10	1.0E+10	1E-30	1.0E+10	1.0E+10	1E-30	1.0E+10	1.0E+10	1E-30	1.0E+10	1.0E+10	1E-30	1.0E+10	1.0E+10
70	0.000000000000041	1E-30	1.0E-10	1.0E+10	0.0000000263	0.081	1.0E+10	1E-30	22800	1.0E+10	0.000000437	79.6	1.0E+10	0.00000123	1590	2.13E-16	0.00000247	281	2.04E-15	0.0000000843	365	1E-30	1.0E+10	1.0E+10	1E-30	1.0E+10	1.0E+10	1E-30	1.0E+10	1.0E+10	1E-30	1.0E+10	1.0E+10	1E-30	1.0E+10	1.0E+10	1E-30	1.0E+10	1.0E+10	1E-30	1.0E+10	1.0E+10	1E-30	1.0E+10	1.0E+10	1E-30	1.0E+10	1.0E+10
71	5.04E-14	1E-30	1.0E-10	1.0E+10	0.0000000275	0.081	1.0E+10	1E-30	22800	1.0E+10	0.000000458	79.6	1.0E+10	0.00000135	1590	2.28E-16	0.00000247	281	2.24E-15	0.0000000843	365	1E-30	1.0E+10	1.0E+10	1E-30	1.0E+10	1.0E+10	1E-30	1.0E+10	1.0E+10	1E-30	1.0E+10	1.0E+10	1E-30	1.0E+10	1.0E+10	1E-30	1.0E+10	1.0E+10	1E-30	1.0E+10	1.0E+10	1E-30	1.0E+10	1.0E+10	1E-30	1.0E+10	1.0E+10
72	5.04E-14	1E-30	1.0E-10	1.0E+10	0.0000000275	0.081	1.0E+10	1E-30	22800	1.0E+10	0.000000458	79.6	1.0E+10	0.00000135	1590	2.28E-16	0.00000247	281	2.24E-15	0.0000000843	365	1E-30	1.0E+10	1.0E+10	1E-30	1.0E+10	1.0E+10	1E-30	1.0E+10	1.0E+10	1E-30	1.0E+10	1.0E+10	1E-30	1.0E+10	1.0E+10	1E-30	1.0E+10	1.0E+10	1E-30	1.0E+10	1.0E+10	1E-30	1.0E+10	1.0E+10	1E-30	1.0E+10	1.0E+10
73	5.16E-14	1E-30	1.0E-10	1.0E+10	0.0000000295	0.081	1.0E+10	1E-30	22800	1.0E+10	0.00000048	79.6	1.0E+10	0.00000126	1590	1.85E-16	0.00000247	281	2.24E-15	0.0000000843	365	1E-30	1.0E+10	1.0E+10	1E-30	1.0E+10	1.0E+10	1E-30	1.0E+10	1.0E+10	1E-30	1.0E+10	1.0E+10	1E-30	1.0E+10	1.0E+10	1E-30	1.0E+10	1.0E+10	1E-30	1.0E+10	1.0E+10	1E-30	1.0E+10	1.0E+10	1E-30	1.0E+10	1.0E+10
74	5.16E-14	1E-30	1.0E-10	1.0E+10	0.0000000295	0.081	1.0E+10	1E-30	22800	1.0E+10	0.00000048	79.6	1.0E+10	0.00000126	1590	1.85E-16	0.00000247	281	2.24E-15	0.0000000843	365	1E-30	1.0E+10	1.0E+10	1E-30	1.0E+10	1.0E+10	1E-30	1.0E+10	1.0E+10	1E-30	1.0E+10	1.0E+10	1E-30	1.0E+10	1.0E+10	1E-30	1.0E+10	1.0E+10	1E-30	1.0E+10	1.0E+10	1E-30	1.0E+10	1.0E+10	1E-30	1.0E+10	1.0E+10
75	6.64E-14	1E-30	1.0E-10	1.0E+10	0.0000000316	0.1	1.0E+10	1E-30	22800	1.0E+10	0.000000502	79.6	1.0E+10	0.00000145	1590	2.28E-16	0.00000247	281	2.24E-15	0.0000000843	365	1E-30	1.0E+10	1.0E+10	1E-30	1.0E+10	1.0E+10	1E-30	1.0E+10	1.0E+10	1E-30	1.0E+10	1.0E+10	1E-30	1.0E+10	1.0E+10	1E-30	1.0E+10	1.0E+10	1E-30	1.0E+10	1.0E+10	1E-30	1.0E+10	1.0E+10	1E-30	1.0E+10	1.0E+10
76	6.64E-14	1E-30	1.0E-10	1.0E+10	0.0000000316	0.1	1.0E+10	1E-30	22800	1.0E+10	0.000000502	79.6	1.0E+10	0.00000145	1590	2.28E-16	0.00000247	281	2.24E-15	0.0000000843	365	1E-30	1.0E+10	1.0E+10	1E-30	1.0E+10	1.0E+10	1E-30	1.0E+10	1.0E+10	1E-30	1.0E+10	1.0E+10	1E-30	1.0E+10	1.0E+10	1E-30	1.0E+10	1.0E+10	1E-30	1.0E+10	1.0E+10	1E-30	1.0E+10	1.0E+10	1E-30	1.0E+10	1.0E+10
77	4.09E-14	1E-30	1.0E-10	1.0E+10	0.0000000323	0.091	1.0E+10	1E-30	22800	1.0E+10	0.000000502	79.6	1.0E+10	0.00000178	1590	2.13E-16	0.00000247	281	2.57E-15	0.0000000843	365	1E-30	1.0E+10	1.0E+10	1E-30	1.0E+10	1.0E+10	1E-30	1.0E+10	1.0E+10	1E-30	1.0E+10	1.0E+10	1E-30	1.0E+10	1.0E+10	1E-30	1.0E+10	1.0E+10	1E-30	1.0E+10	1.0E+10	1E-30	1.0E+10	1.0E+10	1E-30	1.0E+10	1.0E+10
78	4.09E-14	1E-30	1.0E-10	1.0E+10	0.0000000323	0.091	1.0E+10	1E-30	22800	1.0E+10	0.000000502	79.6	1.0E+10	0.00000178	1590	2.13E-16	0.00000247	281	2.57E-15	0.0000000843	365	1E-30	1.0E+10	1.0E+10	1E-30	1.0E+10	1.0E+10	1E-30	1.0E+10	1.0E+10	1E-30	1.0E+10	1.0E+10	1E-30	1.0E+10	1.0E+10	1E-30	1.0E+10	1.0E+10	1E-30	1.0E+10	1.0E+10	1E-30	1.0E+10	1.0E+10	1E-30	1.0E+10	1.0E+10
79	4.49E-14	1E-30	1.0E-10	1.0E+10	0.0000000346	0.091	1.0E+10	1E-30	22800	1.0E+10	0.00000055	79.6	1.0E+10	0.00000163	1590	2.68E-16	0.00000247	281	2.51E-15	0.0000000843	365	1E-30	1.0E+10	1.0E+10	1E-30	1.0E+10	1.0E+10	1E-30	1.0E+10	1.0E+10	1E-30	1.0E+10	1.0E+10	1E-30	1.0E+10	1.0E+10	1E-30	1.0E+10	1.0E+10	1E-30	1.0E+10	1.0E+10	1E-30	1.0E+10	1.0E+10	1E-30	1.0E+10	1.0E+10
80	4.49E-14	1E-30	1.0E-10	1.0E+10	0.0000000346	0.091	1.0E+10	1E-30	22800	1.0E+10	0.00000055	79.6	1.0E+10	0.00000163	1590	2.68E-16	0.00000247	281	2.51E-15	0.0000000843	365	1E-30	1.0E+10	1.0E+10	1E-30	1.0E+10	1.0E+10	1E-30	1.0E+10	1.0E+10	1E-30	1.0E+10	1.0E+10	1E-30	1.0E+10	1.0E+10	1E-30	1.0E+10	1.0E+10	1E-30	1.0E+10	1.0E+10	1E-30	1.0E+10	1.0E+10	1E-30	1.0E+10	1.0E+10
81	5.16E-14	1E-30	1.0E-10	1.0E+10	0.0000000354	0.12	1.0E+10	1E-30	22800	1.0E+10	0.00000055	79.6	1.0E+10	0.00000163	1590	2.03E-16	0.00000247	281	3.09E-15	0.0000000843	365	1E-30	1.0E+10	1.0E+10	1E-30	1.0E+10	1.0E+10	1E-30	1.0E+10	1.0E+10	1E-30	1.0E+10	1.0E+10	1E-30	1.0E+10	1.0E+10	1E-30	1.0E+10	1.0E+10	1E-30	1.0E+10	1.0E+10	1E-30	1.0E+10	1.0E+10	1E-30	1.0E+10	1.0E+10
82	5.16E-14	1E-30	1.0E-10	1.0E+10	0.0000000354	0.12	1.0E+10	1E-30	22800	1.0E+10	0.00000055	79.6	1.0E+10	0.00000163	1590	2.03E-16	0.00000247	281	3.09E-15	0.0000000843	365	1E-30	1.0E+10	1.0E+10	1E-30	1.0E+10	1.0E+10	1E-30	1.0E+10	1.0E+10	1E-30	1.0E+10	1.0E+10	1E-30	1.0E+10	1.0E+10	1E-30	1.0E+10	1.0E+10	1E-30	1.0E+10	1.0E+10	1E-30	1.0E+10	1.0E+10	1E-30	1.0E+10	1.0E+10
83	5.65E-14	1E-30	1.0E-10	1.0E+10	0.0000000379	0.16	1.0E+10	1E-30	22800	1.0E+10	0.000000631	79.6	1.0E+10	0.00000171	1590	1.99E-16	0.00000247	281	2.29E-15	0.0000000843	183	1E-30	1.0E+10	1.0E+10	1E-30	1.0E+10	1.0E+10	1E-30	1.0E+10	1.0E+10	1E-30	1.0E+10	1.0E+10	1E-30	1.0E+10	1.0E+10	1E-30	1.0E+10	1.0E+10	1E-30	1.0E+10	1.0E+10	1E-30	1.0E+10	1.0E+10	1E-30	1.0E+10	1.0E+10
84	5.65E-14	1E-30	1.0E-10	1.0E+10	0.0000000379	0.16	1.0E+10	1E-30	22800	1.0E+10	0.000000631	79.6	1.0E+10	0.00000171	1590	1.99E-16	0.00000247	281	2.29E-15	0.0000000843	183	1E-30	1.0E+10	1.0E+10	1E-30	1.0E+10	1.0E+10	1E-30	1.0E+10	1.0E+10	1E-30	1.0E+10	1.0E+10	1E-30	1.0E+10	1.0E+10	1E-30	1.0E+10	1.0E+10	1E-30	1.0E+10	1.0E+10	1E-30	1.0E+10	1.0E+10	1E-30	1.0E+10	1.0E+10
85	5.52E-14	1E-30	1.0E-10	1.0E+10	0.0000000388	0.16	1.0E+10	1E-30	22800	1.0E+10	0.000000589	79.6	1.0E+10	0.00000171	1590	2.18E-16	0.00000247	281	2.29E-15	0.0000000843	183	1E-30	1.0E+10	1.0E+10	1E-30	1.0E+10	1.0E+10	1E-30	1.0E+10	1.0E+10	1E-30	1.0E+10	1.0E+10	1E-30	1.0E+10	1.0E+10	1E-30	1.0E+10	1.0E+10	1E-30	1.0E+10	1.0E+10	1E-30	1.0E+10	1.0E+10	1E-30	1.0E+10	1.0E+10
86	5.52E-14	1E-30	1.0E-10	1.0E+10	0.0000000388	0.16	1.0E+10	1E-30	22800	1.0E+10	0.000000589	79.6	1.0E+10	0.00000171	1590	2.18E-16	0.00000247	281	2.29E-15	0.0000000843	183	1E-30	1.0E+10	1.0E+10	1E-30	1.0E+10	1.0E+10	1E-30	1.0E+10	1.0E+10	1E-30	1.0E+10	1.0E+10	1E-30	1.0E+10	1.0E+10	1E-30	1.0E+10	1.0E+10	1E-30	1.0E+10	1.0E+10	1E-30	1.0E+10	1.0E+10	1E-30	1.0E+10	1.0E+10
87	0.000000000000031	1E-30	1.0E-10	1.0E+10	0.0000000416	0.13	1.0E+10	1E-30	22800	1.0E+10	0.000000631	79.6	1.0E+10	0.00000192	1590	5.23E-17	0.00000247	281	1.07E-15	0.0000000843	183	1E-30	1.0E+10	1.0E+10	1E-30	1.0E+10	1.0E+10	1E-30	1.0E+10	1.0E+10	1E-30	1.0E+10	1.0E+10	1E-30	1.0E+10	1.0E+10	1E-30	1.0E+10	1.0E+10	1E-30	1.0E+10	1.0E+10	1E-30	1.0E+10	1.0E+10	1E-30	1.0E+10	1.0E+10
88	0.000000000000031	1E-30	1.0E-10	1.0E+10	0.0000000416	0.13	1.0E+10	1E-30	22800	1.0E+10	0.000000631	79.6	1.0E+10	0.00000192	1590	5.23E-17	0.00000247	281	1.07E-15	0.0000000843	183	1E-30	1.0E+10	1.0E+10	1E-30	1.0E+10	1.0E+10	1E-30	1.0E+10	1.0E+10	1E-30	1.0E+10	1.0E+10	1E-30	1.0E+10	1.0E+10	1E-30	1.0E+10	1.0E+10	1E-30	1.0E+10	1.0E+10	1E-30	1.0E+10	1.0E+10	1E-30	1.0E+10	1.0E+10
89	5.26E-14	1E-30	1.0E-10	1.0E+10	0.0000000436	0.13	1.0E+10	1E-30	22800	1.0E+10	0.000000617	79.6	1.0E+10	0.00000192	1590	3.08E-16	0.00000247	281	2.95E-15	0.0000000843	183	1E-30	1.0E+10	1.0E+10	1E-30	1.0E+10	1.0E+10	1E-30	1.0E+10	1.0E+10	1E-30	1.0E+10	1.0E+10	1E-30	1.0E+10	1.0E+10	1E-30	1.0E+10	1.0E+10	1E-30	1.0E+10	1.0E+10	1E-30	1.0E+10	1.0E+10	1E-30	1.0E+10	1.0E+10
90	5.26E-14	1E-30	1.0E-10	1.0E+10	0.0000000436	0.13	1.0E+10	1E-30	22800	1.0E+10	0.000000617	79.6	1.0E+10	0.00000192	1590	3.08E-16	0.00000247	281	2.95E-15	0.0000000843	183	1E-30	1.0E+10	1.0E+10	1E-30	1.0E+10	1.0E+10	1E-30	1.0E+10	1.0E+10	1E-30	1.0E+10	1.0E+10	1E-30	1.0E+10	1.0E+10	1E-30	1.0E+10	1.0E+10	1E-30	1.0E+10	1.0E+10	1E-30	1.0E+10	1.0E+10	1E-30	1.0E+10	1.0E+10
91	0.000000000000048	1E-30	1.0E-10	1.0E+10	0.0000000456	0.17	1.0E+10	1E-30	22800	1.0E+10	0.000000692	79.6	1.0E+10	0.00000192	1590	2.62E-16	0.00000247	281	2.75E-15	0.0000000843	183	1E-30	1.0E+10	1.0E+10	1E-30	1.0E+10	1.0E+10	1E-30	1.0E+10	1.0E+10	1E-30	1.0E+10	1.0E+10	1E-30	1.0E+10	1.0E+10	1E-30	1.0E+10	1.0E+10	1E-30	1.0E+10	1.0E+10	1E-30	1.0E+10	1.0E+10	1E-30	1.0E+10	1.0E+10
92	0.000000000000048	1E-30	1.0E-10	1.0E+10	0.0000000456	0.17	1.0E+10	1E-30	22800	1.0E+10	0.000000692	79.6	1.0E+10	0.00000192	1590	2.62E-16	0.00000247	281	2.75E-15	0.0000000843	183	1E-30	1.0E+10	1.0E+10	1E-30	1.0E+10	1.0E+10	1E-30	1.0E+10	1.0E+10	1E-30	1.0E+10	1.0E+10	1E-30	1.0E+10	1.0E+10	1E-30	1.0E+10	1.0E+10	1E-30	1.0E+10	1.0E+10	1E-30	1.0E+10	1.0E+10	1E-30	1.0E+10	1.0E+10
93	5.03E-14	1E-30	1.0E-10	1.0E+10	0.0000000467	0.17	1.0E+10	1E-30	22800	1.0E+10	0.000000661	79.6	1.0E+10	0.00000192	1590	2.87E-16	0.00000247	281	2.88E-15	0.0000000843	183	1E-30	1.0E+10	1.0E+10	1E-30	1.0E+10	1.0E+10	1E-30	1.0E+10	1.0E+10	1E-30	1.0E+10	1.0E+10	1E-30	1.0E+10	1.0E+10	1E-30	1.0E+10	1.0E+10	1E-30	1.0E+10	1.0E+10	1E-30	1.0E+10	1.0E+10	1E-30	1.0E+10	1.0E+10
94	5.03E-14	1E-30	1.0E-10	1.0E+10	0.0000000467	0.17	1.0E+10	1E-30	22800	1.0E+10	0.000000661	79.6	1.0E+10	0.00000192	1590	2.87E-16	0.00000247	281	2.88E-15	0.0000000843	183	1E-30	1.0E+10	1.0E+10	1E-30	1.0E+10	1.0E+10	1E-30	1.0E+10	1.0E+10	1E-30	1.0E+10	1.0E+10	1E-30	1.0E+10	1.0E+10	1E-30	1.0E+10	1.0E+10	1E-30	1.0E+10	1.0E+10	1E-30	1.0E+10	1.0E+10	1E-30	1.0E+10	1.0E+10
95	4.48E-14	1E-30	1.0E-10	1.0E+10	0.00000005	0.19	1.0E+10	1E-30	22800	1.0E+10	0.000000708	79.6	1.0E+10	0.00000206	1590	2.74E-16	0.00000247	281	3.71E-15	0.0000000843	183	2.23E-16	0.000000465	578	1E-30	1.0E+10	1.0E+10	1E-30	1.0E+10	1.0E+10	1E-30	1.0E+10	1.0E+10	1E-30	1.0E+10	1.0E+10	1E-30	1.0E+10	1.0E+10	1E-30	1.0E+10	1.0E+10	1E-30	1.0E+10	1.0E+10	1E-30	1.0E+10	1.0E+10
96	4.48E-14	1E-30	1.0E-10	1.0E+10	0.00000005	0.19	1.0E+10	1E-30	22800	1.0E+10	0.000000708	79.6	1.0E+10	0.00000206	1590	2.74E-16	0.00000247	281	3.71E-15	0.0000000843	183	2.23E-16	0.000000465	578	1E-30	1.0E+10	1.0E+10	1E-30	1.0E+10	1.0E+10	1E-30	1.0E+10	1.0E+10	1E-30	1.0E+10	1.0E+10	1E-30	1.0E+10	1.0E+10	1E-30	1.0E+10	1.0E+10	1E-30	1.0E+10	1.0E+10	1E-30	1.0E+10	1.0E+10
97	4.18E-14	1E-30	1.0E-10	1.0E+10	0.0000000512	0.19	1.0E+10	1E-30	22800	1.0E+10	0.000000741	79.6	1.0E+10	0.00000201	1590	3.22E-16	0.00000247	281	4.56E-15	0.0000000843	183	2.23E-16	0.000000465	578	1E-30	1.0E+10	1.0E+10	1E-30	1.0E+10	1.0E+10	1E-30	1.0E+10	1.0E+10	1E-30	1.0E+10	1.0E+10	1E-30	1.0E+10	1.0E+10	1E-30	1.0E+10	1.0E+10	1E-30	1.0E+10	1.0E+10	1E-30	1.0E+10	1.0E+10
98	4.18E-14	1E-30	1.0E-10	1.0E+10	0.0000000512	0.19	1.0E+10	1E-30	22800	1.0E+10	0.000000741	79.6	1.0E+10	0.00000201	1590	3.22E-16	0.00000247	281	4.56E-15	0.0000000843	183	2.23E-16	0.000000465	578	1E-30	1.0E+10	1.0E+10	1E-30	1.0E+10	1.0E+10	1E-30	1.0E+10	1.0E+10	1E-30	1.0E+10	1.0E+10	1E-30	1.0E+10	1.0E+10	1E-30	1.0E+10	1.0E+10	1E-30	1.0E+10	1.0E+10	1E-30	1.0E+10	1.0E+10
99	4.69E-14	1E-30	1.0E-10	1.0E+10	0.0000000536	0.19	1.0E+10	1E-30	22800	1.0E+10	0.000000741	79.6	1.0E+10	0.00000221	1590	3E-16	0.00000247	281	4.67E-15	0.0000000843	183	2.28E-16	0.000000465	578	1E-30	1.0E+10	1.0E+10	1E-30	1.0E+10	1.0E+10	1E-30	1.0E+10	1.0E+10	1E-30	1.0E+10	1.0E+10	1E-30	1.0E+10	1.0E+10	1E-30	1.0E+10	1.0E+10	1E-30	1.0E+10	1.0E+10	1E-30	1.0E+10	1.0E+10
100	4.69E-14	1E-30	1.0E-10	1.0E+10	0.0000000536	0.19	1.0E+10	1E-30	22800	1.0E+10	0.000000741	79.6	1.0E+10	0.00000221	1590	3E-16	0.00000247	281	4.67E-15	0.0000000843	183	2.28E-16	0.000000465	578	1E-30	1.0E+10	1.0E+10	1E-30	1.0E+10	1.0E+10	1E-30	1.0E+10	1.0E+10	1E-30	1.0E+10	1.0E+10	1E-30	1.0E+10	1.0E+10	1E-30	1.0E+10	1.0E+10	1E-30	1.0E+10	1.0E+10	1E-30	1.0E+10	1.0E+10
101	0.000000000000048	1E-30	1.0E-10	1.0E+10	0.0000000561	0.22	1.0E+10	1E-30	22800	1.0E+10	0.000000831	79.6	1.0E+10	0.00000197	1590	3.52E-16	0.00000247	281	3.8E-15	0.0000000843	183	2.33E-16	0.000000465	578	1E-30	1.0E+10	1.0E+10	1E-30	1.0E+10	1.0E+10	1E-30	1.0E+10	1.0E+10	1E-30	1.0E+10	1.0E+10	1E-30	1.0E+10	1.0E+10	1E-30	1.0E+10	1.0E+10	1E-30	1.0E+10	1.0E+10	1E-30	1.0E+10	1.0E+10
102	0.000000000000048	1E-30	1.0E-10	1.0E+10	0.0000000561	0.22	1.0E+10	1E-30	22800	1.0E+10	0.000000831	79.6	1.0E+10	0.00000197	1590	3.52E-16	0.00000247	281	3.8E-15	0.0000000843	183	2.33E-16	0.000000465	578	1E-30	1.0E+10	1.0E+10	1E-30	1.0E+10	1.0E+10	1E-30	1.0E+10	1.0E+10	1E-30	1.0E+10	1.0E+10	1E-30	1.0E+10	1.0E+10	1E-30	1.0E+10	1.0E+10	1E-30	1.0E+10	1.0E+10	1E-30	1.0E+10	1.0E+10
103	4.28E-14	1E-30	1.0E-10	1.0E+10	0.0000000601	0.21	1.0E+10	1E-30	22800	1.0E+10	0.000000831	79.6	1.0E+10	0.00000254	1590	3.78E-16	0.00000247	281	4.89E-15	0.0000000843	183	2.44E-16	0.000000465	578	1E-30	1.0E+10	1.0E+10	1E-30	1.0E+10	1.0E+10	1E-30	1.0E+10	1.0E+10	1E-30	1.0E+10	1.0E+10	1E-30	1.0E+10	1.0E+10	1E-30	1.0E+10	1.0E+10	1E-30	1.0E+10	1.0E+10	1E-30	1.0E+10	1.0E+10
104	4.28E-14	1E-30	1.0E-10	1.0E+10	0.0000000601	0.21	1.0E+10	1E-30	22800	1.0E+10	0.000000831	79.6	1.0E+10	0.00000254	1590	3.78E-16	0.00000247	281	4.89E-15	0.0000000843	183	2.44E-16	0.000000465	578	1E-30	1.0E+10	1.0E+10	1E-30	1.0E+10	1.0E+10	1E-30	1.0E+10	1.0E+10	1E-30	1.0E+10	1.0E+10	1E-30	1.0E+10	1.0E+10	1E-30	1.0E+10	1.0E+10	1E-30	1.0E+10	1.0E+10	1E-30	1.0E+10	1.0E+10
105	4.38E-14	1E-30	1.0E-10	1.0E+10	0.0000000629	0.25	1.0E+10	1E-30	22800	1.0E+10	0.00000089	79.6	1.0E+10	0.00000211	1590	3.96E-16	0.00000247	281	4.46E-15	0.0000000843	183	2.74E-16	0.000000465	578	1E-30	1.0E+10	1.0E+10	1E-30	1.0E+10	1.0E+10	1E-30	1.0E+10	1.0E+10	1E-30	1.0E+10	1.0E+10	1E-30	1.0E+10	1.0E+10	1E-30	1.0E+10	1.0E+10	1E-30	1.0E+10	1.0E+10	1E-30	1.0E+10	1.0E+10
106	4.38E-14	1E-30	1.0E-10	1.0E+10	0.0000000629	0.25	1.0E+10	1E-30	22800	1.0E+10	0.00000089	79.6	1.0E+10	0.00000211	1590	3.96E-16	0.00000247	281	4.46E-15	0.0000000843	183	2.74E-16	0.000000465	578	1E-30	1.0E+10	1.0E+10	1E-30	1.0E+10	1.0E+10	1E-30	1.0E+10	1.0E+10	1E-30	1.0E+10	1.0E+10	1E-30	1.0E+10	1.0E+10	1E-30	1.0E+10	1.0E+10	1E-30	1.0E+10	1.0E+10	1E-30	1.0E+10	1.0E+10
107	4.18E-14	1E-30	1.0E-10	1.0E+10	0.0000000739	0.31	1.0E+10	1E-30	22800	1.0E+10	0.00000102	79.6	1.0E+10	0.00000279	1590	4.54E-16	0.00000247	281	6.3E-15	0.0000000843	183	3E-16	0.000000465	578	1E-30	1.0E+10	1.0E+10	1E-30	1.0E+10	1.0E+10	1E-30	1.0E+10	1.0E+10	1E-30	1.0E+10	1.0E+10	1E-30	1.0E+10	1.0E+10	1E-30	1.0E+10	1.0E+10	1E-30	1.0E+10	1.0E+10	1E-30	1.0E+10	1.0E+10
108	4.18E-14	1E-30	1.0E-10	1.0E+10	0.0000000739	0.31	1.0E+10	1E-30	22800	1.0E+10	0.00000102	79.6	1.0E+10	0.00000279	1590	4.54E-16	0.00000247	281	6.3E-15	0.0000000843	183	3E-16	0.000000465	578	1E-30	1.0E+10	1.0E+10	1E-30	1.0E+10	1.0E+10	1E-30	1.0E+10	1.0E+10	1E-30	1.0E+10	1.0E+10	1E-30	1.0E+10	1.0E+10	1E-30	1.0E+10	1.0E+10	1E-30	1.0E+10	1.0E+10	1E-30	1.0E+10	1.0E+10
109	4.08E-14	1E-30	1.0E-10	1.0E+10	0.0000000756	0.31	1.0E+10	1E-30	22800	1.0E+10	0.000000974	79.6	1.0E+10	0.00000243	1590	1.73E-16	0.00000247	281	1.99E-15	0.0000000843	183	1.47E-16	0.000000465	578	1E-30	1.0E+10	1.0E+10	1E-30	1.0E+10	1.0E+10	1E-30	1.0E+10	1.0E+10	1E-30	1.0E+10	1.0E+10	1E-30	1.0E+10	1.0E+10	1E-30	1.0E+10	1.0E+10	1E-30	1.0E+10	1.0E+10	1E-30	1.0E+10	1.0E+10
110	4.08E-14	1E-30	1.0E-10	1.0E+10	0.0000000756	0.31	1.0E+10	1E-30	22800	1.0E+10	0.000000974	79.6	1.0E+10	0.00000243	1590	1.73E-16	0.00000247	281	1.99E-15	0.0000000843	183	1.47E-16	0.000000465	578	1E-30	1.0E+10	1.0E+10	1E-30	1.0E+10	1.0E+10	1E-30	1.0E+10	1.0E+10	1E-30	1.0E+10	1.0E+10	1E-30	1.0E+10	1.0E+10	1E-30	1.0E+10	1.0E+10	1E-30	1.0E+10	1.0E+10	1E-30	1.0E+10	1.0E+10
111	0.000000000000039	1E-30	1.0E-10	1.0E+10	0.0000000792	0.39	1.0E+10	1E-30	22800	1.0E+10	0.00000117	79.6	1.0E+10	0.00000299	1590	4.65E-16	0.00000247	281	6.75E-15	0.0000000843	183	3.07E-16	0.000000465	578	1E-30	1.0E+10	1.0E+10	1E-30	1.0E+10	1.0E+10	1E-30	1.0E+10	1.0E+10	1E-30	1.0E+10	1.0E+10	1E-30	1.0E+10	1.0E+10	1E-30	1.0E+10	1.0E+10	1E-30	1.0E+10	1.0E+10	1E-30	1.0E+10	1.0E+10
112	0.000000000000039	1E-30	1.0E-10	1.0E+10	0.0000000792	0.39	1.0E+10	1E-30	22800	1.0E+10	0.00000117	79.6	1.0E+10	0.00000299	1590	4.65E-16	0.00000247	281	6.75E-15	0.0000000843	183	3.07E-16	0.000000465	578	1E-30	1.0E+10	1.0E+10	1E-30	1.0E+10	1.0E+10	1E-30	1.0E+10	1.0E+10	1E-30	1.0E+10	1.0E+10	1E-30	1.0E+10	1.0E+10	1E-30	1.0E+10	1.0E+10	1E-30	1.0E+10	1.0E+10	1E-30	1.0E+10	1.0E+10
113	3.32E-14	1E-30	1.0E-10	1.0E+10	0.0000000792	0.34	1.0E+10	1E-30	22800	1.0E+10	0.0000012	79.6	1.0E+10	0.00000249	1590	4.87E-16	0.00000247	281	7.4E-15	0.0000000843	183	3.61E-16	0.000000465	578	1E-30	1.0E+10	1.0E+10	1E-30	1.0E+10	1.0E+10	1E-30	1.0E+10	1.0E+10	1E-30	1.0E+10	1.0E+10	1E-30	1.0E+10	1.0E+10	1E-30	1.0E+10	1.0E+10	1E-30	1.0E+10	1.0E+10	1E-30	1.0E+10	1.0E+10
114	3.32E-14	1E-30	1.0E-10	1.0E+10	0.0000000792	0.34	1.0E+10	1E-30	22800	1.0E+10	0.0000012	79.6	1.0E+10	0.00000249	1590	4.87E-16	0.00000247	281	7.4E-15	0.0000000843	183	3.61E-16	0.000000465	578	1E-30	1.0E+10	1.0E+10	1E-30	1.0E+10	1.0E+10	1E-30	1.0E+10	1.0E+10	1E-30	1.0E+10	1.0E+10	1E-30	1.0E+10	1.0E+10	1E-30	1.0E+10	1.0E+10	1E-30	1.0E+10	1.0E+10	1E-30	1.0E+10	1.0E+10
115	3.72E-14	1E-30	1.0E-10	1.0E+10	0.0000000792	0.34	1.0E+10	1E-30	22800	1.0E+10	0.00000149	255	1.0E+10	0.00000484	2870	5.22E-16	0.00000247	281	6.3E-15	0.0000000843	183	3.95E-16	0.000000465	578	1E-30	1.0E+10	1.0E+10	1E-30	1.0E+10	1.0E+10	1E-30	1.0E+10	1.0E+10	1E-30	1.0E+10	1.0E+10	1E-30	1.0E+10	1.0E+10	1E-30	1.0E+10	1.0E+10	1E-30	1.0E+10	1.0E+10	1E-30	1.0E+10	1.0E+10
116	3.72E-14	1E-30	1.0E-10	1.0E+10	0.0000000792	0.34	1.0E+10	1E-30	22800	1.0E+10	0.00000149	255	1.0E+10	0.00000484	2870	5.22E-16	0.00000247	281	6.3E-15	0.0000000843	183	3.95E-16	0.000000465	578	1E-30	1.0E+10	1.0E+10	1E-30	1.0E+10	1.0E+10	1E-30	1.0E+10	1.0E+10	1E-30	1.0E+10	1.0E+10	1E-30	1.0E+10	1.0E+10	1E-30	1.0E+10	1.0E+10	1E-30	1.0E+10	1.0E+10	1E-30	1.0E+10	1.0E+10
117	3.39E-14	1E-30	1.0E-10	1.0E+10	0.000000081	0.34	1.0E+10	1E-30	22800	1.0E+10	0.00000149	255	1.0E+10	0.00000403	2870	5.72E-16	0.00000247	281	6.91E-15	0.0000000843	183	6.86E-16	0.000000465	578	1E-30	1.0E+10	1.0E+10	1E-30	1.0E+10	1.0E+10	1E-30	1.0E+10	1.0E+10	1E-30	1.0E+10	1.0E+10	1E-30	1.0E+10	1.0E+10	1E-30	1.0E+10	1.0E+10	1E-30	1.0E+10	1.0E+10	1E-30	1.0E+10	1.0E+10
118	3.39E-14	1E-30	1.0E-10	1.0E+10	0.000000081	0.34	1.0E+10	1E-30	22800	1.0E+10	0.00000149	255	1.0E+10	0.00000403	2870	5.72E-16	0.00000247	281	6.91E-15	0.0000000843	183	6.86E-16	0.000000465	578	1E-30	1.0E+10	1.0E+10	1E-30	1.0E+10	1.0E+10	1E-30	1.0E+10	1.0E+10	1E-30	1.0E+10	1.0E+10	1E-30	1.0E+10	1.0E+10	1E-30	1.0E+10	1.0E+10	1E-30	1.0E+10	1.0E+10	1E-30	1.0E+10	1.0E+10
119	3.64E-14	1E-30	1.0E-10	1.0E+10	0.0000000849	0.41	1.0E+10	1E-30	22800	1.0E+10	0.00000179	255	1.0E+10	0.00000462	2870	5.99E-16	0.00000247	281	6.6E-15	0.0000000843	183	6.71E-16	0.000000465	578	2.05E-16	0.000000946	2980	1E-30	1.0E+10	1.0E+10	1E-30	1.0E+10	1.0E+10	1E-30	1.0E+10	1.0E+10	1E-30	1.0E+10	1.0E+10	1E-30	1.0E+10	1.0E+10	1E-30	1.0E+10	1.0E+10	1E-30	1.0E+10	1.0E+10
120	3.64E-14	1E-30	1.0E-10	1.0E+10	0.0000000849	0.41	1.0E+10	1E-30	22800	1.0E+10	0.00000179	255	1.0E+10	0.00000462	2870	5.99E-16	0.00000247	281	6.6E-15	0.0000000843	183	6.71E-16	0.000000465	578	2.05E-16	0.000000946	2980	1E-30	1.0E+10	1.0E+10	1E-30	1.0E+10	1.0E+10	1E-30	1.0E+10	1.0E+10	1E-30	1.0E+10	1.0E+10	1E-30	1.0E+10	1.0E+10	1E-30	1.0E+10	1.0E+10	1E-30	1.0E+10	1.0E+10
121	3.64E-14	1E-30	1.0E-10	1.0E+10	0.0000000869	0.41	1.0E+10	1E-30	22800	1.0E+10	0.00000187	255	1.0E+10	0.00000339	2380	5.99E-16	0.00000247	281	6.6E-15	0.0000000843	183	6.41E-16	0.000000465	578	1.67E-16	0.000000946	2980	1E-30	1.0E+10	1.0E+10	1E-30	1.0E+10	1.0E+10	1E-30	1.0E+10	1.0E+10	1E-30	1.0E+10	1.0E+10	1E-30	1.0E+10	1.0E+10	1E-30	1.0E+10	1.0E+10	1E-30	1.0E+10	1.0E+10
122	3.64E-14	1E-30	1.0E-10	1.0E+10	0.0000000869	0.41	1.0E+10	1E-30	22800	1.0E+10	0.00000187	255	1.0E+10	0.00000339	2380	5.99E-16	0.00000247	281	6.6E-15	0.0000000843	183	6.41E-16	0.000000465	578	1.67E-16	0.000000946	2980	1E-30	1.0E+10	1.0E+10	1E-30	1.0E+10	1.0E+10	1E-30	1.0E+10	1.0E+10	1E-30	1.0E+10	1.0E+10	1E-30	1.0E+10	1.0E+10	1E-30	1.0E+10	1.0E+10	1E-30	1.0E+10	1.0E+10
123	3.32E-14	1E-30	1.0E-10	1.0E+10	0.0000000953	0.45	1.0E+10	1E-30	22800	1.0E+10	0.00000179	255	1.0E+10	0.00000462	2870	5.85E-16	0.00000247	281	9.11E-15	0.0000000843	183	8.85E-16	0.000000465	578	2.15E-16	0.000000946	2980	1E-30	1.0E+10	1.0E+10	1E-30	1.0E+10	1.0E+10	1E-30	1.0E+10	1.0E+10	1E-30	1.0E+10	1.0E+10	1E-30	1.0E+10	1.0E+10	1E-30	1.0E+10	1.0E+10	1E-30	1.0E+10	1.0E+10
124	3.32E-14	1E-30	1.0E-10	1.0E+10	0.0000000953	0.45	1.0E+10	1E-30	22800	1.0E+10	0.00000179	255	1.0E+10	0.00000462	2870	5.85E-16	0.00000247	281	9.11E-15	0.0000000843	183	8.85E-16	0.000000465	578	2.15E-16	0.000000946	2980	1E-30	1.0E+10	1.0E+10	1E-30	1.0E+10	1.0E+10	1E-30	1.0E+10	1.0E+10	1E-30	1.0E+10	1.0E+10	1E-30	1.0E+10	1.0E+10	1E-30	1.0E+10	1.0E+10	1E-30	1.0E+10	1.0E+10
125	0.000000000000048	1E-30	1.0E-10	1.0E+10	0.0000000975	0.52	1.0E+10	1E-30	22800	1.0E+10	0.00000225	255	1.0E+10	0.00000402	2870	5.99E-16	0.00000247	281	7.75E-15	0.0000000843	183	1.23E-15	0.000000153	793	1.25E-16	0.000000712	3800	1E-30	1.0E+10	1.0E+10	1E-30	1.0E+10	1.0E+10	1E-30	1.0E+10	1.0E+10	1E-30	1.0E+10	1.0E+10	1E-30	1.0E+10	1.0E+10	1E-30	1.0E+10	1.0E+10	1E-30	1.0E+10	1.0E+10
126	0.000000000000048	1E-30	1.0E-10	1.0E+10	0.0000000975	0.52	1.0E+10	1E-30	22800	1.0E+10	0.00000225	255	1.0E+10	0.00000402	2870	5.99E-16	0.00000247	281	7.75E-15	0.0000000843	183	1.23E-15	0.000000153	793	1.25E-16	0.000000712	3800	1E-30	1.0E+10	1.0E+10	1E-30	1.0E+10	1.0E+10	1E-30	1.0E+10	1.0E+10	1E-30	1.0E+10	1.0E+10	1E-30	1.0E+10	1.0E+10	1E-30	1.0E+10	1.0E+10	1E-30	1.0E+10	1.0E+10
127	4.18E-14	1E-30	1.0E-10	1.0E+10	0.000000102	0.52	1.0E+10	1E-30	22800	1.0E+10	0.00000209	373	1.0E+10	0.00000954	9450	7.89E-16	0.00000247	281	8.7E-15	0.0000000843	183	6.41E-16	0.000000465	578	1.79E-16	0.000000946	2980	1.65E-15	0.0000000759	405	1E-30	1.0E+10	1.0E+10	1E-30	1.0E+10	1.0E+10	1E-30	1.0E+10	1.0E+10	1E-30	1.0E+10	1.0E+10	1E-30	1.0E+10	1.0E+10	1E-30	1.0E+10	1.0E+10
128	4.18E-14	1E-30	1.0E-10	1.0E+10	0.000000102	0.52	1.0E+10	1E-30	22800	1.0E+10	0.00000209	373	1.0E+10	0.00000954	9450	7.89E-16	0.00000247	281	8.7E-15	0.0000000843	183	6.41E-16	0.000000465	578	1.79E-16	0.000000946	2980	1.65E-15	0.0000000759	405	1E-30	1.0E+10	1.0E+10	1E-30	1.0E+10	1.0E+10	1E-30	1.0E+10	1.0E+10	1E-30	1.0E+10	1.0E+10	1E-30	1.0E+10	1.0E+10	1E-30	1.0E+10	1.0E+10
129	4.28E-14	1E-30	1.0E-10	1.0E+10	0.000000114	0.58	1.0E+10	1E-30	22800	1.0E+10	0.00000283	818	1.0E+10	0.000019	8080	8.45E-16	0.00000247	281	9.76E-15	0.0000000843	183	7.36E-16	0.000000465	578	1.92E-16	0.000000946	2980	1.89E-15	0.0000000759	405	1E-30	1.0E+10	1.0E+10	1E-30	1.0E+10	1.0E+10	1E-30	1.0E+10	1.0E+10	1E-30	1.0E+10	1.0E+10	1E-30	1.0E+10	1.0E+10	1E-30	1.0E+10	1.0E+10
130	4.28E-14	1E-30	1.0E-10	1.0E+10	0.000000114	0.58	1.0E+10	1E-30	22800	1.0E+10	0.00000283	818	1.0E+10	0.000019	8080	8.45E-16	0.00000247	281	9.76E-15	0.0000000843	183	7.36E-16	0.000000465	578	1.92E-16	0.000000946	2980	1.89E-15	0.0000000759	405	1E-30	1.0E+10	1.0E+10	1E-30	1.0E+10	1.0E+10	1E-30	1.0E+10	1.0E+10	1E-30	1.0E+10	1.0E+10	1E-30	1.0E+10	1.0E+10	1E-30	1.0E+10	1.0E+10
131	3.48E-14	1E-30	1.0E-10	1.0E+10	0.000000125	0.6	1.0E+10	1E-30	22800	1.0E+10	0.0000031	818	1.0E+10	0.0000173	7200	9.48E-16	0.00000247	281	1.17E-14	0.0000000843	183	4.75E-16	0.000000465	578	1.79E-16	0.000000946	2980	1.61E-15	0.0000000759	405	1E-30	1.0E+10	1.0E+10	1E-30	1.0E+10	1.0E+10	1E-30	1.0E+10	1.0E+10	1E-30	1.0E+10	1.0E+10	1E-30	1.0E+10	1.0E+10	1E-30	1.0E+10	1.0E+10
132	3.48E-14	1E-30	1.0E-10	1.0E+10	0.000000125	0.6	1.0E+10	1E-30	22800	1.0E+10	0.0000031	818	1.0E+10	0.0000173	7200	9.48E-16	0.00000247	281	1.17E-14	0.0000000843	183	4.75E-16	0.000000465	578	1.79E-16	0.000000946	2980	1.61E-15	0.0000000759	405	1E-30	1.0E+10	1.0E+10	1E-30	1.0E+10	1.0E+10	1E-30	1.0E+10	1.0E+10	1E-30	1.0E+10	1.0E+10	1E-30	1.0E+10	1.0E+10	1E-30	1.0E+10	1.0E+10
133	0.000000000000017	1E-30	1.0E-10	1.0E+10	0.00000015	0.72	1.0E+10	1E-30	22800	1.0E+10	0.00000391	1190	1.0E+10	0.0000925	16700	1.17E-15	0.00000247	281	2.08E-14	0.0000000843	183	8.25E-16	0.000000465	578	1.83E-16	0.000000946	2980	1.5E-15	0.0000000759	405	1E-30	1.0E+10	1.0E+10	1E-30	1.0E+10	1.0E+10	1E-30	1.0E+10	1.0E+10	1E-30	1.0E+10	1.0E+10	1E-30	1.0E+10	1.0E+10	1E-30	1.0E+10	1.0E+10
134	0.000000000000017	1E-30	1.0E-10	1.0E+10	0.00000015	0.72	1.0E+10	1E-30	22800	1.0E+10	0.00000391	1190	1.0E+10	0.0000925	16700	1.17E-15	0.00000247	281	2.08E-14	0.0000000843	183	8.25E-16	0.000000465	578	1.83E-16	0.000000946	2980	1.5E-15	0.0000000759	405	1E-30	1.0E+10	1.0E+10	1E-30	1.0E+10	1.0E+10	1E-30	1.0E+10	1.0E+10	1E-30	1.0E+10	1.0E+10	1E-30	1.0E+10	1.0E+10	1E-30	1.0E+10	1.0E+10
135	4.17E-14	1E-30	1.0E-10	1.0E+10	0.000000185	1.37	1.0E+10	1E-30	22800	1.0E+10	0.00000501	962	1.0E+10	0.000481	6840	1.2E-15	0.00000247	281	2.32E-15	0.00000112	3440	9.69E-16	0.000000465	578	1.96E-16	0.000000946	2980	1.5E-15	0.0000000759	405	1E-30	1.0E+10	1.0E+10	1E-30	1.0E+10	1.0E+10	1E-30	1.0E+10	1.0E+10	1E-30	1.0E+10	1.0E+10	1E-30	1.0E+10	1.0E+10	1E-30	1.0E+10	1.0E+10
136	4.17E-14	1E-30	1.0E-10	1.0E+10	0.000000185	1.37	1.0E+10	1E-30	22800	1.0E+10	0.00000501	962	1.0E+10	0.000481	6840	1.2E-15	0.00000247	281	2.32E-15	0.00000112	3440	9.69E-16	0.000000465	578	1.96E-16	0.000000946	2980	1.5E-15	0.0000000759	405	1E-30	1.0E+10	1.0E+10	1E-30	1.0E+10	1.0E+10	1E-30	1.0E+10	1.0E+10	1E-30	1.0E+10	1.0E+10	1E-30	1.0E+10	1.0E+10	1E-30	1.0E+10	1.0E+10
137	0.000000000000038	1E-30	1.0E-10	1.0E+10	0.000000203	1.45	1.0E+10	1E-30	22800	1.0E+10	0.00000578	1190	1.0E+10	0.000277	7880	1.51E-15	0.00000247	281	1.16E-15	0.00000112	3440	1.09E-15	0.000000465	578	2.2E-16	0.000000946	2980	1.68E-15	0.0000000759	405	1E-30	1.0E+10	1.0E+10	1E-30	1.0E+10	1.0E+10	1E-30	1.0E+10	1.0E+10	1E-30	1.0E+10	1.0E+10	1E-30	1.0E+10	1.0E+10	1E-30	1.0E+10	1.0E+10
138	0.000000000000038	1E-30	1.0E-10	1.0E+10	0.000000203	1.45	1.0E+10	1E-30	22800	1.0E+10	0.00000578	1190	1.0E+10	0.000277	7880	1.51E-15	0.00000247	281	1.16E-15	0.00000112	3440	1.09E-15	0.000000465	578	2.2E-16	0.000000946	2980	1.68E-15	0.0000000759	405	1E-30	1.0E+10	1.0E+10	1E-30	1.0E+10	1.0E+10	1E-30	1.0E+10	1.0E+10	1E-30	1.0E+10	1.0E+10	1E-30	1.0E+10	1.0E+10	1E-30	1.0E+10	1.0E+10
139	4.07E-14	1E-30	1.0E-10	1.0E+10	0.000000213	1.65	1.0E+10	1E-30	22800	1.0E+10	0.00000664	1190	1.0E+10	0.000215	7880	1.51E-15	0.00000247	281	1.36E-15	0.00000112	3440	1.17E-15	0.000000465	578	2.3E-16	0.000000946	2980	1.68E-15	0.0000000759	405	1E-30	1.0E+10	1.0E+10	1E-30	1.0E+10	1.0E+10	1E-30	1.0E+10	1.0E+10	1E-30	1.0E+10	1.0E+10	1E-30	1.0E+10	1.0E+10	1E-30	1.0E+10	1.0E+10
140	4.07E-14	1E-30	1.0E-10	1.0E+10	0.000000213	1.65	1.0E+10	1E-30	22800	1.0E+10	0.00000664	1190	1.0E+10	0.000215	7880	1.51E-15	0.00000247	281	1.36E-15	0.00000112	3440	1.17E-15	0.000000465	578	2.3E-16	0.000000946	2980	1.68E-15	0.0000000759	405	1E-30	1.0E+10	1.0E+10	1E-30	1.0E+10	1.0E+10	1E-30	1.0E+10	1.0E+10	1E-30	1.0E+10	1.0E+10	1E-30	1.0E+10	1.0E+10	1E-30	1.0E+10	1.0E+10
141	3.98E-14	1E-30	1.0E-10	1.0E+10	0.000000228	1.73	1.0E+10	1E-30	22800	1.0E+10	0.00000675	1360	1.0E+10	0.000288	14500	1.69E-15	0.00000247	281	1.3E-15	0.00000112	3440	1.14E-15	0.000000465	578	2.41E-16	0.000000946	2980	1.76E-15	0.0000000759	405	1E-30	1.0E+10	1.0E+10	1E-30	1.0E+10	1.0E+10	1E-30	1.0E+10	1.0E+10	1E-30	1.0E+10	1.0E+10	1E-30	1.0E+10	1.0E+10	1E-30	1.0E+10	1.0E+10
142	3.98E-14	1E-30	1.0E-10	1.0E+10	0.000000228	1.73	1.0E+10	1E-30	22800	1.0E+10	0.00000675	1360	1.0E+10	0.000288	14500	1.69E-15	0.00000247	281	1.3E-15	0.00000112	3440	1.14E-15	0.000000465	578	2.41E-16	0.000000946	2980	1.76E-15	0.0000000759	405	1E-30	1.0E+10	1.0E+10	1E-30	1.0E+10	1.0E+10	1E-30	1.0E+10	1.0E+10	1E-30	1.0E+10	1.0E+10	1E-30	1.0E+10	1.0E+10	1E-30	1.0E+10	1.0E+10
143	2.63E-14	1E-30	1.0E-10	1.0E+10	0.000000256	1.9	1.0E+10	1E-30	22800	1.0E+10	0.00000728	1190	1.0E+10	0.0000721	1330	8.47E-16	0.00000247	281	1.16E-15	0.00000112	3440	1.4E-15	0.000000465	578	3.25E-16	0.000000946	2980	2.17E-15	0.0000000759	405	1E-30	1.0E+10	1.0E+10	1E-30	1.0E+10	1.0E+10	1E-30	1.0E+10	1.0E+10	1E-30	1.0E+10	1.0E+10	1E-30	1.0E+10	1.0E+10	1E-30	1.0E+10	1.0E+10
144	2.63E-14	1E-30	1.0E-10	1.0E+10	0.000000256	1.9	1.0E+10	1E-30	22800	1.0E+10	0.00000728	1190	1.0E+10	0.0000721	1330	8.47E-16	0.00000247	281	1.16E-15	0.00000112	3440	1.4E-15	0.000000465	578	3.25E-16	0.000000946	2980	2.17E-15	0.0000000759	405	1E-30	1.0E+10	1.0E+10	1E-30	1.0E+10	1.0E+10	1E-30	1.0E+10	1.0E+10	1E-30	1.0E+10	1.0E+10	1E-30	1.0E+10	1.0E+10	1E-30	1.0E+10	1.0E+10
145	0.000000000000024	1E-30	1.0E-10	1.0E+10	0.000000274	1.92	1.0E+10	1E-30	22800	1.0E+10	0.00000969	1740	1.0E+10	0.000213	21000	2.56E-15	0.00000247	281	1.8E-15	0.00000112	3440	2.32E-15	0.000000465	578	6.64E-16	0.000000946	2980	4.75E-15	0.0000000759	405	1E-30	1.0E+10	1.0E+10	1E-30	1.0E+10	1.0E+10	1E-30	1.0E+10	1.0E+10	1E-30	1.0E+10	1.0E+10	1E-30	1.0E+10	1.0E+10	1E-30	1.0E+10	1.0E+10
146	0.000000000000024	1E-30	1.0E-10	1.0E+10	0.000000274	1.92	1.0E+10	1E-30	22800	1.0E+10	0.00000969	1740	1.0E+10	0.000213	21000	2.56E-15	0.00000247	281	1.8E-15	0.00000112	3440	2.32E-15	0.000000465	578	6.64E-16	0.000000946	2980	4.75E-15	0.0000000759	405	1E-30	1.0E+10	1.0E+10	1E-30	1.0E+10	1.0E+10	1E-30	1.0E+10	1.0E+10	1E-30	1.0E+10	1.0E+10	1E-30	1.0E+10	1.0E+10	1E-30	1.0E+10	1.0E+10
147	0.000000000000024	1E-30	1.0E-10	1.0E+10	0.000000307	2.6	1.0E+10	1E-30	22800	1.0E+10	0.0000131	1740	1.0E+10	0.000213	21000	2.56E-15	0.00000247	281	2.43E-15	0.00000112	3440	2.02E-15	0.000000465	578	4.39E-16	0.000000946	2980	3.29E-15	0.0000000759	405	1E-30	1.0E+10	1.0E+10	1E-30	1.0E+10	1.0E+10	1E-30	1.0E+10	1.0E+10	1E-30	1.0E+10	1.0E+10	1E-30	1.0E+10	1.0E+10	1E-30	1.0E+10	1.0E+10
148	0.000000000000024	1E-30	1.0E-10	1.0E+10	0.000000307	2.6	1.0E+10	1E-30	22800	1.0E+10	0.0000131	1740	1.0E+10	0.000213	21000	2.56E-15	0.00000247	281	2.43E-15	0.00000112	3440	2.02E-15	0.000000465	578	4.39E-16	0.000000946	2980	3.29E-15	0.0000000759	405	1E-30	1.0E+10	1.0E+10	1E-30	1.0E+10	1.0E+10	1E-30	1.0E+10	1.0E+10	1E-30	1.0E+10	1.0E+10	1E-30	1.0E+10	1.0E+10	1E-30	1.0E+10	1.0E+10
149	2.51E-14	1E-30	1.0E-10	1.0E+10	0.000000337	3.2	1.0E+10	1E-30	22800	1.0E+10	0.0000194	1740	1.0E+10	0.000213	21000	3.15E-15	0.00000247	281	2.43E-15	0.00000112	3440	2.12E-15	0.000000465	578	4.39E-16	0.000000946	2980	3.29E-15	0.0000000759	405	1E-30	1.0E+10	1.0E+10	1E-30	1.0E+10	1.0E+10	1E-30	1.0E+10	1.0E+10	1E-30	1.0E+10	1.0E+10	1E-30	1.0E+10	1.0E+10	1E-30	1.0E+10	1.0E+10
150	2.51E-14	1E-30	1.0E-10	1.0E+10	0.000000337	3.2	1.0E+10	1E-30	22800	1.0E+10	0.0000194	1740	1.0E+10	0.000213	21000	3.15E-15	0.00000247	281	2.43E-15	0.00000112	3440	2.12E-15	0.000000465	578	4.39E-16	0.000000946	2980	3.29E-15	0.0000000759	405	1E-30	1.0E+10	1.0E+10	1E-30	1.0E+10	1.0E+10	1E-30	1.0E+10	1.0E+10	1E-30	1.0E+10	1.0E+10	1E-30	1.0E+10	1.0E+10	1E-30	1.0E+10	1.0E+10
151	2.57E-14	1E-30	1.0E-10	1.0E+10	0.000000361	3.31	1.0E+10	1E-30	22800	1.0E+10	0.0000199	1740	1.0E+10	0.0271	23900	3.38E-15	0.00000247	281	2.43E-15	0.00000112	3440	2.12E-15	0.000000465	578	4.39E-16	0.000000946	2980	3.53E-15	0.0000000759	405	1E-30	1.0E+10	1.0E+10	1E-30	1.0E+10	1.0E+10	1E-30	1.0E+10	1.0E+10	1E-30	1.0E+10	1.0E+10	1E-30	1.0E+10	1.0E+10	1E-30	1.0E+10	1.0E+10
152	2.57E-14	1E-30	1.0E-10	1.0E+10	0.000000361	3.31	1.0E+10	1E-30	22800	1.0E+10	0.0000199	1740	1.0E+10	0.0271	23900	3.38E-15	0.00000247	281	2.43E-15	0.00000112	3440	2.12E-15	0.000000465	578	4.39E-16	0.000000946	2980	3.53E-15	0.0000000759	405	1E-30	1.0E+10	1.0E+10	1E-30	1.0E+10	1.0E+10	1E-30	1.0E+10	1.0E+10	1E-30	1.0E+10	1.0E+10	1E-30	1.0E+10	1.0E+10	1E-30	1.0E+10	1.0E+10
153	2.09E-14	1E-30	1.0E-10	1.0E+10	0.000000396	3.52	1.0E+10	1E-30	22800	1.0E+10	0.0000204	1740	1.0E+10	0.0271	23900	1.48E-15	0.00000247	281	2.02E-15	0.00000112	3440	2.67E-15	0.000000465	578	5.66E-16	0.000000946	2980	4.24E-15	0.0000000759	405	1E-30	1.0E+10	1.0E+10	1E-30	1.0E+10	1.0E+10	1E-30	1.0E+10	1.0E+10	1E-30	1.0E+10	1.0E+10	1E-30	1.0E+10	1.0E+10	1E-30	1.0E+10	1.0E+10
154	2.09E-14	1E-30	1.0E-10	1.0E+10	0.000000396	3.52	1.0E+10	1E-30	22800	1.0E+10	0.0000204	1740	1.0E+10	0.0271	23900	1.48E-15	0.00000247	281	2.02E-15	0.00000112	3440	2.67E-15	0.000000465	578	5.66E-16	0.000000946	2980	4.24E-15	0.0000000759	405	1E-30	1.0E+10	1.0E+10	1E-30	1.0E+10	1.0E+10	1E-30	1.0E+10	1.0E+10	1E-30	1.0E+10	1.0E+10	1E-30	1.0E+10	1.0E+10	1E-30	1.0E+10	1.0E+10
END DSCRDATA
