BEGIN DSCRDATA
% INDEX	K01	L01	M01	K02	L02	M02	K03	L03	M03	K04	L04	M04	K05	L05	M05	K06	L06	M06	K07	L07	M07	K08	L08	M08	K09	L09	M09	K10	L10	M10	K11	L11	M11	K12	L12	M12	K13	L13	M13	K14	L14	M14	K15	L15	M15	K16	L16	M16
0	3.58E-16	1E-30	1.0E-10	1.0E+10	0.0000000232	0.045	1.0E+10	1E-30	229	1.0E+10	0.000000269	21.8	1.0E+10	0.000000264	145	1E-30	1.0E+10	1.0E+10	1E-30	1.0E+10	1.0E+10	1E-30	1.0E+10	1.0E+10	1E-30	1.0E+10	1.0E+10	1E-30	1.0E+10	1.0E+10	1E-30	1.0E+10	1.0E+10	1E-30	1.0E+10	1.0E+10	1E-30	1.0E+10	1.0E+10	1E-30	1.0E+10	1.0E+10	1E-30	1.0E+10	1.0E+10	1E-30	1.0E+10	1.0E+10
1	3.58E-16	1E-30	1.0E-10	1.0E+10	0.0000000232	0.045	1.0E+10	1E-30	229	1.0E+10	0.000000269	21.8	1.0E+10	0.000000264	145	1E-30	1.0E+10	1.0E+10	1E-30	1.0E+10	1.0E+10	1E-30	1.0E+10	1.0E+10	1E-30	1.0E+10	1.0E+10	1E-30	1.0E+10	1.0E+10	1E-30	1.0E+10	1.0E+10	1E-30	1.0E+10	1.0E+10	1E-30	1.0E+10	1.0E+10	1E-30	1.0E+10	1.0E+10	1E-30	1.0E+10	1.0E+10	1E-30	1.0E+10	1.0E+10
2	2.84E-16	1E-30	1.0E-10	1.0E+10	0.0000000413	0.06	1.0E+10	1E-30	363	1.0E+10	0.000000689	59.9	1.0E+10	0.00000154	78.9	1.0E+10	0.000000581	227	1E-30	1.0E+10	1.0E+10	1E-30	1.0E+10	1.0E+10	1E-30	1.0E+10	1.0E+10	1E-30	1.0E+10	1.0E+10	1E-30	1.0E+10	1.0E+10	1E-30	1.0E+10	1.0E+10	1E-30	1.0E+10	1.0E+10	1E-30	1.0E+10	1.0E+10	1E-30	1.0E+10	1.0E+10	1E-30	1.0E+10	1.0E+10
3	2.84E-16	1E-30	1.0E-10	1.0E+10	0.0000000413	0.06	1.0E+10	1E-30	363	1.0E+10	0.000000689	59.9	1.0E+10	0.00000154	78.9	1.0E+10	0.000000581	227	1E-30	1.0E+10	1.0E+10	1E-30	1.0E+10	1.0E+10	1E-30	1.0E+10	1.0E+10	1E-30	1.0E+10	1.0E+10	1E-30	1.0E+10	1.0E+10	1E-30	1.0E+10	1.0E+10	1E-30	1.0E+10	1.0E+10	1E-30	1.0E+10	1.0E+10	1E-30	1.0E+10	1.0E+10	1E-30	1.0E+10	1.0E+10
4	4.82E-14	1E-30	1.0E-10	1.0E+10	0.0000000655	0.075	1.0E+10	1E-30	575	1.0E+10	0.000000935	45.6	1.0E+10	0.00000116	153	1.0E+10	0.00000109	528	1E-30	1.0E+10	1.0E+10	1E-30	1.0E+10	1.0E+10	1E-30	1.0E+10	1.0E+10	1E-30	1.0E+10	1.0E+10	1E-30	1.0E+10	1.0E+10	1E-30	1.0E+10	1.0E+10	1E-30	1.0E+10	1.0E+10	1E-30	1.0E+10	1.0E+10	1E-30	1.0E+10	1.0E+10	1E-30	1.0E+10	1.0E+10
5	4.82E-14	1E-30	1.0E-10	1.0E+10	0.0000000655	0.075	1.0E+10	1E-30	575	1.0E+10	0.000000935	45.6	1.0E+10	0.00000116	153	1.0E+10	0.00000109	528	1E-30	1.0E+10	1.0E+10	1E-30	1.0E+10	1.0E+10	1E-30	1.0E+10	1.0E+10	1E-30	1.0E+10	1.0E+10	1E-30	1.0E+10	1.0E+10	1E-30	1.0E+10	1.0E+10	1E-30	1.0E+10	1.0E+10	1E-30	1.0E+10	1.0E+10	1E-30	1.0E+10	1.0E+10	1E-30	1.0E+10	1.0E+10
6	5.41E-14	1E-30	1.0E-10	1.0E+10	0.0000000925	0.09	1.0E+10	1E-30	776	1.0E+10	0.00000126	48.9	1.0E+10	0.0000018	221	1.0E+10	0.00000131	528	1E-30	1.0E+10	1.0E+10	1E-30	1.0E+10	1.0E+10	1E-30	1.0E+10	1.0E+10	1E-30	1.0E+10	1.0E+10	1E-30	1.0E+10	1.0E+10	1E-30	1.0E+10	1.0E+10	1E-30	1.0E+10	1.0E+10	1E-30	1.0E+10	1.0E+10	1E-30	1.0E+10	1.0E+10	1E-30	1.0E+10	1.0E+10
7	5.41E-14	1E-30	1.0E-10	1.0E+10	0.0000000925	0.09	1.0E+10	1E-30	776	1.0E+10	0.00000126	48.9	1.0E+10	0.0000018	221	1.0E+10	0.00000131	528	1E-30	1.0E+10	1.0E+10	1E-30	1.0E+10	1.0E+10	1E-30	1.0E+10	1.0E+10	1E-30	1.0E+10	1.0E+10	1E-30	1.0E+10	1.0E+10	1E-30	1.0E+10	1.0E+10	1E-30	1.0E+10	1.0E+10	1E-30	1.0E+10	1.0E+10	1E-30	1.0E+10	1.0E+10	1E-30	1.0E+10	1.0E+10
8	5.17E-14	1E-30	1.0E-10	1.0E+10	0.000000119	0.105	1.0E+10	1E-30	1070	1.0E+10	0.00000137	103	1.0E+10	0.00000488	738	1.0E+10	0.00000153	783	1E-30	1.0E+10	1.0E+10	1E-30	1.0E+10	1.0E+10	1E-30	1.0E+10	1.0E+10	1E-30	1.0E+10	1.0E+10	1E-30	1.0E+10	1.0E+10	1E-30	1.0E+10	1.0E+10	1E-30	1.0E+10	1.0E+10	1E-30	1.0E+10	1.0E+10	1E-30	1.0E+10	1.0E+10	1E-30	1.0E+10	1.0E+10
9	5.17E-14	1E-30	1.0E-10	1.0E+10	0.000000119	0.105	1.0E+10	1E-30	1070	1.0E+10	0.00000137	103	1.0E+10	0.00000488	738	1.0E+10	0.00000153	783	1E-30	1.0E+10	1.0E+10	1E-30	1.0E+10	1.0E+10	1E-30	1.0E+10	1.0E+10	1E-30	1.0E+10	1.0E+10	1E-30	1.0E+10	1.0E+10	1E-30	1.0E+10	1.0E+10	1E-30	1.0E+10	1.0E+10	1E-30	1.0E+10	1.0E+10	1E-30	1.0E+10	1.0E+10	1E-30	1.0E+10	1.0E+10
10	0.000000000000058	1E-30	1.0E-10	1.0E+10	0.00000015	0.145	1.0E+10	1E-30	1260	1.0E+10	0.00000169	116	1.0E+10	0.00000379	2390	1.0E+10	0.00000285	698	1E-30	1.0E+10	1.0E+10	1E-30	1.0E+10	1.0E+10	1E-30	1.0E+10	1.0E+10	1E-30	1.0E+10	1.0E+10	1E-30	1.0E+10	1.0E+10	1E-30	1.0E+10	1.0E+10	1E-30	1.0E+10	1.0E+10	1E-30	1.0E+10	1.0E+10	1E-30	1.0E+10	1.0E+10	1E-30	1.0E+10	1.0E+10
11	0.000000000000058	1E-30	1.0E-10	1.0E+10	0.00000015	0.145	1.0E+10	1E-30	1260	1.0E+10	0.00000169	116	1.0E+10	0.00000379	2390	1.0E+10	0.00000285	698	1E-30	1.0E+10	1.0E+10	1E-30	1.0E+10	1.0E+10	1E-30	1.0E+10	1.0E+10	1E-30	1.0E+10	1.0E+10	1E-30	1.0E+10	1.0E+10	1E-30	1.0E+10	1.0E+10	1E-30	1.0E+10	1.0E+10	1E-30	1.0E+10	1.0E+10	1E-30	1.0E+10	1.0E+10	1E-30	1.0E+10	1.0E+10
12	5.17E-14	1E-30	1.0E-10	1.0E+10	0.000000193	0.165	1.0E+10	1E-30	1660	1.0E+10	0.00000223	146	1.0E+10	0.0000223	2450	1.0E+10	0.00000226	879	1E-30	1.0E+10	1.0E+10	1E-30	1.0E+10	1.0E+10	1E-30	1.0E+10	1.0E+10	1E-30	1.0E+10	1.0E+10	1E-30	1.0E+10	1.0E+10	1E-30	1.0E+10	1.0E+10	1E-30	1.0E+10	1.0E+10	1E-30	1.0E+10	1.0E+10	1E-30	1.0E+10	1.0E+10	1E-30	1.0E+10	1.0E+10
13	5.17E-14	1E-30	1.0E-10	1.0E+10	0.000000193	0.165	1.0E+10	1E-30	1660	1.0E+10	0.00000223	146	1.0E+10	0.0000223	2450	1.0E+10	0.00000226	879	1E-30	1.0E+10	1.0E+10	1E-30	1.0E+10	1.0E+10	1E-30	1.0E+10	1.0E+10	1E-30	1.0E+10	1.0E+10	1E-30	1.0E+10	1.0E+10	1E-30	1.0E+10	1.0E+10	1E-30	1.0E+10	1.0E+10	1E-30	1.0E+10	1.0E+10	1E-30	1.0E+10	1.0E+10	1E-30	1.0E+10	1.0E+10
14	5.29E-14	1E-30	1.0E-10	1.0E+10	0.000000243	0.23	1.0E+10	1E-30	2140	1.0E+10	0.00000393	205	1.0E+10	0.00000591	605	1.0E+10	0.00000288	1370	1E-30	1.0E+10	1.0E+10	1E-30	1.0E+10	1.0E+10	1E-30	1.0E+10	1.0E+10	1E-30	1.0E+10	1.0E+10	1E-30	1.0E+10	1.0E+10	1E-30	1.0E+10	1.0E+10	1E-30	1.0E+10	1.0E+10	1E-30	1.0E+10	1.0E+10	1E-30	1.0E+10	1.0E+10	1E-30	1.0E+10	1.0E+10
15	5.29E-14	1E-30	1.0E-10	1.0E+10	0.000000243	0.23	1.0E+10	1E-30	2140	1.0E+10	0.00000393	205	1.0E+10	0.00000591	605	1.0E+10	0.00000288	1370	1E-30	1.0E+10	1.0E+10	1E-30	1.0E+10	1.0E+10	1E-30	1.0E+10	1.0E+10	1E-30	1.0E+10	1.0E+10	1E-30	1.0E+10	1.0E+10	1E-30	1.0E+10	1.0E+10	1E-30	1.0E+10	1.0E+10	1E-30	1.0E+10	1.0E+10	1E-30	1.0E+10	1.0E+10	1E-30	1.0E+10	1.0E+10
16	5.17E-14	1E-30	1.0E-10	1.0E+10	0.000000292	0.3	1.0E+10	1E-30	2510	1.0E+10	0.0000053	205	1.0E+10	0.00000679	605	1.0E+10	0.00000331	1370	1E-30	1.0E+10	1.0E+10	1E-30	1.0E+10	1.0E+10	1E-30	1.0E+10	1.0E+10	1E-30	1.0E+10	1.0E+10	1E-30	1.0E+10	1.0E+10	1E-30	1.0E+10	1.0E+10	1E-30	1.0E+10	1.0E+10	1E-30	1.0E+10	1.0E+10	1E-30	1.0E+10	1.0E+10	1E-30	1.0E+10	1.0E+10
17	5.17E-14	1E-30	1.0E-10	1.0E+10	0.000000292	0.3	1.0E+10	1E-30	2510	1.0E+10	0.0000053	205	1.0E+10	0.00000679	605	1.0E+10	0.00000331	1370	1E-30	1.0E+10	1.0E+10	1E-30	1.0E+10	1.0E+10	1E-30	1.0E+10	1.0E+10	1E-30	1.0E+10	1.0E+10	1E-30	1.0E+10	1.0E+10	1E-30	1.0E+10	1.0E+10	1E-30	1.0E+10	1.0E+10	1E-30	1.0E+10	1.0E+10	1E-30	1.0E+10	1.0E+10	1E-30	1.0E+10	1.0E+10
18	4.82E-14	1E-30	1.0E-10	1.0E+10	0.000000351	0.32	1.0E+10	1E-30	2820	1.0E+10	0.00000609	225	1.0E+10	0.00000835	605	1.0E+10	0.00000371	1430	1E-30	1.0E+10	1.0E+10	1E-30	1.0E+10	1.0E+10	1E-30	1.0E+10	1.0E+10	1E-30	1.0E+10	1.0E+10	1E-30	1.0E+10	1.0E+10	1E-30	1.0E+10	1.0E+10	1E-30	1.0E+10	1.0E+10	1E-30	1.0E+10	1.0E+10	1E-30	1.0E+10	1.0E+10	1E-30	1.0E+10	1.0E+10
19	4.82E-14	1E-30	1.0E-10	1.0E+10	0.000000351	0.32	1.0E+10	1E-30	2820	1.0E+10	0.00000609	225	1.0E+10	0.00000835	605	1.0E+10	0.00000371	1430	1E-30	1.0E+10	1.0E+10	1E-30	1.0E+10	1.0E+10	1E-30	1.0E+10	1.0E+10	1E-30	1.0E+10	1.0E+10	1E-30	1.0E+10	1.0E+10	1E-30	1.0E+10	1.0E+10	1E-30	1.0E+10	1.0E+10	1E-30	1.0E+10	1.0E+10	1E-30	1.0E+10	1.0E+10	1E-30	1.0E+10	1.0E+10
20	4.93E-14	1E-30	1.0E-10	1.0E+10	0.000000412	0.439	1.0E+10	1E-30	3310	1.0E+10	0.00000767	297	1.0E+10	0.0000105	373	1.0E+10	0.00000426	1430	1E-30	1.0E+10	1.0E+10	1E-30	1.0E+10	1.0E+10	1E-30	1.0E+10	1.0E+10	1E-30	1.0E+10	1.0E+10	1E-30	1.0E+10	1.0E+10	1E-30	1.0E+10	1.0E+10	1E-30	1.0E+10	1.0E+10	1E-30	1.0E+10	1.0E+10	1E-30	1.0E+10	1.0E+10	1E-30	1.0E+10	1.0E+10
21	4.93E-14	1E-30	1.0E-10	1.0E+10	0.000000412	0.439	1.0E+10	1E-30	3310	1.0E+10	0.00000767	297	1.0E+10	0.0000105	373	1.0E+10	0.00000426	1430	1E-30	1.0E+10	1.0E+10	1E-30	1.0E+10	1.0E+10	1E-30	1.0E+10	1.0E+10	1E-30	1.0E+10	1.0E+10	1E-30	1.0E+10	1.0E+10	1E-30	1.0E+10	1.0E+10	1E-30	1.0E+10	1.0E+10	1E-30	1.0E+10	1.0E+10	1E-30	1.0E+10	1.0E+10	1E-30	1.0E+10	1.0E+10
22	4.93E-14	1E-30	1.0E-10	1.0E+10	0.000000473	0.565	1.0E+10	1E-30	3980	1.0E+10	0.00000908	704	1.0E+10	0.0000125	585	1.0E+10	0.00000575	2610	1E-30	1.0E+10	1.0E+10	1E-30	1.0E+10	1.0E+10	1E-30	1.0E+10	1.0E+10	1E-30	1.0E+10	1.0E+10	1E-30	1.0E+10	1.0E+10	1E-30	1.0E+10	1.0E+10	1E-30	1.0E+10	1.0E+10	1E-30	1.0E+10	1.0E+10	1E-30	1.0E+10	1.0E+10	1E-30	1.0E+10	1.0E+10
23	4.93E-14	1E-30	1.0E-10	1.0E+10	0.000000473	0.565	1.0E+10	1E-30	3980	1.0E+10	0.00000908	704	1.0E+10	0.0000125	585	1.0E+10	0.00000575	2610	1E-30	1.0E+10	1.0E+10	1E-30	1.0E+10	1.0E+10	1E-30	1.0E+10	1.0E+10	1E-30	1.0E+10	1.0E+10	1E-30	1.0E+10	1.0E+10	1E-30	1.0E+10	1.0E+10	1E-30	1.0E+10	1.0E+10	1E-30	1.0E+10	1.0E+10	1E-30	1.0E+10	1.0E+10	1E-30	1.0E+10	1.0E+10
24	4.93E-14	1E-30	1.0E-10	1.0E+10	0.000000569	0.88	1.0E+10	1E-30	5130	1.0E+10	0.00000996	704	1.0E+10	0.0000122	559	1.0E+10	0.00000645	3070	1E-30	1.0E+10	1.0E+10	1E-30	1.0E+10	1.0E+10	1E-30	1.0E+10	1.0E+10	1E-30	1.0E+10	1.0E+10	1E-30	1.0E+10	1.0E+10	1E-30	1.0E+10	1.0E+10	1E-30	1.0E+10	1.0E+10	1E-30	1.0E+10	1.0E+10	1E-30	1.0E+10	1.0E+10	1E-30	1.0E+10	1.0E+10
25	4.93E-14	1E-30	1.0E-10	1.0E+10	0.000000569	0.88	1.0E+10	1E-30	5130	1.0E+10	0.00000996	704	1.0E+10	0.0000122	559	1.0E+10	0.00000645	3070	1E-30	1.0E+10	1.0E+10	1E-30	1.0E+10	1.0E+10	1E-30	1.0E+10	1.0E+10	1E-30	1.0E+10	1.0E+10	1E-30	1.0E+10	1.0E+10	1E-30	1.0E+10	1.0E+10	1E-30	1.0E+10	1.0E+10	1E-30	1.0E+10	1.0E+10	1E-30	1.0E+10	1.0E+10	1E-30	1.0E+10	1.0E+10
26	4.39E-14	1E-30	1.0E-10	1.0E+10	0.000000624	0.909	1.0E+10	1E-30	5010	1.0E+10	0.0000102	672	1.0E+10	0.0000168	599	1.0E+10	0.00000707	3000	1E-30	1.0E+10	1.0E+10	1E-30	1.0E+10	1.0E+10	1E-30	1.0E+10	1.0E+10	1E-30	1.0E+10	1.0E+10	1E-30	1.0E+10	1.0E+10	1E-30	1.0E+10	1.0E+10	1E-30	1.0E+10	1.0E+10	1E-30	1.0E+10	1.0E+10	1E-30	1.0E+10	1.0E+10	1E-30	1.0E+10	1.0E+10
27	4.39E-14	1E-30	1.0E-10	1.0E+10	0.000000624	0.909	1.0E+10	1E-30	5010	1.0E+10	0.0000102	672	1.0E+10	0.0000168	599	1.0E+10	0.00000707	3000	1E-30	1.0E+10	1.0E+10	1E-30	1.0E+10	1.0E+10	1E-30	1.0E+10	1.0E+10	1E-30	1.0E+10	1.0E+10	1E-30	1.0E+10	1.0E+10	1E-30	1.0E+10	1.0E+10	1E-30	1.0E+10	1.0E+10	1E-30	1.0E+10	1.0E+10	1E-30	1.0E+10	1.0E+10	1E-30	1.0E+10	1.0E+10
28	0.000000000000046	1E-30	1.0E-10	1.0E+10	0.000000716	1.15	1.0E+10	1E-30	6020	1.0E+10	0.0000109	827	1.0E+10	0.0000137	293	1.0E+10	0.00000932	4440	1E-30	1.0E+10	1.0E+10	1E-30	1.0E+10	1.0E+10	1E-30	1.0E+10	1.0E+10	1E-30	1.0E+10	1.0E+10	1E-30	1.0E+10	1.0E+10	1E-30	1.0E+10	1.0E+10	1E-30	1.0E+10	1.0E+10	1E-30	1.0E+10	1.0E+10	1E-30	1.0E+10	1.0E+10	1E-30	1.0E+10	1.0E+10
29	0.000000000000046	1E-30	1.0E-10	1.0E+10	0.000000716	1.15	1.0E+10	1E-30	6020	1.0E+10	0.0000109	827	1.0E+10	0.0000137	293	1.0E+10	0.00000932	4440	1E-30	1.0E+10	1.0E+10	1E-30	1.0E+10	1.0E+10	1E-30	1.0E+10	1.0E+10	1E-30	1.0E+10	1.0E+10	1E-30	1.0E+10	1.0E+10	1E-30	1.0E+10	1.0E+10	1E-30	1.0E+10	1.0E+10	1E-30	1.0E+10	1.0E+10	1E-30	1.0E+10	1.0E+10	1E-30	1.0E+10	1.0E+10
30	0.000000000000046	1E-30	1.0E-10	1.0E+10	0.000000822	1.6	1.0E+10	1E-30	6600	1.0E+10	0.0000131	827	1.0E+10	0.0000157	280	1.0E+10	0.0000107	4650	1E-30	1.0E+10	1.0E+10	1E-30	1.0E+10	1.0E+10	1E-30	1.0E+10	1.0E+10	1E-30	1.0E+10	1.0E+10	1E-30	1.0E+10	1.0E+10	1E-30	1.0E+10	1.0E+10	1E-30	1.0E+10	1.0E+10	1E-30	1.0E+10	1.0E+10	1E-30	1.0E+10	1.0E+10	1E-30	1.0E+10	1.0E+10
31	0.000000000000046	1E-30	1.0E-10	1.0E+10	0.000000822	1.6	1.0E+10	1E-30	6600	1.0E+10	0.0000131	827	1.0E+10	0.0000157	280	1.0E+10	0.0000107	4650	1E-30	1.0E+10	1.0E+10	1E-30	1.0E+10	1.0E+10	1E-30	1.0E+10	1.0E+10	1E-30	1.0E+10	1.0E+10	1E-30	1.0E+10	1.0E+10	1E-30	1.0E+10	1.0E+10	1E-30	1.0E+10	1.0E+10	1E-30	1.0E+10	1.0E+10	1E-30	1.0E+10	1.0E+10	1E-30	1.0E+10	1.0E+10
32	0.000000000000046	1E-30	1.0E-10	1.0E+10	0.000000922	1.65	1.0E+10	1E-30	7410	1.0E+10	0.0000137	827	1.0E+10	0.0000143	287	1.0E+10	0.0000126	5220	1E-30	1.0E+10	1.0E+10	1E-30	1.0E+10	1.0E+10	1E-30	1.0E+10	1.0E+10	1E-30	1.0E+10	1.0E+10	1E-30	1.0E+10	1.0E+10	1E-30	1.0E+10	1.0E+10	1E-30	1.0E+10	1.0E+10	1E-30	1.0E+10	1.0E+10	1E-30	1.0E+10	1.0E+10	1E-30	1.0E+10	1.0E+10
33	0.000000000000046	1E-30	1.0E-10	1.0E+10	0.000000922	1.65	1.0E+10	1E-30	7410	1.0E+10	0.0000137	827	1.0E+10	0.0000143	287	1.0E+10	0.0000126	5220	1E-30	1.0E+10	1.0E+10	1E-30	1.0E+10	1.0E+10	1E-30	1.0E+10	1.0E+10	1E-30	1.0E+10	1.0E+10	1E-30	1.0E+10	1.0E+10	1E-30	1.0E+10	1.0E+10	1E-30	1.0E+10	1.0E+10	1E-30	1.0E+10	1.0E+10	1E-30	1.0E+10	1.0E+10	1E-30	1.0E+10	1.0E+10
34	5.33E-14	1E-30	1.0E-10	1.0E+10	0.00000106	1.83	1.0E+10	1E-30	7840	1.0E+10	0.0000119	762	1.0E+10	0.0000124	5370	3.88E-15	0.00000194	6790	1E-30	1.0E+10	1.0E+10	1E-30	1.0E+10	1.0E+10	1E-30	1.0E+10	1.0E+10	1E-30	1.0E+10	1.0E+10	1E-30	1.0E+10	1.0E+10	1E-30	1.0E+10	1.0E+10	1E-30	1.0E+10	1.0E+10	1E-30	1.0E+10	1.0E+10	1E-30	1.0E+10	1.0E+10	1E-30	1.0E+10	1.0E+10
35	0.000000000000414	1E-30	1.0E-10	1.0E+10	0.00000227	2.66	1.0E+10	1E-30	12100	1.0E+10	0.0000279	1210	1.0E+10	0.0000402	9330	9.31E-14	0.000000455	895	1.11E-14	0.00000122	1830	1E-30	1.0E+10	1.0E+10	1E-30	1.0E+10	1.0E+10	1E-30	1.0E+10	1.0E+10	1E-30	1.0E+10	1.0E+10	1E-30	1.0E+10	1.0E+10	1E-30	1.0E+10	1.0E+10	1E-30	1.0E+10	1.0E+10	1E-30	1.0E+10	1.0E+10	1E-30	1.0E+10	1.0E+10
END DSCRDATA
