BEGIN DSCRDATA
% INDEX	K01	L01	M01	K02	L02	M02	K03	L03	M03	K04	L04	M04	K05	L05	M05	K06	L06	M06	K07	L07	M07	K08	L08	M08	K09	L09	M09	K10	L10	M10	K11	L11	M11	K12	L12	M12	K13	L13	M13	K14	L14	M14	K15	L15	M15	K16	L16	M16
0	4.74E-16	1E-30	1.0E-10	1.0E+10	0.00000000157	0.02	1.0E+10	1E-30	5400	1.0E+10	0.00000000683	0.297	1.0E+10	0.0000000245	16	1.0E+10	0.00000011	768	1E-30	1.0E+10	1.0E+10	1E-30	1.0E+10	1.0E+10	1E-30	1.0E+10	1.0E+10	1E-30	1.0E+10	1.0E+10	1E-30	1.0E+10	1.0E+10	1E-30	1.0E+10	1.0E+10	1E-30	1.0E+10	1.0E+10	1E-30	1.0E+10	1.0E+10	1E-30	1.0E+10	1.0E+10	1E-30	1.0E+10	1.0E+10
1	4.74E-16	1E-30	1.0E-10	1.0E+10	0.00000000157	0.02	1.0E+10	1E-30	5400	1.0E+10	0.00000000683	0.297	1.0E+10	0.0000000245	16	1.0E+10	0.00000011	768	1E-30	1.0E+10	1.0E+10	1E-30	1.0E+10	1.0E+10	1E-30	1.0E+10	1.0E+10	1E-30	1.0E+10	1.0E+10	1E-30	1.0E+10	1.0E+10	1E-30	1.0E+10	1.0E+10	1E-30	1.0E+10	1.0E+10	1E-30	1.0E+10	1.0E+10	1E-30	1.0E+10	1.0E+10	1E-30	1.0E+10	1.0E+10
2	4.74E-16	1E-30	1.0E-10	1.0E+10	0.00000000157	0.02	1.0E+10	1E-30	5400	1.0E+10	0.00000000683	0.297	1.0E+10	0.0000000245	16	1.0E+10	0.00000011	768	1E-30	1.0E+10	1.0E+10	1E-30	1.0E+10	1.0E+10	1E-30	1.0E+10	1.0E+10	1E-30	1.0E+10	1.0E+10	1E-30	1.0E+10	1.0E+10	1E-30	1.0E+10	1.0E+10	1E-30	1.0E+10	1.0E+10	1E-30	1.0E+10	1.0E+10	1E-30	1.0E+10	1.0E+10	1E-30	1.0E+10	1.0E+10
3	6.96E-14	1E-30	1.0E-10	1.0E+10	0.00000000171	0.05	1.0E+10	1E-30	13900	1.0E+10	0.00000000551	0.646	1.0E+10	0.0000000182	60.6	1E-30	1.0E+10	1.0E+10	1E-30	1.0E+10	1.0E+10	1E-30	1.0E+10	1.0E+10	1E-30	1.0E+10	1.0E+10	1E-30	1.0E+10	1.0E+10	1E-30	1.0E+10	1.0E+10	1E-30	1.0E+10	1.0E+10	1E-30	1.0E+10	1.0E+10	1E-30	1.0E+10	1.0E+10	1E-30	1.0E+10	1.0E+10	1E-30	1.0E+10	1.0E+10
4	6.96E-14	1E-30	1.0E-10	1.0E+10	0.00000000171	0.05	1.0E+10	1E-30	13900	1.0E+10	0.00000000551	0.646	1.0E+10	0.0000000182	60.6	1E-30	1.0E+10	1.0E+10	1E-30	1.0E+10	1.0E+10	1E-30	1.0E+10	1.0E+10	1E-30	1.0E+10	1.0E+10	1E-30	1.0E+10	1.0E+10	1E-30	1.0E+10	1.0E+10	1E-30	1.0E+10	1.0E+10	1E-30	1.0E+10	1.0E+10	1E-30	1.0E+10	1.0E+10	1E-30	1.0E+10	1.0E+10	1E-30	1.0E+10	1.0E+10
5	0.000000000000054	1E-30	1.0E-10	1.0E+10	0.00000000139	0.07	1.0E+10	1E-30	10100	1.0E+10	0.0000000242	62.3	1.0E+10	0.0000000498	139	1E-30	1.0E+10	1.0E+10	1E-30	1.0E+10	1.0E+10	1E-30	1.0E+10	1.0E+10	1E-30	1.0E+10	1.0E+10	1E-30	1.0E+10	1.0E+10	1E-30	1.0E+10	1.0E+10	1E-30	1.0E+10	1.0E+10	1E-30	1.0E+10	1.0E+10	1E-30	1.0E+10	1.0E+10	1E-30	1.0E+10	1.0E+10	1E-30	1.0E+10	1.0E+10
6	0.000000000000054	1E-30	1.0E-10	1.0E+10	0.00000000139	0.07	1.0E+10	1E-30	10100	1.0E+10	0.0000000242	62.3	1.0E+10	0.0000000498	139	1E-30	1.0E+10	1.0E+10	1E-30	1.0E+10	1.0E+10	1E-30	1.0E+10	1.0E+10	1E-30	1.0E+10	1.0E+10	1E-30	1.0E+10	1.0E+10	1E-30	1.0E+10	1.0E+10	1E-30	1.0E+10	1.0E+10	1E-30	1.0E+10	1.0E+10	1E-30	1.0E+10	1.0E+10	1E-30	1.0E+10	1.0E+10	1E-30	1.0E+10	1.0E+10
7	2.15E-14	1E-30	1.0E-10	1.0E+10	0.00000000149	0.11	1.0E+10	1E-30	6530	1.0E+10	0.0000000305	62.3	1.0E+10	0.0000000498	441	1E-30	1.0E+10	1.0E+10	1E-30	1.0E+10	1.0E+10	1E-30	1.0E+10	1.0E+10	1E-30	1.0E+10	1.0E+10	1E-30	1.0E+10	1.0E+10	1E-30	1.0E+10	1.0E+10	1E-30	1.0E+10	1.0E+10	1E-30	1.0E+10	1.0E+10	1E-30	1.0E+10	1.0E+10	1E-30	1.0E+10	1.0E+10	1E-30	1.0E+10	1.0E+10
8	2.15E-14	1E-30	1.0E-10	1.0E+10	0.00000000149	0.11	1.0E+10	1E-30	6530	1.0E+10	0.0000000305	62.3	1.0E+10	0.0000000498	441	1E-30	1.0E+10	1.0E+10	1E-30	1.0E+10	1.0E+10	1E-30	1.0E+10	1.0E+10	1E-30	1.0E+10	1.0E+10	1E-30	1.0E+10	1.0E+10	1E-30	1.0E+10	1.0E+10	1E-30	1.0E+10	1.0E+10	1E-30	1.0E+10	1.0E+10	1E-30	1.0E+10	1.0E+10	1E-30	1.0E+10	1.0E+10	1E-30	1.0E+10	1.0E+10
9	1.56E-15	1E-30	1.0E-10	1.0E+10	0.00000000249	0.03	1.0E+10	1E-30	6970	1.0E+10	0.0000000189	0.701	1.0E+10	0.0000000385	26	1.0E+10	0.000000165	747	1E-30	1.0E+10	1.0E+10	1E-30	1.0E+10	1.0E+10	1E-30	1.0E+10	1.0E+10	1E-30	1.0E+10	1.0E+10	1E-30	1.0E+10	1.0E+10	1E-30	1.0E+10	1.0E+10	1E-30	1.0E+10	1.0E+10	1E-30	1.0E+10	1.0E+10	1E-30	1.0E+10	1.0E+10	1E-30	1.0E+10	1.0E+10
10	1.56E-15	1E-30	1.0E-10	1.0E+10	0.00000000249	0.03	1.0E+10	1E-30	6970	1.0E+10	0.0000000189	0.701	1.0E+10	0.0000000385	26	1.0E+10	0.000000165	747	1E-30	1.0E+10	1.0E+10	1E-30	1.0E+10	1.0E+10	1E-30	1.0E+10	1.0E+10	1E-30	1.0E+10	1.0E+10	1E-30	1.0E+10	1.0E+10	1E-30	1.0E+10	1.0E+10	1E-30	1.0E+10	1.0E+10	1E-30	1.0E+10	1.0E+10	1E-30	1.0E+10	1.0E+10	1E-30	1.0E+10	1.0E+10
11	1.56E-15	1E-30	1.0E-10	1.0E+10	0.00000000249	0.03	1.0E+10	1E-30	6970	1.0E+10	0.0000000189	0.701	1.0E+10	0.0000000385	26	1.0E+10	0.000000165	747	1E-30	1.0E+10	1.0E+10	1E-30	1.0E+10	1.0E+10	1E-30	1.0E+10	1.0E+10	1E-30	1.0E+10	1.0E+10	1E-30	1.0E+10	1.0E+10	1E-30	1.0E+10	1.0E+10	1E-30	1.0E+10	1.0E+10	1E-30	1.0E+10	1.0E+10	1E-30	1.0E+10	1.0E+10	1E-30	1.0E+10	1.0E+10
12	1.1E-15	1E-30	1.0E-10	1.0E+10	0.00000000312	0.03	1.0E+10	1E-30	6680	1.0E+10	0.0000000094	0.506	1.0E+10	0.0000000428	28.9	1.0E+10	0.000000134	699	1E-30	1.0E+10	1.0E+10	1E-30	1.0E+10	1.0E+10	1E-30	1.0E+10	1.0E+10	1E-30	1.0E+10	1.0E+10	1E-30	1.0E+10	1.0E+10	1E-30	1.0E+10	1.0E+10	1E-30	1.0E+10	1.0E+10	1E-30	1.0E+10	1.0E+10	1E-30	1.0E+10	1.0E+10	1E-30	1.0E+10	1.0E+10
13	1.1E-15	1E-30	1.0E-10	1.0E+10	0.00000000312	0.03	1.0E+10	1E-30	6680	1.0E+10	0.0000000094	0.506	1.0E+10	0.0000000428	28.9	1.0E+10	0.000000134	699	1E-30	1.0E+10	1.0E+10	1E-30	1.0E+10	1.0E+10	1E-30	1.0E+10	1.0E+10	1E-30	1.0E+10	1.0E+10	1E-30	1.0E+10	1.0E+10	1E-30	1.0E+10	1.0E+10	1E-30	1.0E+10	1.0E+10	1E-30	1.0E+10	1.0E+10	1E-30	1.0E+10	1.0E+10	1E-30	1.0E+10	1.0E+10
14	1.1E-15	1E-30	1.0E-10	1.0E+10	0.00000000312	0.03	1.0E+10	1E-30	6680	1.0E+10	0.0000000094	0.506	1.0E+10	0.0000000428	28.9	1.0E+10	0.000000134	699	1E-30	1.0E+10	1.0E+10	1E-30	1.0E+10	1.0E+10	1E-30	1.0E+10	1.0E+10	1E-30	1.0E+10	1.0E+10	1E-30	1.0E+10	1.0E+10	1E-30	1.0E+10	1.0E+10	1E-30	1.0E+10	1.0E+10	1E-30	1.0E+10	1.0E+10	1E-30	1.0E+10	1.0E+10	1E-30	1.0E+10	1.0E+10
15	1.21E-14	1E-30	1.0E-10	1.0E+10	0.00000000231	0.03	1.0E+10	1E-30	5560	1.0E+10	0.000000035	19.7	1.0E+10	0.0000000845	248	1E-30	1.0E+10	1.0E+10	1E-30	1.0E+10	1.0E+10	1E-30	1.0E+10	1.0E+10	1E-30	1.0E+10	1.0E+10	1E-30	1.0E+10	1.0E+10	1E-30	1.0E+10	1.0E+10	1E-30	1.0E+10	1.0E+10	1E-30	1.0E+10	1.0E+10	1E-30	1.0E+10	1.0E+10	1E-30	1.0E+10	1.0E+10	1E-30	1.0E+10	1.0E+10
16	1.21E-14	1E-30	1.0E-10	1.0E+10	0.00000000231	0.03	1.0E+10	1E-30	5560	1.0E+10	0.000000035	19.7	1.0E+10	0.0000000845	248	1E-30	1.0E+10	1.0E+10	1E-30	1.0E+10	1.0E+10	1E-30	1.0E+10	1.0E+10	1E-30	1.0E+10	1.0E+10	1E-30	1.0E+10	1.0E+10	1E-30	1.0E+10	1.0E+10	1E-30	1.0E+10	1.0E+10	1E-30	1.0E+10	1.0E+10	1E-30	1.0E+10	1.0E+10	1E-30	1.0E+10	1.0E+10	1E-30	1.0E+10	1.0E+10
17	1.21E-14	1E-30	1.0E-10	1.0E+10	0.00000000231	0.03	1.0E+10	1E-30	5560	1.0E+10	0.000000035	19.7	1.0E+10	0.0000000845	248	1E-30	1.0E+10	1.0E+10	1E-30	1.0E+10	1.0E+10	1E-30	1.0E+10	1.0E+10	1E-30	1.0E+10	1.0E+10	1E-30	1.0E+10	1.0E+10	1E-30	1.0E+10	1.0E+10	1E-30	1.0E+10	1.0E+10	1E-30	1.0E+10	1.0E+10	1E-30	1.0E+10	1.0E+10	1E-30	1.0E+10	1.0E+10	1E-30	1.0E+10	1.0E+10
18	1.04E-14	1E-30	1.0E-10	1.0E+10	0.00000000308	0.03	1.0E+10	1E-30	7000	1.0E+10	0.0000000137	0.682	1.0E+10	0.0000000493	34	1.0E+10	0.000000178	813	1E-30	1.0E+10	1.0E+10	1E-30	1.0E+10	1.0E+10	1E-30	1.0E+10	1.0E+10	1E-30	1.0E+10	1.0E+10	1E-30	1.0E+10	1.0E+10	1E-30	1.0E+10	1.0E+10	1E-30	1.0E+10	1.0E+10	1E-30	1.0E+10	1.0E+10	1E-30	1.0E+10	1.0E+10	1E-30	1.0E+10	1.0E+10
19	1.04E-14	1E-30	1.0E-10	1.0E+10	0.00000000308	0.03	1.0E+10	1E-30	7000	1.0E+10	0.0000000137	0.682	1.0E+10	0.0000000493	34	1.0E+10	0.000000178	813	1E-30	1.0E+10	1.0E+10	1E-30	1.0E+10	1.0E+10	1E-30	1.0E+10	1.0E+10	1E-30	1.0E+10	1.0E+10	1E-30	1.0E+10	1.0E+10	1E-30	1.0E+10	1.0E+10	1E-30	1.0E+10	1.0E+10	1E-30	1.0E+10	1.0E+10	1E-30	1.0E+10	1.0E+10	1E-30	1.0E+10	1.0E+10
20	1.04E-14	1E-30	1.0E-10	1.0E+10	0.00000000308	0.03	1.0E+10	1E-30	7000	1.0E+10	0.0000000137	0.682	1.0E+10	0.0000000493	34	1.0E+10	0.000000178	813	1E-30	1.0E+10	1.0E+10	1E-30	1.0E+10	1.0E+10	1E-30	1.0E+10	1.0E+10	1E-30	1.0E+10	1.0E+10	1E-30	1.0E+10	1.0E+10	1E-30	1.0E+10	1.0E+10	1E-30	1.0E+10	1.0E+10	1E-30	1.0E+10	1.0E+10	1E-30	1.0E+10	1.0E+10	1E-30	1.0E+10	1.0E+10
21	2.25E-14	1E-30	1.0E-10	1.0E+10	0.00000000253	0.03	1.0E+10	1E-30	5560	1.0E+10	0.000000035	17.6	1.0E+10	0.0000000845	254	1E-30	1.0E+10	1.0E+10	1E-30	1.0E+10	1.0E+10	1E-30	1.0E+10	1.0E+10	1E-30	1.0E+10	1.0E+10	1E-30	1.0E+10	1.0E+10	1E-30	1.0E+10	1.0E+10	1E-30	1.0E+10	1.0E+10	1E-30	1.0E+10	1.0E+10	1E-30	1.0E+10	1.0E+10	1E-30	1.0E+10	1.0E+10	1E-30	1.0E+10	1.0E+10
22	2.25E-14	1E-30	1.0E-10	1.0E+10	0.00000000253	0.03	1.0E+10	1E-30	5560	1.0E+10	0.000000035	17.6	1.0E+10	0.0000000845	254	1E-30	1.0E+10	1.0E+10	1E-30	1.0E+10	1.0E+10	1E-30	1.0E+10	1.0E+10	1E-30	1.0E+10	1.0E+10	1E-30	1.0E+10	1.0E+10	1E-30	1.0E+10	1.0E+10	1E-30	1.0E+10	1.0E+10	1E-30	1.0E+10	1.0E+10	1E-30	1.0E+10	1.0E+10	1E-30	1.0E+10	1.0E+10	1E-30	1.0E+10	1.0E+10
23	2.25E-14	1E-30	1.0E-10	1.0E+10	0.00000000253	0.03	1.0E+10	1E-30	5560	1.0E+10	0.000000035	17.6	1.0E+10	0.0000000845	254	1E-30	1.0E+10	1.0E+10	1E-30	1.0E+10	1.0E+10	1E-30	1.0E+10	1.0E+10	1E-30	1.0E+10	1.0E+10	1E-30	1.0E+10	1.0E+10	1E-30	1.0E+10	1.0E+10	1E-30	1.0E+10	1.0E+10	1E-30	1.0E+10	1.0E+10	1E-30	1.0E+10	1.0E+10	1E-30	1.0E+10	1.0E+10	1E-30	1.0E+10	1.0E+10
24	1.58E-14	1E-30	1.0E-10	1.0E+10	0.0000000036	0.05	1.0E+10	1E-30	6610	1.0E+10	0.0000000117	0.527	1.0E+10	0.0000000475	28.1	1.0E+10	0.00000015	767	1E-30	1.0E+10	1.0E+10	1E-30	1.0E+10	1.0E+10	1E-30	1.0E+10	1.0E+10	1E-30	1.0E+10	1.0E+10	1E-30	1.0E+10	1.0E+10	1E-30	1.0E+10	1.0E+10	1E-30	1.0E+10	1.0E+10	1E-30	1.0E+10	1.0E+10	1E-30	1.0E+10	1.0E+10	1E-30	1.0E+10	1.0E+10
25	1.58E-14	1E-30	1.0E-10	1.0E+10	0.0000000036	0.05	1.0E+10	1E-30	6610	1.0E+10	0.0000000117	0.527	1.0E+10	0.0000000475	28.1	1.0E+10	0.00000015	767	1E-30	1.0E+10	1.0E+10	1E-30	1.0E+10	1.0E+10	1E-30	1.0E+10	1.0E+10	1E-30	1.0E+10	1.0E+10	1E-30	1.0E+10	1.0E+10	1E-30	1.0E+10	1.0E+10	1E-30	1.0E+10	1.0E+10	1E-30	1.0E+10	1.0E+10	1E-30	1.0E+10	1.0E+10	1E-30	1.0E+10	1.0E+10
26	1.58E-14	1E-30	1.0E-10	1.0E+10	0.0000000036	0.05	1.0E+10	1E-30	6610	1.0E+10	0.0000000117	0.527	1.0E+10	0.0000000475	28.1	1.0E+10	0.00000015	767	1E-30	1.0E+10	1.0E+10	1E-30	1.0E+10	1.0E+10	1E-30	1.0E+10	1.0E+10	1E-30	1.0E+10	1.0E+10	1E-30	1.0E+10	1.0E+10	1E-30	1.0E+10	1.0E+10	1E-30	1.0E+10	1.0E+10	1E-30	1.0E+10	1.0E+10	1E-30	1.0E+10	1.0E+10	1E-30	1.0E+10	1.0E+10
27	1.75E-14	1E-30	1.0E-10	1.0E+10	0.00000000277	0.05	1.0E+10	1E-30	14300	1.0E+10	0.0000000421	35.2	1.0E+10	0.000000000000015	8770	1E-30	1.0E+10	1.0E+10	1E-30	1.0E+10	1.0E+10	1E-30	1.0E+10	1.0E+10	1E-30	1.0E+10	1.0E+10	1E-30	1.0E+10	1.0E+10	1E-30	1.0E+10	1.0E+10	1E-30	1.0E+10	1.0E+10	1E-30	1.0E+10	1.0E+10	1E-30	1.0E+10	1.0E+10	1E-30	1.0E+10	1.0E+10	1E-30	1.0E+10	1.0E+10
28	1.75E-14	1E-30	1.0E-10	1.0E+10	0.00000000277	0.05	1.0E+10	1E-30	14300	1.0E+10	0.0000000421	35.2	1.0E+10	0.000000000000015	8770	1E-30	1.0E+10	1.0E+10	1E-30	1.0E+10	1.0E+10	1E-30	1.0E+10	1.0E+10	1E-30	1.0E+10	1.0E+10	1E-30	1.0E+10	1.0E+10	1E-30	1.0E+10	1.0E+10	1E-30	1.0E+10	1.0E+10	1E-30	1.0E+10	1.0E+10	1E-30	1.0E+10	1.0E+10	1E-30	1.0E+10	1.0E+10	1E-30	1.0E+10	1.0E+10
29	1.75E-14	1E-30	1.0E-10	1.0E+10	0.00000000277	0.05	1.0E+10	1E-30	14300	1.0E+10	0.0000000421	35.2	1.0E+10	0.000000000000015	8770	1E-30	1.0E+10	1.0E+10	1E-30	1.0E+10	1.0E+10	1E-30	1.0E+10	1.0E+10	1E-30	1.0E+10	1.0E+10	1E-30	1.0E+10	1.0E+10	1E-30	1.0E+10	1.0E+10	1E-30	1.0E+10	1.0E+10	1E-30	1.0E+10	1.0E+10	1E-30	1.0E+10	1.0E+10	1E-30	1.0E+10	1.0E+10	1E-30	1.0E+10	1.0E+10
30	1.36E-14	1E-30	1.0E-10	1.0E+10	0.00000000277	0.09	1.0E+10	1E-30	14300	1.0E+10	0.0000000411	90.5	1.0E+10	0.00000000306	11300	1E-30	1.0E+10	1.0E+10	1E-30	1.0E+10	1.0E+10	1E-30	1.0E+10	1.0E+10	1E-30	1.0E+10	1.0E+10	1E-30	1.0E+10	1.0E+10	1E-30	1.0E+10	1.0E+10	1E-30	1.0E+10	1.0E+10	1E-30	1.0E+10	1.0E+10	1E-30	1.0E+10	1.0E+10	1E-30	1.0E+10	1.0E+10	1E-30	1.0E+10	1.0E+10
31	1.36E-14	1E-30	1.0E-10	1.0E+10	0.00000000277	0.09	1.0E+10	1E-30	14300	1.0E+10	0.0000000411	90.5	1.0E+10	0.00000000306	11300	1E-30	1.0E+10	1.0E+10	1E-30	1.0E+10	1.0E+10	1E-30	1.0E+10	1.0E+10	1E-30	1.0E+10	1.0E+10	1E-30	1.0E+10	1.0E+10	1E-30	1.0E+10	1.0E+10	1E-30	1.0E+10	1.0E+10	1E-30	1.0E+10	1.0E+10	1E-30	1.0E+10	1.0E+10	1E-30	1.0E+10	1.0E+10	1E-30	1.0E+10	1.0E+10
32	1.36E-14	1E-30	1.0E-10	1.0E+10	0.00000000277	0.09	1.0E+10	1E-30	14300	1.0E+10	0.0000000411	90.5	1.0E+10	0.00000000306	11300	1E-30	1.0E+10	1.0E+10	1E-30	1.0E+10	1.0E+10	1E-30	1.0E+10	1.0E+10	1E-30	1.0E+10	1.0E+10	1E-30	1.0E+10	1.0E+10	1E-30	1.0E+10	1.0E+10	1E-30	1.0E+10	1.0E+10	1E-30	1.0E+10	1.0E+10	1E-30	1.0E+10	1.0E+10	1E-30	1.0E+10	1.0E+10	1E-30	1.0E+10	1.0E+10
33	1.46E-14	1E-30	1.0E-10	1.0E+10	0.00000000294	0.12	1.0E+10	1E-30	8670	1.0E+10	0.0000000618	36.5	1.0E+10	0.0000000707	308	1E-30	1.0E+10	1.0E+10	1E-30	1.0E+10	1.0E+10	1E-30	1.0E+10	1.0E+10	1E-30	1.0E+10	1.0E+10	1E-30	1.0E+10	1.0E+10	1E-30	1.0E+10	1.0E+10	1E-30	1.0E+10	1.0E+10	1E-30	1.0E+10	1.0E+10	1E-30	1.0E+10	1.0E+10	1E-30	1.0E+10	1.0E+10	1E-30	1.0E+10	1.0E+10
34	1.46E-14	1E-30	1.0E-10	1.0E+10	0.00000000294	0.12	1.0E+10	1E-30	8670	1.0E+10	0.0000000618	36.5	1.0E+10	0.0000000707	308	1E-30	1.0E+10	1.0E+10	1E-30	1.0E+10	1.0E+10	1E-30	1.0E+10	1.0E+10	1E-30	1.0E+10	1.0E+10	1E-30	1.0E+10	1.0E+10	1E-30	1.0E+10	1.0E+10	1E-30	1.0E+10	1.0E+10	1E-30	1.0E+10	1.0E+10	1E-30	1.0E+10	1.0E+10	1E-30	1.0E+10	1.0E+10	1E-30	1.0E+10	1.0E+10
35	1.46E-14	1E-30	1.0E-10	1.0E+10	0.00000000294	0.12	1.0E+10	1E-30	8670	1.0E+10	0.0000000618	36.5	1.0E+10	0.0000000707	308	1E-30	1.0E+10	1.0E+10	1E-30	1.0E+10	1.0E+10	1E-30	1.0E+10	1.0E+10	1E-30	1.0E+10	1.0E+10	1E-30	1.0E+10	1.0E+10	1E-30	1.0E+10	1.0E+10	1E-30	1.0E+10	1.0E+10	1E-30	1.0E+10	1.0E+10	1E-30	1.0E+10	1.0E+10	1E-30	1.0E+10	1.0E+10	1E-30	1.0E+10	1.0E+10
36	1.06E-14	1E-30	1.0E-10	1.0E+10	0.00000000439	0.05	1.0E+10	1E-30	8890	1.0E+10	0.000000024	1.08	1.0E+10	0.0000000784	71.1	1.0E+10	0.000000323	1350	1E-30	1.0E+10	1.0E+10	1E-30	1.0E+10	1.0E+10	1E-30	1.0E+10	1.0E+10	1E-30	1.0E+10	1.0E+10	1E-30	1.0E+10	1.0E+10	1E-30	1.0E+10	1.0E+10	1E-30	1.0E+10	1.0E+10	1E-30	1.0E+10	1.0E+10	1E-30	1.0E+10	1.0E+10	1E-30	1.0E+10	1.0E+10
37	1.06E-14	1E-30	1.0E-10	1.0E+10	0.00000000439	0.05	1.0E+10	1E-30	8890	1.0E+10	0.000000024	1.08	1.0E+10	0.0000000784	71.1	1.0E+10	0.000000323	1350	1E-30	1.0E+10	1.0E+10	1E-30	1.0E+10	1.0E+10	1E-30	1.0E+10	1.0E+10	1E-30	1.0E+10	1.0E+10	1E-30	1.0E+10	1.0E+10	1E-30	1.0E+10	1.0E+10	1E-30	1.0E+10	1.0E+10	1E-30	1.0E+10	1.0E+10	1E-30	1.0E+10	1.0E+10	1E-30	1.0E+10	1.0E+10
38	1.06E-14	1E-30	1.0E-10	1.0E+10	0.00000000439	0.05	1.0E+10	1E-30	8890	1.0E+10	0.000000024	1.08	1.0E+10	0.0000000784	71.1	1.0E+10	0.000000323	1350	1E-30	1.0E+10	1.0E+10	1E-30	1.0E+10	1.0E+10	1E-30	1.0E+10	1.0E+10	1E-30	1.0E+10	1.0E+10	1E-30	1.0E+10	1.0E+10	1E-30	1.0E+10	1.0E+10	1E-30	1.0E+10	1.0E+10	1E-30	1.0E+10	1.0E+10	1E-30	1.0E+10	1.0E+10	1E-30	1.0E+10	1.0E+10
39	1.17E-14	1E-30	1.0E-10	1.0E+10	0.00000000475	0.0477	1.0E+10	1E-30	9120	1.0E+10	0.0000000239	1.03	1.0E+10	0.0000000719	43	1.0E+10	0.000000229	957	1E-30	1.0E+10	1.0E+10	1E-30	1.0E+10	1.0E+10	1E-30	1.0E+10	1.0E+10	1E-30	1.0E+10	1.0E+10	1E-30	1.0E+10	1.0E+10	1E-30	1.0E+10	1.0E+10	1E-30	1.0E+10	1.0E+10	1E-30	1.0E+10	1.0E+10	1E-30	1.0E+10	1.0E+10	1E-30	1.0E+10	1.0E+10
40	1.17E-14	1E-30	1.0E-10	1.0E+10	0.00000000475	0.0477	1.0E+10	1E-30	9120	1.0E+10	0.0000000239	1.03	1.0E+10	0.0000000719	43	1.0E+10	0.000000229	957	1E-30	1.0E+10	1.0E+10	1E-30	1.0E+10	1.0E+10	1E-30	1.0E+10	1.0E+10	1E-30	1.0E+10	1.0E+10	1E-30	1.0E+10	1.0E+10	1E-30	1.0E+10	1.0E+10	1E-30	1.0E+10	1.0E+10	1E-30	1.0E+10	1.0E+10	1E-30	1.0E+10	1.0E+10	1E-30	1.0E+10	1.0E+10
41	1.17E-14	1E-30	1.0E-10	1.0E+10	0.00000000475	0.0477	1.0E+10	1E-30	9120	1.0E+10	0.0000000239	1.03	1.0E+10	0.0000000719	43	1.0E+10	0.000000229	957	1E-30	1.0E+10	1.0E+10	1E-30	1.0E+10	1.0E+10	1E-30	1.0E+10	1.0E+10	1E-30	1.0E+10	1.0E+10	1E-30	1.0E+10	1.0E+10	1E-30	1.0E+10	1.0E+10	1E-30	1.0E+10	1.0E+10	1E-30	1.0E+10	1.0E+10	1E-30	1.0E+10	1.0E+10	1E-30	1.0E+10	1.0E+10
42	2.45E-14	1E-30	1.0E-10	1.0E+10	0.00000000499	0.05	1.0E+10	1E-30	10100	1.0E+10	0.0000000266	1.02	1.0E+10	0.0000000749	50.8	1.0E+10	0.000000267	1230	1E-30	1.0E+10	1.0E+10	1E-30	1.0E+10	1.0E+10	1E-30	1.0E+10	1.0E+10	1E-30	1.0E+10	1.0E+10	1E-30	1.0E+10	1.0E+10	1E-30	1.0E+10	1.0E+10	1E-30	1.0E+10	1.0E+10	1E-30	1.0E+10	1.0E+10	1E-30	1.0E+10	1.0E+10	1E-30	1.0E+10	1.0E+10
43	2.45E-14	1E-30	1.0E-10	1.0E+10	0.00000000499	0.05	1.0E+10	1E-30	10100	1.0E+10	0.0000000266	1.02	1.0E+10	0.0000000749	50.8	1.0E+10	0.000000267	1230	1E-30	1.0E+10	1.0E+10	1E-30	1.0E+10	1.0E+10	1E-30	1.0E+10	1.0E+10	1E-30	1.0E+10	1.0E+10	1E-30	1.0E+10	1.0E+10	1E-30	1.0E+10	1.0E+10	1E-30	1.0E+10	1.0E+10	1E-30	1.0E+10	1.0E+10	1E-30	1.0E+10	1.0E+10	1E-30	1.0E+10	1.0E+10
44	2.45E-14	1E-30	1.0E-10	1.0E+10	0.00000000499	0.05	1.0E+10	1E-30	10100	1.0E+10	0.0000000266	1.02	1.0E+10	0.0000000749	50.8	1.0E+10	0.000000267	1230	1E-30	1.0E+10	1.0E+10	1E-30	1.0E+10	1.0E+10	1E-30	1.0E+10	1.0E+10	1E-30	1.0E+10	1.0E+10	1E-30	1.0E+10	1.0E+10	1E-30	1.0E+10	1.0E+10	1E-30	1.0E+10	1.0E+10	1E-30	1.0E+10	1.0E+10	1E-30	1.0E+10	1.0E+10	1E-30	1.0E+10	1.0E+10
45	2.48E-14	1E-30	1.0E-10	1.0E+10	0.00000000415	0.05	1.0E+10	1E-30	8670	1.0E+10	0.0000000979	36.5	1.0E+10	0.000000112	308	1E-30	1.0E+10	1.0E+10	1E-30	1.0E+10	1.0E+10	1E-30	1.0E+10	1.0E+10	1E-30	1.0E+10	1.0E+10	1E-30	1.0E+10	1.0E+10	1E-30	1.0E+10	1.0E+10	1E-30	1.0E+10	1.0E+10	1E-30	1.0E+10	1.0E+10	1E-30	1.0E+10	1.0E+10	1E-30	1.0E+10	1.0E+10	1E-30	1.0E+10	1.0E+10
46	2.48E-14	1E-30	1.0E-10	1.0E+10	0.00000000415	0.05	1.0E+10	1E-30	8670	1.0E+10	0.0000000979	36.5	1.0E+10	0.000000112	308	1E-30	1.0E+10	1.0E+10	1E-30	1.0E+10	1.0E+10	1E-30	1.0E+10	1.0E+10	1E-30	1.0E+10	1.0E+10	1E-30	1.0E+10	1.0E+10	1E-30	1.0E+10	1.0E+10	1E-30	1.0E+10	1.0E+10	1E-30	1.0E+10	1.0E+10	1E-30	1.0E+10	1.0E+10	1E-30	1.0E+10	1.0E+10	1E-30	1.0E+10	1.0E+10
47	2.48E-14	1E-30	1.0E-10	1.0E+10	0.00000000415	0.05	1.0E+10	1E-30	8670	1.0E+10	0.0000000979	36.5	1.0E+10	0.000000112	308	1E-30	1.0E+10	1.0E+10	1E-30	1.0E+10	1.0E+10	1E-30	1.0E+10	1.0E+10	1E-30	1.0E+10	1.0E+10	1E-30	1.0E+10	1.0E+10	1E-30	1.0E+10	1.0E+10	1E-30	1.0E+10	1.0E+10	1E-30	1.0E+10	1.0E+10	1E-30	1.0E+10	1.0E+10	1E-30	1.0E+10	1.0E+10	1E-30	1.0E+10	1.0E+10
48	2.42E-14	1E-30	1.0E-10	1.0E+10	0.00000000425	0.05	1.0E+10	1E-30	8670	1.0E+10	0.0000000743	36.5	1.0E+10	0.000000141	322	1E-30	1.0E+10	1.0E+10	1E-30	1.0E+10	1.0E+10	1E-30	1.0E+10	1.0E+10	1E-30	1.0E+10	1.0E+10	1E-30	1.0E+10	1.0E+10	1E-30	1.0E+10	1.0E+10	1E-30	1.0E+10	1.0E+10	1E-30	1.0E+10	1.0E+10	1E-30	1.0E+10	1.0E+10	1E-30	1.0E+10	1.0E+10	1E-30	1.0E+10	1.0E+10
49	2.42E-14	1E-30	1.0E-10	1.0E+10	0.00000000425	0.05	1.0E+10	1E-30	8670	1.0E+10	0.0000000743	36.5	1.0E+10	0.000000141	322	1E-30	1.0E+10	1.0E+10	1E-30	1.0E+10	1.0E+10	1E-30	1.0E+10	1.0E+10	1E-30	1.0E+10	1.0E+10	1E-30	1.0E+10	1.0E+10	1E-30	1.0E+10	1.0E+10	1E-30	1.0E+10	1.0E+10	1E-30	1.0E+10	1.0E+10	1E-30	1.0E+10	1.0E+10	1E-30	1.0E+10	1.0E+10	1E-30	1.0E+10	1.0E+10
50	2.42E-14	1E-30	1.0E-10	1.0E+10	0.00000000425	0.05	1.0E+10	1E-30	8670	1.0E+10	0.0000000743	36.5	1.0E+10	0.000000141	322	1E-30	1.0E+10	1.0E+10	1E-30	1.0E+10	1.0E+10	1E-30	1.0E+10	1.0E+10	1E-30	1.0E+10	1.0E+10	1E-30	1.0E+10	1.0E+10	1E-30	1.0E+10	1.0E+10	1E-30	1.0E+10	1.0E+10	1E-30	1.0E+10	1.0E+10	1E-30	1.0E+10	1.0E+10	1E-30	1.0E+10	1.0E+10	1E-30	1.0E+10	1.0E+10
51	2.54E-14	1E-30	1.0E-10	1.0E+10	0.00000000455	0.05	1.0E+10	1E-30	8670	1.0E+10	0.0000000834	36.5	1.0E+10	0.000000135	406	1E-30	1.0E+10	1.0E+10	1E-30	1.0E+10	1.0E+10	1E-30	1.0E+10	1.0E+10	1E-30	1.0E+10	1.0E+10	1E-30	1.0E+10	1.0E+10	1E-30	1.0E+10	1.0E+10	1E-30	1.0E+10	1.0E+10	1E-30	1.0E+10	1.0E+10	1E-30	1.0E+10	1.0E+10	1E-30	1.0E+10	1.0E+10	1E-30	1.0E+10	1.0E+10
52	2.54E-14	1E-30	1.0E-10	1.0E+10	0.00000000455	0.05	1.0E+10	1E-30	8670	1.0E+10	0.0000000834	36.5	1.0E+10	0.000000135	406	1E-30	1.0E+10	1.0E+10	1E-30	1.0E+10	1.0E+10	1E-30	1.0E+10	1.0E+10	1E-30	1.0E+10	1.0E+10	1E-30	1.0E+10	1.0E+10	1E-30	1.0E+10	1.0E+10	1E-30	1.0E+10	1.0E+10	1E-30	1.0E+10	1.0E+10	1E-30	1.0E+10	1.0E+10	1E-30	1.0E+10	1.0E+10	1E-30	1.0E+10	1.0E+10
53	2.54E-14	1E-30	1.0E-10	1.0E+10	0.00000000455	0.05	1.0E+10	1E-30	8670	1.0E+10	0.0000000834	36.5	1.0E+10	0.000000135	406	1E-30	1.0E+10	1.0E+10	1E-30	1.0E+10	1.0E+10	1E-30	1.0E+10	1.0E+10	1E-30	1.0E+10	1.0E+10	1E-30	1.0E+10	1.0E+10	1E-30	1.0E+10	1.0E+10	1E-30	1.0E+10	1.0E+10	1E-30	1.0E+10	1.0E+10	1E-30	1.0E+10	1.0E+10	1E-30	1.0E+10	1.0E+10	1E-30	1.0E+10	1.0E+10
54	3.54E-14	1E-30	1.0E-10	1.0E+10	0.00000000558	0.05	1.0E+10	1E-30	11400	1.0E+10	0.0000000262	1.09	1.0E+10	0.0000000699	43.4	1.0E+10	0.000000265	1470	1E-30	1.0E+10	1.0E+10	1E-30	1.0E+10	1.0E+10	1E-30	1.0E+10	1.0E+10	1E-30	1.0E+10	1.0E+10	1E-30	1.0E+10	1.0E+10	1E-30	1.0E+10	1.0E+10	1E-30	1.0E+10	1.0E+10	1E-30	1.0E+10	1.0E+10	1E-30	1.0E+10	1.0E+10	1E-30	1.0E+10	1.0E+10
55	3.54E-14	1E-30	1.0E-10	1.0E+10	0.00000000558	0.05	1.0E+10	1E-30	11400	1.0E+10	0.0000000262	1.09	1.0E+10	0.0000000699	43.4	1.0E+10	0.000000265	1470	1E-30	1.0E+10	1.0E+10	1E-30	1.0E+10	1.0E+10	1E-30	1.0E+10	1.0E+10	1E-30	1.0E+10	1.0E+10	1E-30	1.0E+10	1.0E+10	1E-30	1.0E+10	1.0E+10	1E-30	1.0E+10	1.0E+10	1E-30	1.0E+10	1.0E+10	1E-30	1.0E+10	1.0E+10	1E-30	1.0E+10	1.0E+10
56	3.54E-14	1E-30	1.0E-10	1.0E+10	0.00000000558	0.05	1.0E+10	1E-30	11400	1.0E+10	0.0000000262	1.09	1.0E+10	0.0000000699	43.4	1.0E+10	0.000000265	1470	1E-30	1.0E+10	1.0E+10	1E-30	1.0E+10	1.0E+10	1E-30	1.0E+10	1.0E+10	1E-30	1.0E+10	1.0E+10	1E-30	1.0E+10	1.0E+10	1E-30	1.0E+10	1.0E+10	1E-30	1.0E+10	1.0E+10	1E-30	1.0E+10	1.0E+10	1E-30	1.0E+10	1.0E+10	1E-30	1.0E+10	1.0E+10
57	3.27E-14	1E-30	1.0E-10	1.0E+10	0.00000000466	0.05	1.0E+10	1E-30	8670	1.0E+10	0.000000071	36.5	1.0E+10	0.00000019	406	1E-30	1.0E+10	1.0E+10	1E-30	1.0E+10	1.0E+10	1E-30	1.0E+10	1.0E+10	1E-30	1.0E+10	1.0E+10	1E-30	1.0E+10	1.0E+10	1E-30	1.0E+10	1.0E+10	1E-30	1.0E+10	1.0E+10	1E-30	1.0E+10	1.0E+10	1E-30	1.0E+10	1.0E+10	1E-30	1.0E+10	1.0E+10	1E-30	1.0E+10	1.0E+10
58	3.27E-14	1E-30	1.0E-10	1.0E+10	0.00000000466	0.05	1.0E+10	1E-30	8670	1.0E+10	0.000000071	36.5	1.0E+10	0.00000019	406	1E-30	1.0E+10	1.0E+10	1E-30	1.0E+10	1.0E+10	1E-30	1.0E+10	1.0E+10	1E-30	1.0E+10	1.0E+10	1E-30	1.0E+10	1.0E+10	1E-30	1.0E+10	1.0E+10	1E-30	1.0E+10	1.0E+10	1E-30	1.0E+10	1.0E+10	1E-30	1.0E+10	1.0E+10	1E-30	1.0E+10	1.0E+10	1E-30	1.0E+10	1.0E+10
59	3.27E-14	1E-30	1.0E-10	1.0E+10	0.00000000466	0.05	1.0E+10	1E-30	8670	1.0E+10	0.000000071	36.5	1.0E+10	0.00000019	406	1E-30	1.0E+10	1.0E+10	1E-30	1.0E+10	1.0E+10	1E-30	1.0E+10	1.0E+10	1E-30	1.0E+10	1.0E+10	1E-30	1.0E+10	1.0E+10	1E-30	1.0E+10	1.0E+10	1E-30	1.0E+10	1.0E+10	1E-30	1.0E+10	1.0E+10	1E-30	1.0E+10	1.0E+10	1E-30	1.0E+10	1.0E+10	1E-30	1.0E+10	1.0E+10
60	3.12E-14	1E-30	1.0E-10	1.0E+10	0.00000000466	0.08	1.0E+10	1E-30	8670	1.0E+10	0.0000000761	49.2	1.0E+10	0.000000245	952	1E-30	1.0E+10	1.0E+10	1E-30	1.0E+10	1.0E+10	1E-30	1.0E+10	1.0E+10	1E-30	1.0E+10	1.0E+10	1E-30	1.0E+10	1.0E+10	1E-30	1.0E+10	1.0E+10	1E-30	1.0E+10	1.0E+10	1E-30	1.0E+10	1.0E+10	1E-30	1.0E+10	1.0E+10	1E-30	1.0E+10	1.0E+10	1E-30	1.0E+10	1.0E+10
61	3.12E-14	1E-30	1.0E-10	1.0E+10	0.00000000466	0.08	1.0E+10	1E-30	8670	1.0E+10	0.0000000761	49.2	1.0E+10	0.000000245	952	1E-30	1.0E+10	1.0E+10	1E-30	1.0E+10	1.0E+10	1E-30	1.0E+10	1.0E+10	1E-30	1.0E+10	1.0E+10	1E-30	1.0E+10	1.0E+10	1E-30	1.0E+10	1.0E+10	1E-30	1.0E+10	1.0E+10	1E-30	1.0E+10	1.0E+10	1E-30	1.0E+10	1.0E+10	1E-30	1.0E+10	1.0E+10	1E-30	1.0E+10	1.0E+10
62	3.12E-14	1E-30	1.0E-10	1.0E+10	0.00000000466	0.08	1.0E+10	1E-30	8670	1.0E+10	0.0000000761	49.2	1.0E+10	0.000000245	952	1E-30	1.0E+10	1.0E+10	1E-30	1.0E+10	1.0E+10	1E-30	1.0E+10	1.0E+10	1E-30	1.0E+10	1.0E+10	1E-30	1.0E+10	1.0E+10	1E-30	1.0E+10	1.0E+10	1E-30	1.0E+10	1.0E+10	1E-30	1.0E+10	1.0E+10	1E-30	1.0E+10	1.0E+10	1E-30	1.0E+10	1.0E+10	1E-30	1.0E+10	1.0E+10
63	3.12E-14	1E-30	1.0E-10	1.0E+10	0.00000000477	0.08	1.0E+10	1E-30	8670	1.0E+10	0.0000000815	52.7	1.0E+10	0.000000245	1020	1E-30	1.0E+10	1.0E+10	1E-30	1.0E+10	1.0E+10	1E-30	1.0E+10	1.0E+10	1E-30	1.0E+10	1.0E+10	1E-30	1.0E+10	1.0E+10	1E-30	1.0E+10	1.0E+10	1E-30	1.0E+10	1.0E+10	1E-30	1.0E+10	1.0E+10	1E-30	1.0E+10	1.0E+10	1E-30	1.0E+10	1.0E+10	1E-30	1.0E+10	1.0E+10
64	3.12E-14	1E-30	1.0E-10	1.0E+10	0.00000000477	0.08	1.0E+10	1E-30	8670	1.0E+10	0.0000000815	52.7	1.0E+10	0.000000245	1020	1E-30	1.0E+10	1.0E+10	1E-30	1.0E+10	1.0E+10	1E-30	1.0E+10	1.0E+10	1E-30	1.0E+10	1.0E+10	1E-30	1.0E+10	1.0E+10	1E-30	1.0E+10	1.0E+10	1E-30	1.0E+10	1.0E+10	1E-30	1.0E+10	1.0E+10	1E-30	1.0E+10	1.0E+10	1E-30	1.0E+10	1.0E+10	1E-30	1.0E+10	1.0E+10
65	3.12E-14	1E-30	1.0E-10	1.0E+10	0.00000000477	0.08	1.0E+10	1E-30	8670	1.0E+10	0.0000000815	52.7	1.0E+10	0.000000245	1020	1E-30	1.0E+10	1.0E+10	1E-30	1.0E+10	1.0E+10	1E-30	1.0E+10	1.0E+10	1E-30	1.0E+10	1.0E+10	1E-30	1.0E+10	1.0E+10	1E-30	1.0E+10	1.0E+10	1E-30	1.0E+10	1.0E+10	1E-30	1.0E+10	1.0E+10	1E-30	1.0E+10	1.0E+10	1E-30	1.0E+10	1.0E+10	1E-30	1.0E+10	1.0E+10
66	3.32E-14	1E-30	1.0E-10	1.0E+10	0.0000000059	0.08	1.0E+10	1E-30	10600	1.0E+10	0.0000000307	1.61	1.0E+10	0.0000000894	91.6	1.0E+10	0.000000442	2090	1E-30	1.0E+10	1.0E+10	1E-30	1.0E+10	1.0E+10	1E-30	1.0E+10	1.0E+10	1E-30	1.0E+10	1.0E+10	1E-30	1.0E+10	1.0E+10	1E-30	1.0E+10	1.0E+10	1E-30	1.0E+10	1.0E+10	1E-30	1.0E+10	1.0E+10	1E-30	1.0E+10	1.0E+10	1E-30	1.0E+10	1.0E+10
67	3.32E-14	1E-30	1.0E-10	1.0E+10	0.0000000059	0.08	1.0E+10	1E-30	10600	1.0E+10	0.0000000307	1.61	1.0E+10	0.0000000894	91.6	1.0E+10	0.000000442	2090	1E-30	1.0E+10	1.0E+10	1E-30	1.0E+10	1.0E+10	1E-30	1.0E+10	1.0E+10	1E-30	1.0E+10	1.0E+10	1E-30	1.0E+10	1.0E+10	1E-30	1.0E+10	1.0E+10	1E-30	1.0E+10	1.0E+10	1E-30	1.0E+10	1.0E+10	1E-30	1.0E+10	1.0E+10	1E-30	1.0E+10	1.0E+10
68	3.32E-14	1E-30	1.0E-10	1.0E+10	0.0000000059	0.08	1.0E+10	1E-30	10600	1.0E+10	0.0000000307	1.61	1.0E+10	0.0000000894	91.6	1.0E+10	0.000000442	2090	1E-30	1.0E+10	1.0E+10	1E-30	1.0E+10	1.0E+10	1E-30	1.0E+10	1.0E+10	1E-30	1.0E+10	1.0E+10	1E-30	1.0E+10	1.0E+10	1E-30	1.0E+10	1.0E+10	1E-30	1.0E+10	1.0E+10	1E-30	1.0E+10	1.0E+10	1E-30	1.0E+10	1.0E+10	1E-30	1.0E+10	1.0E+10
69	1.97E-14	1E-30	1.0E-10	1.0E+10	0.00000000687	0.06	1.0E+10	1E-30	9310	1.0E+10	0.0000000346	1.9	1.0E+10	0.000000105	76	1.0E+10	0.000000311	1520	1E-30	1.0E+10	1.0E+10	1E-30	1.0E+10	1.0E+10	1E-30	1.0E+10	1.0E+10	1E-30	1.0E+10	1.0E+10	1E-30	1.0E+10	1.0E+10	1E-30	1.0E+10	1.0E+10	1E-30	1.0E+10	1.0E+10	1E-30	1.0E+10	1.0E+10	1E-30	1.0E+10	1.0E+10	1E-30	1.0E+10	1.0E+10
70	1.97E-14	1E-30	1.0E-10	1.0E+10	0.00000000687	0.06	1.0E+10	1E-30	9310	1.0E+10	0.0000000346	1.9	1.0E+10	0.000000105	76	1.0E+10	0.000000311	1520	1E-30	1.0E+10	1.0E+10	1E-30	1.0E+10	1.0E+10	1E-30	1.0E+10	1.0E+10	1E-30	1.0E+10	1.0E+10	1E-30	1.0E+10	1.0E+10	1E-30	1.0E+10	1.0E+10	1E-30	1.0E+10	1.0E+10	1E-30	1.0E+10	1.0E+10	1E-30	1.0E+10	1.0E+10	1E-30	1.0E+10	1.0E+10
71	1.97E-14	1E-30	1.0E-10	1.0E+10	0.00000000687	0.06	1.0E+10	1E-30	9310	1.0E+10	0.0000000346	1.9	1.0E+10	0.000000105	76	1.0E+10	0.000000311	1520	1E-30	1.0E+10	1.0E+10	1E-30	1.0E+10	1.0E+10	1E-30	1.0E+10	1.0E+10	1E-30	1.0E+10	1.0E+10	1E-30	1.0E+10	1.0E+10	1E-30	1.0E+10	1.0E+10	1E-30	1.0E+10	1.0E+10	1E-30	1.0E+10	1.0E+10	1E-30	1.0E+10	1.0E+10	1E-30	1.0E+10	1.0E+10
72	2.27E-14	1E-30	1.0E-10	1.0E+10	0.00000000673	0.06	1.0E+10	1E-30	25300	1.0E+10	0.0000000604	2.49	1.0E+10	0.000000112	77	1.0E+10	0.000000311	3600	1E-30	1.0E+10	1.0E+10	1E-30	1.0E+10	1.0E+10	1E-30	1.0E+10	1.0E+10	1E-30	1.0E+10	1.0E+10	1E-30	1.0E+10	1.0E+10	1E-30	1.0E+10	1.0E+10	1E-30	1.0E+10	1.0E+10	1E-30	1.0E+10	1.0E+10	1E-30	1.0E+10	1.0E+10	1E-30	1.0E+10	1.0E+10
73	2.27E-14	1E-30	1.0E-10	1.0E+10	0.00000000673	0.06	1.0E+10	1E-30	25300	1.0E+10	0.0000000604	2.49	1.0E+10	0.000000112	77	1.0E+10	0.000000311	3600	1E-30	1.0E+10	1.0E+10	1E-30	1.0E+10	1.0E+10	1E-30	1.0E+10	1.0E+10	1E-30	1.0E+10	1.0E+10	1E-30	1.0E+10	1.0E+10	1E-30	1.0E+10	1.0E+10	1E-30	1.0E+10	1.0E+10	1E-30	1.0E+10	1.0E+10	1E-30	1.0E+10	1.0E+10	1E-30	1.0E+10	1.0E+10
74	2.27E-14	1E-30	1.0E-10	1.0E+10	0.00000000673	0.06	1.0E+10	1E-30	25300	1.0E+10	0.0000000604	2.49	1.0E+10	0.000000112	77	1.0E+10	0.000000311	3600	1E-30	1.0E+10	1.0E+10	1E-30	1.0E+10	1.0E+10	1E-30	1.0E+10	1.0E+10	1E-30	1.0E+10	1.0E+10	1E-30	1.0E+10	1.0E+10	1E-30	1.0E+10	1.0E+10	1E-30	1.0E+10	1.0E+10	1E-30	1.0E+10	1.0E+10	1E-30	1.0E+10	1.0E+10	1E-30	1.0E+10	1.0E+10
75	2.06E-14	1E-30	1.0E-10	1.0E+10	0.00000000621	0.06	1.0E+10	1E-30	14300	1.0E+10	0.0000000899	53.3	1.0E+10	0.000000061	21500	1E-30	1.0E+10	1.0E+10	1E-30	1.0E+10	1.0E+10	1E-30	1.0E+10	1.0E+10	1E-30	1.0E+10	1.0E+10	1E-30	1.0E+10	1.0E+10	1E-30	1.0E+10	1.0E+10	1E-30	1.0E+10	1.0E+10	1E-30	1.0E+10	1.0E+10	1E-30	1.0E+10	1.0E+10	1E-30	1.0E+10	1.0E+10	1E-30	1.0E+10	1.0E+10
76	2.06E-14	1E-30	1.0E-10	1.0E+10	0.00000000621	0.06	1.0E+10	1E-30	14300	1.0E+10	0.0000000899	53.3	1.0E+10	0.000000061	21500	1E-30	1.0E+10	1.0E+10	1E-30	1.0E+10	1.0E+10	1E-30	1.0E+10	1.0E+10	1E-30	1.0E+10	1.0E+10	1E-30	1.0E+10	1.0E+10	1E-30	1.0E+10	1.0E+10	1E-30	1.0E+10	1.0E+10	1E-30	1.0E+10	1.0E+10	1E-30	1.0E+10	1.0E+10	1E-30	1.0E+10	1.0E+10	1E-30	1.0E+10	1.0E+10
77	2.06E-14	1E-30	1.0E-10	1.0E+10	0.00000000621	0.06	1.0E+10	1E-30	14300	1.0E+10	0.0000000899	53.3	1.0E+10	0.000000061	21500	1E-30	1.0E+10	1.0E+10	1E-30	1.0E+10	1.0E+10	1E-30	1.0E+10	1.0E+10	1E-30	1.0E+10	1.0E+10	1E-30	1.0E+10	1.0E+10	1E-30	1.0E+10	1.0E+10	1E-30	1.0E+10	1.0E+10	1E-30	1.0E+10	1.0E+10	1E-30	1.0E+10	1.0E+10	1E-30	1.0E+10	1.0E+10	1E-30	1.0E+10	1.0E+10
78	2.48E-14	1E-30	1.0E-10	1.0E+10	0.00000000621	0.06	1.0E+10	1E-30	14300	1.0E+10	0.0000000879	75.3	1.0E+10	0.0000000193	36500	1E-30	1.0E+10	1.0E+10	1E-30	1.0E+10	1.0E+10	1E-30	1.0E+10	1.0E+10	1E-30	1.0E+10	1.0E+10	1E-30	1.0E+10	1.0E+10	1E-30	1.0E+10	1.0E+10	1E-30	1.0E+10	1.0E+10	1E-30	1.0E+10	1.0E+10	1E-30	1.0E+10	1.0E+10	1E-30	1.0E+10	1.0E+10	1E-30	1.0E+10	1.0E+10
79	2.48E-14	1E-30	1.0E-10	1.0E+10	0.00000000621	0.06	1.0E+10	1E-30	14300	1.0E+10	0.0000000879	75.3	1.0E+10	0.0000000193	36500	1E-30	1.0E+10	1.0E+10	1E-30	1.0E+10	1.0E+10	1E-30	1.0E+10	1.0E+10	1E-30	1.0E+10	1.0E+10	1E-30	1.0E+10	1.0E+10	1E-30	1.0E+10	1.0E+10	1E-30	1.0E+10	1.0E+10	1E-30	1.0E+10	1.0E+10	1E-30	1.0E+10	1.0E+10	1E-30	1.0E+10	1.0E+10	1E-30	1.0E+10	1.0E+10
80	2.48E-14	1E-30	1.0E-10	1.0E+10	0.00000000621	0.06	1.0E+10	1E-30	14300	1.0E+10	0.0000000879	75.3	1.0E+10	0.0000000193	36500	1E-30	1.0E+10	1.0E+10	1E-30	1.0E+10	1.0E+10	1E-30	1.0E+10	1.0E+10	1E-30	1.0E+10	1.0E+10	1E-30	1.0E+10	1.0E+10	1E-30	1.0E+10	1.0E+10	1E-30	1.0E+10	1.0E+10	1E-30	1.0E+10	1.0E+10	1E-30	1.0E+10	1.0E+10	1E-30	1.0E+10	1.0E+10	1E-30	1.0E+10	1.0E+10
81	2.37E-14	1E-30	1.0E-10	1.0E+10	0.0000000065	0.06	1.0E+10	1E-30	14300	1.0E+10	0.0000000698	23.8	1.0E+10	0.000000272	970	1E-30	1.0E+10	1.0E+10	1E-30	1.0E+10	1.0E+10	1E-30	1.0E+10	1.0E+10	1E-30	1.0E+10	1.0E+10	1E-30	1.0E+10	1.0E+10	1E-30	1.0E+10	1.0E+10	1E-30	1.0E+10	1.0E+10	1E-30	1.0E+10	1.0E+10	1E-30	1.0E+10	1.0E+10	1E-30	1.0E+10	1.0E+10	1E-30	1.0E+10	1.0E+10
82	2.37E-14	1E-30	1.0E-10	1.0E+10	0.0000000065	0.06	1.0E+10	1E-30	14300	1.0E+10	0.0000000698	23.8	1.0E+10	0.000000272	970	1E-30	1.0E+10	1.0E+10	1E-30	1.0E+10	1.0E+10	1E-30	1.0E+10	1.0E+10	1E-30	1.0E+10	1.0E+10	1E-30	1.0E+10	1.0E+10	1E-30	1.0E+10	1.0E+10	1E-30	1.0E+10	1.0E+10	1E-30	1.0E+10	1.0E+10	1E-30	1.0E+10	1.0E+10	1E-30	1.0E+10	1.0E+10	1E-30	1.0E+10	1.0E+10
83	2.37E-14	1E-30	1.0E-10	1.0E+10	0.0000000065	0.06	1.0E+10	1E-30	14300	1.0E+10	0.0000000698	23.8	1.0E+10	0.000000272	970	1E-30	1.0E+10	1.0E+10	1E-30	1.0E+10	1.0E+10	1E-30	1.0E+10	1.0E+10	1E-30	1.0E+10	1.0E+10	1E-30	1.0E+10	1.0E+10	1E-30	1.0E+10	1.0E+10	1E-30	1.0E+10	1.0E+10	1E-30	1.0E+10	1.0E+10	1E-30	1.0E+10	1.0E+10	1E-30	1.0E+10	1.0E+10	1E-30	1.0E+10	1.0E+10
84	2.66E-14	1E-30	1.0E-10	1.0E+10	0.0000000065	0.06	1.0E+10	1E-30	14300	1.0E+10	0.0000000783	23.8	1.0E+10	0.000000266	970	1E-30	1.0E+10	1.0E+10	1E-30	1.0E+10	1.0E+10	1E-30	1.0E+10	1.0E+10	1E-30	1.0E+10	1.0E+10	1E-30	1.0E+10	1.0E+10	1E-30	1.0E+10	1.0E+10	1E-30	1.0E+10	1.0E+10	1E-30	1.0E+10	1.0E+10	1E-30	1.0E+10	1.0E+10	1E-30	1.0E+10	1.0E+10	1E-30	1.0E+10	1.0E+10
85	2.66E-14	1E-30	1.0E-10	1.0E+10	0.0000000065	0.06	1.0E+10	1E-30	14300	1.0E+10	0.0000000783	23.8	1.0E+10	0.000000266	970	1E-30	1.0E+10	1.0E+10	1E-30	1.0E+10	1.0E+10	1E-30	1.0E+10	1.0E+10	1E-30	1.0E+10	1.0E+10	1E-30	1.0E+10	1.0E+10	1E-30	1.0E+10	1.0E+10	1E-30	1.0E+10	1.0E+10	1E-30	1.0E+10	1.0E+10	1E-30	1.0E+10	1.0E+10	1E-30	1.0E+10	1.0E+10	1E-30	1.0E+10	1.0E+10
86	2.66E-14	1E-30	1.0E-10	1.0E+10	0.0000000065	0.06	1.0E+10	1E-30	14300	1.0E+10	0.0000000783	23.8	1.0E+10	0.000000266	970	1E-30	1.0E+10	1.0E+10	1E-30	1.0E+10	1.0E+10	1E-30	1.0E+10	1.0E+10	1E-30	1.0E+10	1.0E+10	1E-30	1.0E+10	1.0E+10	1E-30	1.0E+10	1.0E+10	1E-30	1.0E+10	1.0E+10	1E-30	1.0E+10	1.0E+10	1E-30	1.0E+10	1.0E+10	1E-30	1.0E+10	1.0E+10	1E-30	1.0E+10	1.0E+10
87	2.85E-14	1E-30	1.0E-10	1.0E+10	0.00000000665	0.06	1.0E+10	1E-30	14300	1.0E+10	0.0000000859	23.8	1.0E+10	0.000000254	970	1E-30	1.0E+10	1.0E+10	1E-30	1.0E+10	1.0E+10	1E-30	1.0E+10	1.0E+10	1E-30	1.0E+10	1.0E+10	1E-30	1.0E+10	1.0E+10	1E-30	1.0E+10	1.0E+10	1E-30	1.0E+10	1.0E+10	1E-30	1.0E+10	1.0E+10	1E-30	1.0E+10	1.0E+10	1E-30	1.0E+10	1.0E+10	1E-30	1.0E+10	1.0E+10
88	2.85E-14	1E-30	1.0E-10	1.0E+10	0.00000000665	0.06	1.0E+10	1E-30	14300	1.0E+10	0.0000000859	23.8	1.0E+10	0.000000254	970	1E-30	1.0E+10	1.0E+10	1E-30	1.0E+10	1.0E+10	1E-30	1.0E+10	1.0E+10	1E-30	1.0E+10	1.0E+10	1E-30	1.0E+10	1.0E+10	1E-30	1.0E+10	1.0E+10	1E-30	1.0E+10	1.0E+10	1E-30	1.0E+10	1.0E+10	1E-30	1.0E+10	1.0E+10	1E-30	1.0E+10	1.0E+10	1E-30	1.0E+10	1.0E+10
89	2.85E-14	1E-30	1.0E-10	1.0E+10	0.00000000665	0.06	1.0E+10	1E-30	14300	1.0E+10	0.0000000859	23.8	1.0E+10	0.000000254	970	1E-30	1.0E+10	1.0E+10	1E-30	1.0E+10	1.0E+10	1E-30	1.0E+10	1.0E+10	1E-30	1.0E+10	1.0E+10	1E-30	1.0E+10	1.0E+10	1E-30	1.0E+10	1.0E+10	1E-30	1.0E+10	1.0E+10	1E-30	1.0E+10	1.0E+10	1E-30	1.0E+10	1.0E+10	1E-30	1.0E+10	1.0E+10	1E-30	1.0E+10	1.0E+10
90	3.17E-14	1E-30	1.0E-10	1.0E+10	0.00000000743	0.06	1.0E+10	1E-30	13800	1.0E+10	0.0000000615	4.37	1.0E+10	0.000000133	85.4	1.0E+10	0.000000397	1950	1E-30	1.0E+10	1.0E+10	1E-30	1.0E+10	1.0E+10	1E-30	1.0E+10	1.0E+10	1E-30	1.0E+10	1.0E+10	1E-30	1.0E+10	1.0E+10	1E-30	1.0E+10	1.0E+10	1E-30	1.0E+10	1.0E+10	1E-30	1.0E+10	1.0E+10	1E-30	1.0E+10	1.0E+10	1E-30	1.0E+10	1.0E+10
91	3.17E-14	1E-30	1.0E-10	1.0E+10	0.00000000743	0.06	1.0E+10	1E-30	13800	1.0E+10	0.0000000615	4.37	1.0E+10	0.000000133	85.4	1.0E+10	0.000000397	1950	1E-30	1.0E+10	1.0E+10	1E-30	1.0E+10	1.0E+10	1E-30	1.0E+10	1.0E+10	1E-30	1.0E+10	1.0E+10	1E-30	1.0E+10	1.0E+10	1E-30	1.0E+10	1.0E+10	1E-30	1.0E+10	1.0E+10	1E-30	1.0E+10	1.0E+10	1E-30	1.0E+10	1.0E+10	1E-30	1.0E+10	1.0E+10
92	3.17E-14	1E-30	1.0E-10	1.0E+10	0.00000000743	0.06	1.0E+10	1E-30	13800	1.0E+10	0.0000000615	4.37	1.0E+10	0.000000133	85.4	1.0E+10	0.000000397	1950	1E-30	1.0E+10	1.0E+10	1E-30	1.0E+10	1.0E+10	1E-30	1.0E+10	1.0E+10	1E-30	1.0E+10	1.0E+10	1E-30	1.0E+10	1.0E+10	1E-30	1.0E+10	1.0E+10	1E-30	1.0E+10	1.0E+10	1E-30	1.0E+10	1.0E+10	1E-30	1.0E+10	1.0E+10	1E-30	1.0E+10	1.0E+10
93	4.84E-14	1E-30	1.0E-10	1.0E+10	0.00000000696	0.09	1.0E+10	1E-30	14300	1.0E+10	0.000000122	46.7	1.0E+10	0.000000254	1310	1E-30	1.0E+10	1.0E+10	1E-30	1.0E+10	1.0E+10	1E-30	1.0E+10	1.0E+10	1E-30	1.0E+10	1.0E+10	1E-30	1.0E+10	1.0E+10	1E-30	1.0E+10	1.0E+10	1E-30	1.0E+10	1.0E+10	1E-30	1.0E+10	1.0E+10	1E-30	1.0E+10	1.0E+10	1E-30	1.0E+10	1.0E+10	1E-30	1.0E+10	1.0E+10
94	4.84E-14	1E-30	1.0E-10	1.0E+10	0.00000000696	0.09	1.0E+10	1E-30	14300	1.0E+10	0.000000122	46.7	1.0E+10	0.000000254	1310	1E-30	1.0E+10	1.0E+10	1E-30	1.0E+10	1.0E+10	1E-30	1.0E+10	1.0E+10	1E-30	1.0E+10	1.0E+10	1E-30	1.0E+10	1.0E+10	1E-30	1.0E+10	1.0E+10	1E-30	1.0E+10	1.0E+10	1E-30	1.0E+10	1.0E+10	1E-30	1.0E+10	1.0E+10	1E-30	1.0E+10	1.0E+10	1E-30	1.0E+10	1.0E+10
95	4.84E-14	1E-30	1.0E-10	1.0E+10	0.00000000696	0.09	1.0E+10	1E-30	14300	1.0E+10	0.000000122	46.7	1.0E+10	0.000000254	1310	1E-30	1.0E+10	1.0E+10	1E-30	1.0E+10	1.0E+10	1E-30	1.0E+10	1.0E+10	1E-30	1.0E+10	1.0E+10	1E-30	1.0E+10	1.0E+10	1E-30	1.0E+10	1.0E+10	1E-30	1.0E+10	1.0E+10	1E-30	1.0E+10	1.0E+10	1E-30	1.0E+10	1.0E+10	1E-30	1.0E+10	1.0E+10	1E-30	1.0E+10	1.0E+10
96	4.84E-14	1E-30	1.0E-10	1.0E+10	0.00000000696	0.09	1.0E+10	1E-30	14300	1.0E+10	0.000000119	46.7	1.0E+10	0.000000279	1310	1E-30	1.0E+10	1.0E+10	1E-30	1.0E+10	1.0E+10	1E-30	1.0E+10	1.0E+10	1E-30	1.0E+10	1.0E+10	1E-30	1.0E+10	1.0E+10	1E-30	1.0E+10	1.0E+10	1E-30	1.0E+10	1.0E+10	1E-30	1.0E+10	1.0E+10	1E-30	1.0E+10	1.0E+10	1E-30	1.0E+10	1.0E+10	1E-30	1.0E+10	1.0E+10
97	4.84E-14	1E-30	1.0E-10	1.0E+10	0.00000000696	0.09	1.0E+10	1E-30	14300	1.0E+10	0.000000119	46.7	1.0E+10	0.000000279	1310	1E-30	1.0E+10	1.0E+10	1E-30	1.0E+10	1.0E+10	1E-30	1.0E+10	1.0E+10	1E-30	1.0E+10	1.0E+10	1E-30	1.0E+10	1.0E+10	1E-30	1.0E+10	1.0E+10	1E-30	1.0E+10	1.0E+10	1E-30	1.0E+10	1.0E+10	1E-30	1.0E+10	1.0E+10	1E-30	1.0E+10	1.0E+10	1E-30	1.0E+10	1.0E+10
98	4.84E-14	1E-30	1.0E-10	1.0E+10	0.00000000696	0.09	1.0E+10	1E-30	14300	1.0E+10	0.000000119	46.7	1.0E+10	0.000000279	1310	1E-30	1.0E+10	1.0E+10	1E-30	1.0E+10	1.0E+10	1E-30	1.0E+10	1.0E+10	1E-30	1.0E+10	1.0E+10	1E-30	1.0E+10	1.0E+10	1E-30	1.0E+10	1.0E+10	1E-30	1.0E+10	1.0E+10	1E-30	1.0E+10	1.0E+10	1E-30	1.0E+10	1.0E+10	1E-30	1.0E+10	1.0E+10	1E-30	1.0E+10	1.0E+10
99	4.73E-14	1E-30	1.0E-10	1.0E+10	0.00000000712	0.09	1.0E+10	1E-30	14300	1.0E+10	0.000000122	46.7	1.0E+10	0.000000299	1370	1E-30	1.0E+10	1.0E+10	1E-30	1.0E+10	1.0E+10	1E-30	1.0E+10	1.0E+10	1E-30	1.0E+10	1.0E+10	1E-30	1.0E+10	1.0E+10	1E-30	1.0E+10	1.0E+10	1E-30	1.0E+10	1.0E+10	1E-30	1.0E+10	1.0E+10	1E-30	1.0E+10	1.0E+10	1E-30	1.0E+10	1.0E+10	1E-30	1.0E+10	1.0E+10
100	4.73E-14	1E-30	1.0E-10	1.0E+10	0.00000000712	0.09	1.0E+10	1E-30	14300	1.0E+10	0.000000122	46.7	1.0E+10	0.000000299	1370	1E-30	1.0E+10	1.0E+10	1E-30	1.0E+10	1.0E+10	1E-30	1.0E+10	1.0E+10	1E-30	1.0E+10	1.0E+10	1E-30	1.0E+10	1.0E+10	1E-30	1.0E+10	1.0E+10	1E-30	1.0E+10	1.0E+10	1E-30	1.0E+10	1.0E+10	1E-30	1.0E+10	1.0E+10	1E-30	1.0E+10	1.0E+10	1E-30	1.0E+10	1.0E+10
101	4.73E-14	1E-30	1.0E-10	1.0E+10	0.00000000712	0.09	1.0E+10	1E-30	14300	1.0E+10	0.000000122	46.7	1.0E+10	0.000000299	1370	1E-30	1.0E+10	1.0E+10	1E-30	1.0E+10	1.0E+10	1E-30	1.0E+10	1.0E+10	1E-30	1.0E+10	1.0E+10	1E-30	1.0E+10	1.0E+10	1E-30	1.0E+10	1.0E+10	1E-30	1.0E+10	1.0E+10	1E-30	1.0E+10	1.0E+10	1E-30	1.0E+10	1.0E+10	1E-30	1.0E+10	1.0E+10	1E-30	1.0E+10	1.0E+10
102	4.95E-14	1E-30	1.0E-10	1.0E+10	0.00000000712	0.09	1.0E+10	1E-30	14300	1.0E+10	0.000000119	46.7	1.0E+10	0.000000292	1370	1E-30	1.0E+10	1.0E+10	1E-30	1.0E+10	1.0E+10	1E-30	1.0E+10	1.0E+10	1E-30	1.0E+10	1.0E+10	1E-30	1.0E+10	1.0E+10	1E-30	1.0E+10	1.0E+10	1E-30	1.0E+10	1.0E+10	1E-30	1.0E+10	1.0E+10	1E-30	1.0E+10	1.0E+10	1E-30	1.0E+10	1.0E+10	1E-30	1.0E+10	1.0E+10
103	4.95E-14	1E-30	1.0E-10	1.0E+10	0.00000000712	0.09	1.0E+10	1E-30	14300	1.0E+10	0.000000119	46.7	1.0E+10	0.000000292	1370	1E-30	1.0E+10	1.0E+10	1E-30	1.0E+10	1.0E+10	1E-30	1.0E+10	1.0E+10	1E-30	1.0E+10	1.0E+10	1E-30	1.0E+10	1.0E+10	1E-30	1.0E+10	1.0E+10	1E-30	1.0E+10	1.0E+10	1E-30	1.0E+10	1.0E+10	1E-30	1.0E+10	1.0E+10	1E-30	1.0E+10	1.0E+10	1E-30	1.0E+10	1.0E+10
104	4.95E-14	1E-30	1.0E-10	1.0E+10	0.00000000712	0.09	1.0E+10	1E-30	14300	1.0E+10	0.000000119	46.7	1.0E+10	0.000000292	1370	1E-30	1.0E+10	1.0E+10	1E-30	1.0E+10	1.0E+10	1E-30	1.0E+10	1.0E+10	1E-30	1.0E+10	1.0E+10	1E-30	1.0E+10	1.0E+10	1E-30	1.0E+10	1.0E+10	1E-30	1.0E+10	1.0E+10	1E-30	1.0E+10	1.0E+10	1E-30	1.0E+10	1.0E+10	1E-30	1.0E+10	1.0E+10	1E-30	1.0E+10	1.0E+10
105	2.83E-14	1E-30	1.0E-10	1.0E+10	0.0000000085	0.09	1.0E+10	1E-30	15200	1.0E+10	0.0000000493	2.19	1.0E+10	0.000000152	130	1.0E+10	0.0000005	2600	1E-30	1.0E+10	1.0E+10	1E-30	1.0E+10	1.0E+10	1E-30	1.0E+10	1.0E+10	1E-30	1.0E+10	1.0E+10	1E-30	1.0E+10	1.0E+10	1E-30	1.0E+10	1.0E+10	1E-30	1.0E+10	1.0E+10	1E-30	1.0E+10	1.0E+10	1E-30	1.0E+10	1.0E+10	1E-30	1.0E+10	1.0E+10
106	2.83E-14	1E-30	1.0E-10	1.0E+10	0.0000000085	0.09	1.0E+10	1E-30	15200	1.0E+10	0.0000000493	2.19	1.0E+10	0.000000152	130	1.0E+10	0.0000005	2600	1E-30	1.0E+10	1.0E+10	1E-30	1.0E+10	1.0E+10	1E-30	1.0E+10	1.0E+10	1E-30	1.0E+10	1.0E+10	1E-30	1.0E+10	1.0E+10	1E-30	1.0E+10	1.0E+10	1E-30	1.0E+10	1.0E+10	1E-30	1.0E+10	1.0E+10	1E-30	1.0E+10	1.0E+10	1E-30	1.0E+10	1.0E+10
107	2.83E-14	1E-30	1.0E-10	1.0E+10	0.0000000085	0.09	1.0E+10	1E-30	15200	1.0E+10	0.0000000493	2.19	1.0E+10	0.000000152	130	1.0E+10	0.0000005	2600	1E-30	1.0E+10	1.0E+10	1E-30	1.0E+10	1.0E+10	1E-30	1.0E+10	1.0E+10	1E-30	1.0E+10	1.0E+10	1E-30	1.0E+10	1.0E+10	1E-30	1.0E+10	1.0E+10	1E-30	1.0E+10	1.0E+10	1E-30	1.0E+10	1.0E+10	1E-30	1.0E+10	1.0E+10	1E-30	1.0E+10	1.0E+10
108	3.76E-14	1E-30	1.0E-10	1.0E+10	0.00000000873	0.09	1.0E+10	1E-30	15500	1.0E+10	0.00000005	2.19	1.0E+10	0.000000142	88.1	1.0E+10	0.000000409	1340	1E-30	1.0E+10	1.0E+10	1E-30	1.0E+10	1.0E+10	1E-30	1.0E+10	1.0E+10	1E-30	1.0E+10	1.0E+10	1E-30	1.0E+10	1.0E+10	1E-30	1.0E+10	1.0E+10	1E-30	1.0E+10	1.0E+10	1E-30	1.0E+10	1.0E+10	1E-30	1.0E+10	1.0E+10	1E-30	1.0E+10	1.0E+10
109	3.76E-14	1E-30	1.0E-10	1.0E+10	0.00000000873	0.09	1.0E+10	1E-30	15500	1.0E+10	0.00000005	2.19	1.0E+10	0.000000142	88.1	1.0E+10	0.000000409	1340	1E-30	1.0E+10	1.0E+10	1E-30	1.0E+10	1.0E+10	1E-30	1.0E+10	1.0E+10	1E-30	1.0E+10	1.0E+10	1E-30	1.0E+10	1.0E+10	1E-30	1.0E+10	1.0E+10	1E-30	1.0E+10	1.0E+10	1E-30	1.0E+10	1.0E+10	1E-30	1.0E+10	1.0E+10	1E-30	1.0E+10	1.0E+10
110	3.76E-14	1E-30	1.0E-10	1.0E+10	0.00000000873	0.09	1.0E+10	1E-30	15500	1.0E+10	0.00000005	2.19	1.0E+10	0.000000142	88.1	1.0E+10	0.000000409	1340	1E-30	1.0E+10	1.0E+10	1E-30	1.0E+10	1.0E+10	1E-30	1.0E+10	1.0E+10	1E-30	1.0E+10	1.0E+10	1E-30	1.0E+10	1.0E+10	1E-30	1.0E+10	1.0E+10	1E-30	1.0E+10	1.0E+10	1E-30	1.0E+10	1.0E+10	1E-30	1.0E+10	1.0E+10	1E-30	1.0E+10	1.0E+10
111	1.66E-14	1E-30	1.0E-10	1.0E+10	0.00000000891	0.1	1.0E+10	1E-30	35100	1.0E+10	0.000000104	2.49	1.0E+10	0.000000146	91.4	1.0E+10	0.000000468	3030	1E-30	1.0E+10	1.0E+10	1E-30	1.0E+10	1.0E+10	1E-30	1.0E+10	1.0E+10	1E-30	1.0E+10	1.0E+10	1E-30	1.0E+10	1.0E+10	1E-30	1.0E+10	1.0E+10	1E-30	1.0E+10	1.0E+10	1E-30	1.0E+10	1.0E+10	1E-30	1.0E+10	1.0E+10	1E-30	1.0E+10	1.0E+10
112	1.66E-14	1E-30	1.0E-10	1.0E+10	0.00000000891	0.1	1.0E+10	1E-30	35100	1.0E+10	0.000000104	2.49	1.0E+10	0.000000146	91.4	1.0E+10	0.000000468	3030	1E-30	1.0E+10	1.0E+10	1E-30	1.0E+10	1.0E+10	1E-30	1.0E+10	1.0E+10	1E-30	1.0E+10	1.0E+10	1E-30	1.0E+10	1.0E+10	1E-30	1.0E+10	1.0E+10	1E-30	1.0E+10	1.0E+10	1E-30	1.0E+10	1.0E+10	1E-30	1.0E+10	1.0E+10	1E-30	1.0E+10	1.0E+10
113	1.66E-14	1E-30	1.0E-10	1.0E+10	0.00000000891	0.1	1.0E+10	1E-30	35100	1.0E+10	0.000000104	2.49	1.0E+10	0.000000146	91.4	1.0E+10	0.000000468	3030	1E-30	1.0E+10	1.0E+10	1E-30	1.0E+10	1.0E+10	1E-30	1.0E+10	1.0E+10	1E-30	1.0E+10	1.0E+10	1E-30	1.0E+10	1.0E+10	1E-30	1.0E+10	1.0E+10	1E-30	1.0E+10	1.0E+10	1E-30	1.0E+10	1.0E+10	1E-30	1.0E+10	1.0E+10	1E-30	1.0E+10	1.0E+10
114	3.59E-14	1E-30	1.0E-10	1.0E+10	0.00000000856	0.1	1.0E+10	1E-30	14300	1.0E+10	0.000000143	46.7	1.0E+10	0.000000343	1430	1E-30	1.0E+10	1.0E+10	1E-30	1.0E+10	1.0E+10	1E-30	1.0E+10	1.0E+10	1E-30	1.0E+10	1.0E+10	1E-30	1.0E+10	1.0E+10	1E-30	1.0E+10	1.0E+10	1E-30	1.0E+10	1.0E+10	1E-30	1.0E+10	1.0E+10	1E-30	1.0E+10	1.0E+10	1E-30	1.0E+10	1.0E+10	1E-30	1.0E+10	1.0E+10
115	3.59E-14	1E-30	1.0E-10	1.0E+10	0.00000000856	0.1	1.0E+10	1E-30	14300	1.0E+10	0.000000143	46.7	1.0E+10	0.000000343	1430	1E-30	1.0E+10	1.0E+10	1E-30	1.0E+10	1.0E+10	1E-30	1.0E+10	1.0E+10	1E-30	1.0E+10	1.0E+10	1E-30	1.0E+10	1.0E+10	1E-30	1.0E+10	1.0E+10	1E-30	1.0E+10	1.0E+10	1E-30	1.0E+10	1.0E+10	1E-30	1.0E+10	1.0E+10	1E-30	1.0E+10	1.0E+10	1E-30	1.0E+10	1.0E+10
116	3.59E-14	1E-30	1.0E-10	1.0E+10	0.00000000856	0.1	1.0E+10	1E-30	14300	1.0E+10	0.000000143	46.7	1.0E+10	0.000000343	1430	1E-30	1.0E+10	1.0E+10	1E-30	1.0E+10	1.0E+10	1E-30	1.0E+10	1.0E+10	1E-30	1.0E+10	1.0E+10	1E-30	1.0E+10	1.0E+10	1E-30	1.0E+10	1.0E+10	1E-30	1.0E+10	1.0E+10	1E-30	1.0E+10	1.0E+10	1E-30	1.0E+10	1.0E+10	1E-30	1.0E+10	1.0E+10	1E-30	1.0E+10	1.0E+10
117	0.000000000000024	1E-30	1.0E-10	1.0E+10	0.00000000979	0.1	1.0E+10	1E-30	15800	1.0E+10	0.0000000951	4.3	1.0E+10	0.000000197	135	1.0E+10	0.000000782	3140	1E-30	1.0E+10	1.0E+10	1E-30	1.0E+10	1.0E+10	1E-30	1.0E+10	1.0E+10	1E-30	1.0E+10	1.0E+10	1E-30	1.0E+10	1.0E+10	1E-30	1.0E+10	1.0E+10	1E-30	1.0E+10	1.0E+10	1E-30	1.0E+10	1.0E+10	1E-30	1.0E+10	1.0E+10	1E-30	1.0E+10	1.0E+10
118	0.000000000000024	1E-30	1.0E-10	1.0E+10	0.00000000979	0.1	1.0E+10	1E-30	15800	1.0E+10	0.0000000951	4.3	1.0E+10	0.000000197	135	1.0E+10	0.000000782	3140	1E-30	1.0E+10	1.0E+10	1E-30	1.0E+10	1.0E+10	1E-30	1.0E+10	1.0E+10	1E-30	1.0E+10	1.0E+10	1E-30	1.0E+10	1.0E+10	1E-30	1.0E+10	1.0E+10	1E-30	1.0E+10	1.0E+10	1E-30	1.0E+10	1.0E+10	1E-30	1.0E+10	1.0E+10	1E-30	1.0E+10	1.0E+10
119	0.000000000000024	1E-30	1.0E-10	1.0E+10	0.00000000979	0.1	1.0E+10	1E-30	15800	1.0E+10	0.0000000951	4.3	1.0E+10	0.000000197	135	1.0E+10	0.000000782	3140	1E-30	1.0E+10	1.0E+10	1E-30	1.0E+10	1.0E+10	1E-30	1.0E+10	1.0E+10	1E-30	1.0E+10	1.0E+10	1E-30	1.0E+10	1.0E+10	1E-30	1.0E+10	1.0E+10	1E-30	1.0E+10	1.0E+10	1E-30	1.0E+10	1.0E+10	1E-30	1.0E+10	1.0E+10	1E-30	1.0E+10	1.0E+10
120	3.59E-14	1E-30	1.0E-10	1.0E+10	0.00000000876	0.1	1.0E+10	1E-30	14300	1.0E+10	0.000000133	46.7	1.0E+10	0.000000385	1430	1E-30	1.0E+10	1.0E+10	1E-30	1.0E+10	1.0E+10	1E-30	1.0E+10	1.0E+10	1E-30	1.0E+10	1.0E+10	1E-30	1.0E+10	1.0E+10	1E-30	1.0E+10	1.0E+10	1E-30	1.0E+10	1.0E+10	1E-30	1.0E+10	1.0E+10	1E-30	1.0E+10	1.0E+10	1E-30	1.0E+10	1.0E+10	1E-30	1.0E+10	1.0E+10
121	3.59E-14	1E-30	1.0E-10	1.0E+10	0.00000000876	0.1	1.0E+10	1E-30	14300	1.0E+10	0.000000133	46.7	1.0E+10	0.000000385	1430	1E-30	1.0E+10	1.0E+10	1E-30	1.0E+10	1.0E+10	1E-30	1.0E+10	1.0E+10	1E-30	1.0E+10	1.0E+10	1E-30	1.0E+10	1.0E+10	1E-30	1.0E+10	1.0E+10	1E-30	1.0E+10	1.0E+10	1E-30	1.0E+10	1.0E+10	1E-30	1.0E+10	1.0E+10	1E-30	1.0E+10	1.0E+10	1E-30	1.0E+10	1.0E+10
122	3.59E-14	1E-30	1.0E-10	1.0E+10	0.00000000876	0.1	1.0E+10	1E-30	14300	1.0E+10	0.000000133	46.7	1.0E+10	0.000000385	1430	1E-30	1.0E+10	1.0E+10	1E-30	1.0E+10	1.0E+10	1E-30	1.0E+10	1.0E+10	1E-30	1.0E+10	1.0E+10	1E-30	1.0E+10	1.0E+10	1E-30	1.0E+10	1.0E+10	1E-30	1.0E+10	1.0E+10	1E-30	1.0E+10	1.0E+10	1E-30	1.0E+10	1.0E+10	1E-30	1.0E+10	1.0E+10	1E-30	1.0E+10	1.0E+10
123	3.85E-14	1E-30	1.0E-10	1.0E+10	0.00000000896	0.1	1.0E+10	1E-30	14300	1.0E+10	0.000000133	46.7	1.0E+10	0.000000385	1430	1E-30	1.0E+10	1.0E+10	1E-30	1.0E+10	1.0E+10	1E-30	1.0E+10	1.0E+10	1E-30	1.0E+10	1.0E+10	1E-30	1.0E+10	1.0E+10	1E-30	1.0E+10	1.0E+10	1E-30	1.0E+10	1.0E+10	1E-30	1.0E+10	1.0E+10	1E-30	1.0E+10	1.0E+10	1E-30	1.0E+10	1.0E+10	1E-30	1.0E+10	1.0E+10
124	3.85E-14	1E-30	1.0E-10	1.0E+10	0.00000000896	0.1	1.0E+10	1E-30	14300	1.0E+10	0.000000133	46.7	1.0E+10	0.000000385	1430	1E-30	1.0E+10	1.0E+10	1E-30	1.0E+10	1.0E+10	1E-30	1.0E+10	1.0E+10	1E-30	1.0E+10	1.0E+10	1E-30	1.0E+10	1.0E+10	1E-30	1.0E+10	1.0E+10	1E-30	1.0E+10	1.0E+10	1E-30	1.0E+10	1.0E+10	1E-30	1.0E+10	1.0E+10	1E-30	1.0E+10	1.0E+10	1E-30	1.0E+10	1.0E+10
125	3.85E-14	1E-30	1.0E-10	1.0E+10	0.00000000896	0.1	1.0E+10	1E-30	14300	1.0E+10	0.000000133	46.7	1.0E+10	0.000000385	1430	1E-30	1.0E+10	1.0E+10	1E-30	1.0E+10	1.0E+10	1E-30	1.0E+10	1.0E+10	1E-30	1.0E+10	1.0E+10	1E-30	1.0E+10	1.0E+10	1E-30	1.0E+10	1.0E+10	1E-30	1.0E+10	1.0E+10	1E-30	1.0E+10	1.0E+10	1E-30	1.0E+10	1.0E+10	1E-30	1.0E+10	1.0E+10	1E-30	1.0E+10	1.0E+10
126	4.22E-14	1E-30	1.0E-10	1.0E+10	0.00000000896	0.1	1.0E+10	1E-30	14300	1.0E+10	0.000000133	46.7	1.0E+10	0.000000385	1430	1E-30	1.0E+10	1.0E+10	1E-30	1.0E+10	1.0E+10	1E-30	1.0E+10	1.0E+10	1E-30	1.0E+10	1.0E+10	1E-30	1.0E+10	1.0E+10	1E-30	1.0E+10	1.0E+10	1E-30	1.0E+10	1.0E+10	1E-30	1.0E+10	1.0E+10	1E-30	1.0E+10	1.0E+10	1E-30	1.0E+10	1.0E+10	1E-30	1.0E+10	1.0E+10
127	4.22E-14	1E-30	1.0E-10	1.0E+10	0.00000000896	0.1	1.0E+10	1E-30	14300	1.0E+10	0.000000133	46.7	1.0E+10	0.000000385	1430	1E-30	1.0E+10	1.0E+10	1E-30	1.0E+10	1.0E+10	1E-30	1.0E+10	1.0E+10	1E-30	1.0E+10	1.0E+10	1E-30	1.0E+10	1.0E+10	1E-30	1.0E+10	1.0E+10	1E-30	1.0E+10	1.0E+10	1E-30	1.0E+10	1.0E+10	1E-30	1.0E+10	1.0E+10	1E-30	1.0E+10	1.0E+10	1E-30	1.0E+10	1.0E+10
128	4.22E-14	1E-30	1.0E-10	1.0E+10	0.00000000896	0.1	1.0E+10	1E-30	14300	1.0E+10	0.000000133	46.7	1.0E+10	0.000000385	1430	1E-30	1.0E+10	1.0E+10	1E-30	1.0E+10	1.0E+10	1E-30	1.0E+10	1.0E+10	1E-30	1.0E+10	1.0E+10	1E-30	1.0E+10	1.0E+10	1E-30	1.0E+10	1.0E+10	1E-30	1.0E+10	1.0E+10	1E-30	1.0E+10	1.0E+10	1E-30	1.0E+10	1.0E+10	1E-30	1.0E+10	1.0E+10	1E-30	1.0E+10	1.0E+10
129	2.42E-14	1E-30	1.0E-10	1.0E+10	0.00000000953	0.1	1.0E+10	1E-30	18700	1.0E+10	0.0000114	4.86	1.0E+10	0.000000203	127	1.0E+10	0.000000557	2760	1E-30	1.0E+10	1.0E+10	1E-30	1.0E+10	1.0E+10	1E-30	1.0E+10	1.0E+10	1E-30	1.0E+10	1.0E+10	1E-30	1.0E+10	1.0E+10	1E-30	1.0E+10	1.0E+10	1E-30	1.0E+10	1.0E+10	1E-30	1.0E+10	1.0E+10	1E-30	1.0E+10	1.0E+10	1E-30	1.0E+10	1.0E+10
130	2.42E-14	1E-30	1.0E-10	1.0E+10	0.00000000953	0.1	1.0E+10	1E-30	18700	1.0E+10	0.0000114	4.86	1.0E+10	0.000000203	127	1.0E+10	0.000000557	2760	1E-30	1.0E+10	1.0E+10	1E-30	1.0E+10	1.0E+10	1E-30	1.0E+10	1.0E+10	1E-30	1.0E+10	1.0E+10	1E-30	1.0E+10	1.0E+10	1E-30	1.0E+10	1.0E+10	1E-30	1.0E+10	1.0E+10	1E-30	1.0E+10	1.0E+10	1E-30	1.0E+10	1.0E+10	1E-30	1.0E+10	1.0E+10
131	2.42E-14	1E-30	1.0E-10	1.0E+10	0.00000000953	0.1	1.0E+10	1E-30	18700	1.0E+10	0.0000114	4.86	1.0E+10	0.000000203	127	1.0E+10	0.000000557	2760	1E-30	1.0E+10	1.0E+10	1E-30	1.0E+10	1.0E+10	1E-30	1.0E+10	1.0E+10	1E-30	1.0E+10	1.0E+10	1E-30	1.0E+10	1.0E+10	1E-30	1.0E+10	1.0E+10	1E-30	1.0E+10	1.0E+10	1E-30	1.0E+10	1.0E+10	1E-30	1.0E+10	1.0E+10	1E-30	1.0E+10	1.0E+10
132	4.03E-14	1E-30	1.0E-10	1.0E+10	0.00000000917	0.1	1.0E+10	1E-30	14300	1.0E+10	0.000000149	46.7	1.0E+10	0.000000385	1430	1E-30	1.0E+10	1.0E+10	1E-30	1.0E+10	1.0E+10	1E-30	1.0E+10	1.0E+10	1E-30	1.0E+10	1.0E+10	1E-30	1.0E+10	1.0E+10	1E-30	1.0E+10	1.0E+10	1E-30	1.0E+10	1.0E+10	1E-30	1.0E+10	1.0E+10	1E-30	1.0E+10	1.0E+10	1E-30	1.0E+10	1.0E+10	1E-30	1.0E+10	1.0E+10
133	4.03E-14	1E-30	1.0E-10	1.0E+10	0.00000000917	0.1	1.0E+10	1E-30	14300	1.0E+10	0.000000149	46.7	1.0E+10	0.000000385	1430	1E-30	1.0E+10	1.0E+10	1E-30	1.0E+10	1.0E+10	1E-30	1.0E+10	1.0E+10	1E-30	1.0E+10	1.0E+10	1E-30	1.0E+10	1.0E+10	1E-30	1.0E+10	1.0E+10	1E-30	1.0E+10	1.0E+10	1E-30	1.0E+10	1.0E+10	1E-30	1.0E+10	1.0E+10	1E-30	1.0E+10	1.0E+10	1E-30	1.0E+10	1.0E+10
134	4.03E-14	1E-30	1.0E-10	1.0E+10	0.00000000917	0.1	1.0E+10	1E-30	14300	1.0E+10	0.000000149	46.7	1.0E+10	0.000000385	1430	1E-30	1.0E+10	1.0E+10	1E-30	1.0E+10	1.0E+10	1E-30	1.0E+10	1.0E+10	1E-30	1.0E+10	1.0E+10	1E-30	1.0E+10	1.0E+10	1E-30	1.0E+10	1.0E+10	1E-30	1.0E+10	1.0E+10	1E-30	1.0E+10	1.0E+10	1E-30	1.0E+10	1.0E+10	1E-30	1.0E+10	1.0E+10	1E-30	1.0E+10	1.0E+10
135	4.03E-14	1E-30	1.0E-10	1.0E+10	0.0000000096	0.1	1.0E+10	1E-30	14300	1.0E+10	0.000000149	46.7	1.0E+10	0.000000385	1430	1E-30	1.0E+10	1.0E+10	1E-30	1.0E+10	1.0E+10	1E-30	1.0E+10	1.0E+10	1E-30	1.0E+10	1.0E+10	1E-30	1.0E+10	1.0E+10	1E-30	1.0E+10	1.0E+10	1E-30	1.0E+10	1.0E+10	1E-30	1.0E+10	1.0E+10	1E-30	1.0E+10	1.0E+10	1E-30	1.0E+10	1.0E+10	1E-30	1.0E+10	1.0E+10
136	4.03E-14	1E-30	1.0E-10	1.0E+10	0.0000000096	0.1	1.0E+10	1E-30	14300	1.0E+10	0.000000149	46.7	1.0E+10	0.000000385	1430	1E-30	1.0E+10	1.0E+10	1E-30	1.0E+10	1.0E+10	1E-30	1.0E+10	1.0E+10	1E-30	1.0E+10	1.0E+10	1E-30	1.0E+10	1.0E+10	1E-30	1.0E+10	1.0E+10	1E-30	1.0E+10	1.0E+10	1E-30	1.0E+10	1.0E+10	1E-30	1.0E+10	1.0E+10	1E-30	1.0E+10	1.0E+10	1E-30	1.0E+10	1.0E+10
137	4.03E-14	1E-30	1.0E-10	1.0E+10	0.0000000096	0.1	1.0E+10	1E-30	14300	1.0E+10	0.000000149	46.7	1.0E+10	0.000000385	1430	1E-30	1.0E+10	1.0E+10	1E-30	1.0E+10	1.0E+10	1E-30	1.0E+10	1.0E+10	1E-30	1.0E+10	1.0E+10	1E-30	1.0E+10	1.0E+10	1E-30	1.0E+10	1.0E+10	1E-30	1.0E+10	1.0E+10	1E-30	1.0E+10	1.0E+10	1E-30	1.0E+10	1.0E+10	1E-30	1.0E+10	1.0E+10	1E-30	1.0E+10	1.0E+10
138	3.85E-14	1E-30	1.0E-10	1.0E+10	0.0000000096	0.1	1.0E+10	1E-30	14300	1.0E+10	0.000000149	46.7	1.0E+10	0.000000385	1430	1E-30	1.0E+10	1.0E+10	1E-30	1.0E+10	1.0E+10	1E-30	1.0E+10	1.0E+10	1E-30	1.0E+10	1.0E+10	1E-30	1.0E+10	1.0E+10	1E-30	1.0E+10	1.0E+10	1E-30	1.0E+10	1.0E+10	1E-30	1.0E+10	1.0E+10	1E-30	1.0E+10	1.0E+10	1E-30	1.0E+10	1.0E+10	1E-30	1.0E+10	1.0E+10
139	3.85E-14	1E-30	1.0E-10	1.0E+10	0.0000000096	0.1	1.0E+10	1E-30	14300	1.0E+10	0.000000149	46.7	1.0E+10	0.000000385	1430	1E-30	1.0E+10	1.0E+10	1E-30	1.0E+10	1.0E+10	1E-30	1.0E+10	1.0E+10	1E-30	1.0E+10	1.0E+10	1E-30	1.0E+10	1.0E+10	1E-30	1.0E+10	1.0E+10	1E-30	1.0E+10	1.0E+10	1E-30	1.0E+10	1.0E+10	1E-30	1.0E+10	1.0E+10	1E-30	1.0E+10	1.0E+10	1E-30	1.0E+10	1.0E+10
140	3.85E-14	1E-30	1.0E-10	1.0E+10	0.0000000096	0.1	1.0E+10	1E-30	14300	1.0E+10	0.000000149	46.7	1.0E+10	0.000000385	1430	1E-30	1.0E+10	1.0E+10	1E-30	1.0E+10	1.0E+10	1E-30	1.0E+10	1.0E+10	1E-30	1.0E+10	1.0E+10	1E-30	1.0E+10	1.0E+10	1E-30	1.0E+10	1.0E+10	1E-30	1.0E+10	1.0E+10	1E-30	1.0E+10	1.0E+10	1E-30	1.0E+10	1.0E+10	1E-30	1.0E+10	1.0E+10	1E-30	1.0E+10	1.0E+10
141	2.78E-14	1E-30	1.0E-10	1.0E+10	0.00000000953	0.1	1.0E+10	1E-30	18700	1.0E+10	0.0000117	4.86	1.0E+10	0.000000208	127	1.0E+10	0.000000701	2760	1E-30	1.0E+10	1.0E+10	1E-30	1.0E+10	1.0E+10	1E-30	1.0E+10	1.0E+10	1E-30	1.0E+10	1.0E+10	1E-30	1.0E+10	1.0E+10	1E-30	1.0E+10	1.0E+10	1E-30	1.0E+10	1.0E+10	1E-30	1.0E+10	1.0E+10	1E-30	1.0E+10	1.0E+10	1E-30	1.0E+10	1.0E+10
142	2.78E-14	1E-30	1.0E-10	1.0E+10	0.00000000953	0.1	1.0E+10	1E-30	18700	1.0E+10	0.0000117	4.86	1.0E+10	0.000000208	127	1.0E+10	0.000000701	2760	1E-30	1.0E+10	1.0E+10	1E-30	1.0E+10	1.0E+10	1E-30	1.0E+10	1.0E+10	1E-30	1.0E+10	1.0E+10	1E-30	1.0E+10	1.0E+10	1E-30	1.0E+10	1.0E+10	1E-30	1.0E+10	1.0E+10	1E-30	1.0E+10	1.0E+10	1E-30	1.0E+10	1.0E+10	1E-30	1.0E+10	1.0E+10
143	2.78E-14	1E-30	1.0E-10	1.0E+10	0.00000000953	0.1	1.0E+10	1E-30	18700	1.0E+10	0.0000117	4.86	1.0E+10	0.000000208	127	1.0E+10	0.000000701	2760	1E-30	1.0E+10	1.0E+10	1E-30	1.0E+10	1.0E+10	1E-30	1.0E+10	1.0E+10	1E-30	1.0E+10	1.0E+10	1E-30	1.0E+10	1.0E+10	1E-30	1.0E+10	1.0E+10	1E-30	1.0E+10	1.0E+10	1E-30	1.0E+10	1.0E+10	1E-30	1.0E+10	1.0E+10	1E-30	1.0E+10	1.0E+10
144	4.42E-14	1E-30	1.0E-10	1.0E+10	0.0000000096	0.1	1.0E+10	1E-30	14300	1.0E+10	0.000000149	46.7	1.0E+10	0.000000385	1430	1E-30	1.0E+10	1.0E+10	1E-30	1.0E+10	1.0E+10	1E-30	1.0E+10	1.0E+10	1E-30	1.0E+10	1.0E+10	1E-30	1.0E+10	1.0E+10	1E-30	1.0E+10	1.0E+10	1E-30	1.0E+10	1.0E+10	1E-30	1.0E+10	1.0E+10	1E-30	1.0E+10	1.0E+10	1E-30	1.0E+10	1.0E+10	1E-30	1.0E+10	1.0E+10
145	4.42E-14	1E-30	1.0E-10	1.0E+10	0.0000000096	0.1	1.0E+10	1E-30	14300	1.0E+10	0.000000149	46.7	1.0E+10	0.000000385	1430	1E-30	1.0E+10	1.0E+10	1E-30	1.0E+10	1.0E+10	1E-30	1.0E+10	1.0E+10	1E-30	1.0E+10	1.0E+10	1E-30	1.0E+10	1.0E+10	1E-30	1.0E+10	1.0E+10	1E-30	1.0E+10	1.0E+10	1E-30	1.0E+10	1.0E+10	1E-30	1.0E+10	1.0E+10	1E-30	1.0E+10	1.0E+10	1E-30	1.0E+10	1.0E+10
146	4.42E-14	1E-30	1.0E-10	1.0E+10	0.0000000096	0.1	1.0E+10	1E-30	14300	1.0E+10	0.000000149	46.7	1.0E+10	0.000000385	1430	1E-30	1.0E+10	1.0E+10	1E-30	1.0E+10	1.0E+10	1E-30	1.0E+10	1.0E+10	1E-30	1.0E+10	1.0E+10	1E-30	1.0E+10	1.0E+10	1E-30	1.0E+10	1.0E+10	1E-30	1.0E+10	1.0E+10	1E-30	1.0E+10	1.0E+10	1E-30	1.0E+10	1.0E+10	1E-30	1.0E+10	1.0E+10	1E-30	1.0E+10	1.0E+10
147	4.85E-14	1E-30	1.0E-10	1.0E+10	0.0000000096	0.1	1.0E+10	1E-30	14300	1.0E+10	0.000000149	46.7	1.0E+10	0.000000385	1430	1E-30	1.0E+10	1.0E+10	1E-30	1.0E+10	1.0E+10	1E-30	1.0E+10	1.0E+10	1E-30	1.0E+10	1.0E+10	1E-30	1.0E+10	1.0E+10	1E-30	1.0E+10	1.0E+10	1E-30	1.0E+10	1.0E+10	1E-30	1.0E+10	1.0E+10	1E-30	1.0E+10	1.0E+10	1E-30	1.0E+10	1.0E+10	1E-30	1.0E+10	1.0E+10
148	4.85E-14	1E-30	1.0E-10	1.0E+10	0.0000000096	0.1	1.0E+10	1E-30	14300	1.0E+10	0.000000149	46.7	1.0E+10	0.000000385	1430	1E-30	1.0E+10	1.0E+10	1E-30	1.0E+10	1.0E+10	1E-30	1.0E+10	1.0E+10	1E-30	1.0E+10	1.0E+10	1E-30	1.0E+10	1.0E+10	1E-30	1.0E+10	1.0E+10	1E-30	1.0E+10	1.0E+10	1E-30	1.0E+10	1.0E+10	1E-30	1.0E+10	1.0E+10	1E-30	1.0E+10	1.0E+10	1E-30	1.0E+10	1.0E+10
149	4.85E-14	1E-30	1.0E-10	1.0E+10	0.0000000096	0.1	1.0E+10	1E-30	14300	1.0E+10	0.000000149	46.7	1.0E+10	0.000000385	1430	1E-30	1.0E+10	1.0E+10	1E-30	1.0E+10	1.0E+10	1E-30	1.0E+10	1.0E+10	1E-30	1.0E+10	1.0E+10	1E-30	1.0E+10	1.0E+10	1E-30	1.0E+10	1.0E+10	1E-30	1.0E+10	1.0E+10	1E-30	1.0E+10	1.0E+10	1E-30	1.0E+10	1.0E+10	1E-30	1.0E+10	1.0E+10	1E-30	1.0E+10	1.0E+10
150	5.08E-14	1E-30	1.0E-10	1.0E+10	0.0000000101	0.1	1.0E+10	1E-30	14300	1.0E+10	0.000000149	46.7	1.0E+10	0.000000385	1430	1E-30	1.0E+10	1.0E+10	1E-30	1.0E+10	1.0E+10	1E-30	1.0E+10	1.0E+10	1E-30	1.0E+10	1.0E+10	1E-30	1.0E+10	1.0E+10	1E-30	1.0E+10	1.0E+10	1E-30	1.0E+10	1.0E+10	1E-30	1.0E+10	1.0E+10	1E-30	1.0E+10	1.0E+10	1E-30	1.0E+10	1.0E+10	1E-30	1.0E+10	1.0E+10
151	5.08E-14	1E-30	1.0E-10	1.0E+10	0.0000000101	0.1	1.0E+10	1E-30	14300	1.0E+10	0.000000149	46.7	1.0E+10	0.000000385	1430	1E-30	1.0E+10	1.0E+10	1E-30	1.0E+10	1.0E+10	1E-30	1.0E+10	1.0E+10	1E-30	1.0E+10	1.0E+10	1E-30	1.0E+10	1.0E+10	1E-30	1.0E+10	1.0E+10	1E-30	1.0E+10	1.0E+10	1E-30	1.0E+10	1.0E+10	1E-30	1.0E+10	1.0E+10	1E-30	1.0E+10	1.0E+10	1E-30	1.0E+10	1.0E+10
152	5.08E-14	1E-30	1.0E-10	1.0E+10	0.0000000101	0.1	1.0E+10	1E-30	14300	1.0E+10	0.000000149	46.7	1.0E+10	0.000000385	1430	1E-30	1.0E+10	1.0E+10	1E-30	1.0E+10	1.0E+10	1E-30	1.0E+10	1.0E+10	1E-30	1.0E+10	1.0E+10	1E-30	1.0E+10	1.0E+10	1E-30	1.0E+10	1.0E+10	1E-30	1.0E+10	1.0E+10	1E-30	1.0E+10	1.0E+10	1E-30	1.0E+10	1.0E+10	1E-30	1.0E+10	1.0E+10	1E-30	1.0E+10	1.0E+10
153	4.74E-14	1E-30	1.0E-10	1.0E+10	0.0000000101	0.1	1.0E+10	1E-30	14300	1.0E+10	0.000000156	46.7	1.0E+10	0.000000413	1430	1E-30	1.0E+10	1.0E+10	1E-30	1.0E+10	1.0E+10	1E-30	1.0E+10	1.0E+10	1E-30	1.0E+10	1.0E+10	1E-30	1.0E+10	1.0E+10	1E-30	1.0E+10	1.0E+10	1E-30	1.0E+10	1.0E+10	1E-30	1.0E+10	1.0E+10	1E-30	1.0E+10	1.0E+10	1E-30	1.0E+10	1.0E+10	1E-30	1.0E+10	1.0E+10
154	4.74E-14	1E-30	1.0E-10	1.0E+10	0.0000000101	0.1	1.0E+10	1E-30	14300	1.0E+10	0.000000156	46.7	1.0E+10	0.000000413	1430	1E-30	1.0E+10	1.0E+10	1E-30	1.0E+10	1.0E+10	1E-30	1.0E+10	1.0E+10	1E-30	1.0E+10	1.0E+10	1E-30	1.0E+10	1.0E+10	1E-30	1.0E+10	1.0E+10	1E-30	1.0E+10	1.0E+10	1E-30	1.0E+10	1.0E+10	1E-30	1.0E+10	1.0E+10	1E-30	1.0E+10	1.0E+10	1E-30	1.0E+10	1.0E+10
155	4.74E-14	1E-30	1.0E-10	1.0E+10	0.0000000101	0.1	1.0E+10	1E-30	14300	1.0E+10	0.000000156	46.7	1.0E+10	0.000000413	1430	1E-30	1.0E+10	1.0E+10	1E-30	1.0E+10	1.0E+10	1E-30	1.0E+10	1.0E+10	1E-30	1.0E+10	1.0E+10	1E-30	1.0E+10	1.0E+10	1E-30	1.0E+10	1.0E+10	1E-30	1.0E+10	1.0E+10	1E-30	1.0E+10	1.0E+10	1E-30	1.0E+10	1.0E+10	1E-30	1.0E+10	1.0E+10	1E-30	1.0E+10	1.0E+10
156	2.91E-14	1E-30	1.0E-10	1.0E+10	0.000000012	0.12	1.0E+10	1E-30	18700	1.0E+10	0.0000000798	3.16	1.0E+10	0.000000251	122	1.0E+10	0.000000484	2440	1E-30	1.0E+10	1.0E+10	1E-30	1.0E+10	1.0E+10	1E-30	1.0E+10	1.0E+10	1E-30	1.0E+10	1.0E+10	1E-30	1.0E+10	1.0E+10	1E-30	1.0E+10	1.0E+10	1E-30	1.0E+10	1.0E+10	1E-30	1.0E+10	1.0E+10	1E-30	1.0E+10	1.0E+10	1E-30	1.0E+10	1.0E+10
157	2.91E-14	1E-30	1.0E-10	1.0E+10	0.000000012	0.12	1.0E+10	1E-30	18700	1.0E+10	0.0000000798	3.16	1.0E+10	0.000000251	122	1.0E+10	0.000000484	2440	1E-30	1.0E+10	1.0E+10	1E-30	1.0E+10	1.0E+10	1E-30	1.0E+10	1.0E+10	1E-30	1.0E+10	1.0E+10	1E-30	1.0E+10	1.0E+10	1E-30	1.0E+10	1.0E+10	1E-30	1.0E+10	1.0E+10	1E-30	1.0E+10	1.0E+10	1E-30	1.0E+10	1.0E+10	1E-30	1.0E+10	1.0E+10
158	2.91E-14	1E-30	1.0E-10	1.0E+10	0.000000012	0.12	1.0E+10	1E-30	18700	1.0E+10	0.0000000798	3.16	1.0E+10	0.000000251	122	1.0E+10	0.000000484	2440	1E-30	1.0E+10	1.0E+10	1E-30	1.0E+10	1.0E+10	1E-30	1.0E+10	1.0E+10	1E-30	1.0E+10	1.0E+10	1E-30	1.0E+10	1.0E+10	1E-30	1.0E+10	1.0E+10	1E-30	1.0E+10	1.0E+10	1E-30	1.0E+10	1.0E+10	1E-30	1.0E+10	1.0E+10	1E-30	1.0E+10	1.0E+10
159	1.98E-14	1E-30	1.0E-10	1.0E+10	0.0000000126	0.1	1.0E+10	1E-30	20500	1.0E+10	0.0000000772	4.32	1.0E+10	0.00000025	165	1.0E+10	0.000000607	3740	2.13E-15	0.0000000627	105	1E-30	1.0E+10	1.0E+10	1E-30	1.0E+10	1.0E+10	1E-30	1.0E+10	1.0E+10	1E-30	1.0E+10	1.0E+10	1E-30	1.0E+10	1.0E+10	1E-30	1.0E+10	1.0E+10	1E-30	1.0E+10	1.0E+10	1E-30	1.0E+10	1.0E+10	1E-30	1.0E+10	1.0E+10
160	1.98E-14	1E-30	1.0E-10	1.0E+10	0.0000000126	0.1	1.0E+10	1E-30	20500	1.0E+10	0.0000000772	4.32	1.0E+10	0.00000025	165	1.0E+10	0.000000607	3740	2.13E-15	0.0000000627	105	1E-30	1.0E+10	1.0E+10	1E-30	1.0E+10	1.0E+10	1E-30	1.0E+10	1.0E+10	1E-30	1.0E+10	1.0E+10	1E-30	1.0E+10	1.0E+10	1E-30	1.0E+10	1.0E+10	1E-30	1.0E+10	1.0E+10	1E-30	1.0E+10	1.0E+10	1E-30	1.0E+10	1.0E+10
161	1.98E-14	1E-30	1.0E-10	1.0E+10	0.0000000126	0.1	1.0E+10	1E-30	20500	1.0E+10	0.0000000772	4.32	1.0E+10	0.00000025	165	1.0E+10	0.000000607	3740	2.13E-15	0.0000000627	105	1E-30	1.0E+10	1.0E+10	1E-30	1.0E+10	1.0E+10	1E-30	1.0E+10	1.0E+10	1E-30	1.0E+10	1.0E+10	1E-30	1.0E+10	1.0E+10	1E-30	1.0E+10	1.0E+10	1E-30	1.0E+10	1.0E+10	1E-30	1.0E+10	1.0E+10	1E-30	1.0E+10	1.0E+10
162	2.66E-14	1E-30	1.0E-10	1.0E+10	0.000000014	0.1	1.0E+10	1E-30	32000	1.0E+10	0.0000000808	4.85	1.0E+10	0.000000299	225	1.0E+10	0.000000711	5610	1.38E-15	0.0000000929	1960	1E-30	1.0E+10	1.0E+10	1E-30	1.0E+10	1.0E+10	1E-30	1.0E+10	1.0E+10	1E-30	1.0E+10	1.0E+10	1E-30	1.0E+10	1.0E+10	1E-30	1.0E+10	1.0E+10	1E-30	1.0E+10	1.0E+10	1E-30	1.0E+10	1.0E+10	1E-30	1.0E+10	1.0E+10
163	2.66E-14	1E-30	1.0E-10	1.0E+10	0.000000014	0.1	1.0E+10	1E-30	32000	1.0E+10	0.0000000808	4.85	1.0E+10	0.000000299	225	1.0E+10	0.000000711	5610	1.38E-15	0.0000000929	1960	1E-30	1.0E+10	1.0E+10	1E-30	1.0E+10	1.0E+10	1E-30	1.0E+10	1.0E+10	1E-30	1.0E+10	1.0E+10	1E-30	1.0E+10	1.0E+10	1E-30	1.0E+10	1.0E+10	1E-30	1.0E+10	1.0E+10	1E-30	1.0E+10	1.0E+10	1E-30	1.0E+10	1.0E+10
164	2.66E-14	1E-30	1.0E-10	1.0E+10	0.000000014	0.1	1.0E+10	1E-30	32000	1.0E+10	0.0000000808	4.85	1.0E+10	0.000000299	225	1.0E+10	0.000000711	5610	1.38E-15	0.0000000929	1960	1E-30	1.0E+10	1.0E+10	1E-30	1.0E+10	1.0E+10	1E-30	1.0E+10	1.0E+10	1E-30	1.0E+10	1.0E+10	1E-30	1.0E+10	1.0E+10	1E-30	1.0E+10	1.0E+10	1E-30	1.0E+10	1.0E+10	1E-30	1.0E+10	1.0E+10	1E-30	1.0E+10	1.0E+10
165	0.000000000000023	1E-30	1.0E-10	1.0E+10	0.000000015	0.15	1.0E+10	1E-30	37500	1.0E+10	0.000000106	4.21	1.0E+10	0.000000276	183	1.0E+10	0.000000722	5840	2.84E-15	0.000000051	1100	1E-30	1.0E+10	1.0E+10	1E-30	1.0E+10	1.0E+10	1E-30	1.0E+10	1.0E+10	1E-30	1.0E+10	1.0E+10	1E-30	1.0E+10	1.0E+10	1E-30	1.0E+10	1.0E+10	1E-30	1.0E+10	1.0E+10	1E-30	1.0E+10	1.0E+10	1E-30	1.0E+10	1.0E+10
166	0.000000000000023	1E-30	1.0E-10	1.0E+10	0.000000015	0.15	1.0E+10	1E-30	37500	1.0E+10	0.000000106	4.21	1.0E+10	0.000000276	183	1.0E+10	0.000000722	5840	2.84E-15	0.000000051	1100	1E-30	1.0E+10	1.0E+10	1E-30	1.0E+10	1.0E+10	1E-30	1.0E+10	1.0E+10	1E-30	1.0E+10	1.0E+10	1E-30	1.0E+10	1.0E+10	1E-30	1.0E+10	1.0E+10	1E-30	1.0E+10	1.0E+10	1E-30	1.0E+10	1.0E+10	1E-30	1.0E+10	1.0E+10
167	0.000000000000023	1E-30	1.0E-10	1.0E+10	0.000000015	0.15	1.0E+10	1E-30	37500	1.0E+10	0.000000106	4.21	1.0E+10	0.000000276	183	1.0E+10	0.000000722	5840	2.84E-15	0.000000051	1100	1E-30	1.0E+10	1.0E+10	1E-30	1.0E+10	1.0E+10	1E-30	1.0E+10	1.0E+10	1E-30	1.0E+10	1.0E+10	1E-30	1.0E+10	1.0E+10	1E-30	1.0E+10	1.0E+10	1E-30	1.0E+10	1.0E+10	1E-30	1.0E+10	1.0E+10	1E-30	1.0E+10	1.0E+10
168	2.58E-14	1E-30	1.0E-10	1.0E+10	0.0000000172	0.11	1.0E+10	1E-30	35200	1.0E+10	0.000000128	7.55	1.0E+10	0.000000319	215	1.0E+10	0.000000759	4650	3.19E-15	0.0000000212	446	1E-30	1.0E+10	1.0E+10	1E-30	1.0E+10	1.0E+10	1E-30	1.0E+10	1.0E+10	1E-30	1.0E+10	1.0E+10	1E-30	1.0E+10	1.0E+10	1E-30	1.0E+10	1.0E+10	1E-30	1.0E+10	1.0E+10	1E-30	1.0E+10	1.0E+10	1E-30	1.0E+10	1.0E+10
169	2.58E-14	1E-30	1.0E-10	1.0E+10	0.0000000172	0.11	1.0E+10	1E-30	35200	1.0E+10	0.000000128	7.55	1.0E+10	0.000000319	215	1.0E+10	0.000000759	4650	3.19E-15	0.0000000212	446	1E-30	1.0E+10	1.0E+10	1E-30	1.0E+10	1.0E+10	1E-30	1.0E+10	1.0E+10	1E-30	1.0E+10	1.0E+10	1E-30	1.0E+10	1.0E+10	1E-30	1.0E+10	1.0E+10	1E-30	1.0E+10	1.0E+10	1E-30	1.0E+10	1.0E+10	1E-30	1.0E+10	1.0E+10
170	2.58E-14	1E-30	1.0E-10	1.0E+10	0.0000000172	0.11	1.0E+10	1E-30	35200	1.0E+10	0.000000128	7.55	1.0E+10	0.000000319	215	1.0E+10	0.000000759	4650	3.19E-15	0.0000000212	446	1E-30	1.0E+10	1.0E+10	1E-30	1.0E+10	1.0E+10	1E-30	1.0E+10	1.0E+10	1E-30	1.0E+10	1.0E+10	1E-30	1.0E+10	1.0E+10	1E-30	1.0E+10	1.0E+10	1E-30	1.0E+10	1.0E+10	1E-30	1.0E+10	1.0E+10	1E-30	1.0E+10	1.0E+10
171	2.36E-14	1E-30	1.0E-10	1.0E+10	0.0000000181	0.17	1.0E+10	1E-30	41600	1.0E+10	0.000000184	5.96	1.0E+10	0.000000325	157	1.0E+10	0.00000066	3220	1.68E-15	0.0000000296	237	1E-30	1.0E+10	1.0E+10	1E-30	1.0E+10	1.0E+10	1E-30	1.0E+10	1.0E+10	1E-30	1.0E+10	1.0E+10	1E-30	1.0E+10	1.0E+10	1E-30	1.0E+10	1.0E+10	1E-30	1.0E+10	1.0E+10	1E-30	1.0E+10	1.0E+10	1E-30	1.0E+10	1.0E+10
172	2.36E-14	1E-30	1.0E-10	1.0E+10	0.0000000181	0.17	1.0E+10	1E-30	41600	1.0E+10	0.000000184	5.96	1.0E+10	0.000000325	157	1.0E+10	0.00000066	3220	1.68E-15	0.0000000296	237	1E-30	1.0E+10	1.0E+10	1E-30	1.0E+10	1.0E+10	1E-30	1.0E+10	1.0E+10	1E-30	1.0E+10	1.0E+10	1E-30	1.0E+10	1.0E+10	1E-30	1.0E+10	1.0E+10	1E-30	1.0E+10	1.0E+10	1E-30	1.0E+10	1.0E+10	1E-30	1.0E+10	1.0E+10
173	2.36E-14	1E-30	1.0E-10	1.0E+10	0.0000000181	0.17	1.0E+10	1E-30	41600	1.0E+10	0.000000184	5.96	1.0E+10	0.000000325	157	1.0E+10	0.00000066	3220	1.68E-15	0.0000000296	237	1E-30	1.0E+10	1.0E+10	1E-30	1.0E+10	1.0E+10	1E-30	1.0E+10	1.0E+10	1E-30	1.0E+10	1.0E+10	1E-30	1.0E+10	1.0E+10	1E-30	1.0E+10	1.0E+10	1E-30	1.0E+10	1.0E+10	1E-30	1.0E+10	1.0E+10	1E-30	1.0E+10	1.0E+10
174	1.93E-14	1E-30	1.0E-10	1.0E+10	0.000000021	0.19	1.0E+10	1E-30	40200	1.0E+10	0.000000152	6.64	1.0E+10	0.000000355	220	1.0E+10	0.000000793	5310	5.17E-16	0.000000435	916	2.15E-15	0.0000000385	174	1E-30	1.0E+10	1.0E+10	1E-30	1.0E+10	1.0E+10	1E-30	1.0E+10	1.0E+10	1E-30	1.0E+10	1.0E+10	1E-30	1.0E+10	1.0E+10	1E-30	1.0E+10	1.0E+10	1E-30	1.0E+10	1.0E+10	1E-30	1.0E+10	1.0E+10
175	1.93E-14	1E-30	1.0E-10	1.0E+10	0.000000021	0.19	1.0E+10	1E-30	40200	1.0E+10	0.000000152	6.64	1.0E+10	0.000000355	220	1.0E+10	0.000000793	5310	5.17E-16	0.000000435	916	2.15E-15	0.0000000385	174	1E-30	1.0E+10	1.0E+10	1E-30	1.0E+10	1.0E+10	1E-30	1.0E+10	1.0E+10	1E-30	1.0E+10	1.0E+10	1E-30	1.0E+10	1.0E+10	1E-30	1.0E+10	1.0E+10	1E-30	1.0E+10	1.0E+10	1E-30	1.0E+10	1.0E+10
176	1.93E-14	1E-30	1.0E-10	1.0E+10	0.000000021	0.19	1.0E+10	1E-30	40200	1.0E+10	0.000000152	6.64	1.0E+10	0.000000355	220	1.0E+10	0.000000793	5310	5.17E-16	0.000000435	916	2.15E-15	0.0000000385	174	1E-30	1.0E+10	1.0E+10	1E-30	1.0E+10	1.0E+10	1E-30	1.0E+10	1.0E+10	1E-30	1.0E+10	1.0E+10	1E-30	1.0E+10	1.0E+10	1E-30	1.0E+10	1.0E+10	1E-30	1.0E+10	1.0E+10	1E-30	1.0E+10	1.0E+10
177	1.77E-14	1E-30	1.0E-10	1.0E+10	0.000000023	0.19	1.0E+10	1E-30	47800	1.0E+10	0.00000014	6.82	1.0E+10	0.000000417	276	1.0E+10	0.000000937	5850	5.37E-16	0.000000501	981	1.86E-15	0.0000000479	419	1E-30	1.0E+10	1.0E+10	1E-30	1.0E+10	1.0E+10	1E-30	1.0E+10	1.0E+10	1E-30	1.0E+10	1.0E+10	1E-30	1.0E+10	1.0E+10	1E-30	1.0E+10	1.0E+10	1E-30	1.0E+10	1.0E+10	1E-30	1.0E+10	1.0E+10
178	1.77E-14	1E-30	1.0E-10	1.0E+10	0.000000023	0.19	1.0E+10	1E-30	47800	1.0E+10	0.00000014	6.82	1.0E+10	0.000000417	276	1.0E+10	0.000000937	5850	5.37E-16	0.000000501	981	1.86E-15	0.0000000479	419	1E-30	1.0E+10	1.0E+10	1E-30	1.0E+10	1.0E+10	1E-30	1.0E+10	1.0E+10	1E-30	1.0E+10	1.0E+10	1E-30	1.0E+10	1.0E+10	1E-30	1.0E+10	1.0E+10	1E-30	1.0E+10	1.0E+10	1E-30	1.0E+10	1.0E+10
179	1.77E-14	1E-30	1.0E-10	1.0E+10	0.000000023	0.19	1.0E+10	1E-30	47800	1.0E+10	0.00000014	6.82	1.0E+10	0.000000417	276	1.0E+10	0.000000937	5850	5.37E-16	0.000000501	981	1.86E-15	0.0000000479	419	1E-30	1.0E+10	1.0E+10	1E-30	1.0E+10	1.0E+10	1E-30	1.0E+10	1.0E+10	1E-30	1.0E+10	1.0E+10	1E-30	1.0E+10	1.0E+10	1E-30	1.0E+10	1.0E+10	1E-30	1.0E+10	1.0E+10	1E-30	1.0E+10	1.0E+10
180	2.26E-14	1E-30	1.0E-10	1.0E+10	0.0000000243	0.19	1.0E+10	1E-30	42800	1.0E+10	0.000000152	7.82	1.0E+10	0.000000453	327	1.0E+10	0.00000105	6790	4.8E-16	0.000000522	3560	1.56E-15	0.0000000544	148	1E-30	1.0E+10	1.0E+10	1E-30	1.0E+10	1.0E+10	1E-30	1.0E+10	1.0E+10	1E-30	1.0E+10	1.0E+10	1E-30	1.0E+10	1.0E+10	1E-30	1.0E+10	1.0E+10	1E-30	1.0E+10	1.0E+10	1E-30	1.0E+10	1.0E+10
181	2.26E-14	1E-30	1.0E-10	1.0E+10	0.0000000243	0.19	1.0E+10	1E-30	42800	1.0E+10	0.000000152	7.82	1.0E+10	0.000000453	327	1.0E+10	0.00000105	6790	4.8E-16	0.000000522	3560	1.56E-15	0.0000000544	148	1E-30	1.0E+10	1.0E+10	1E-30	1.0E+10	1.0E+10	1E-30	1.0E+10	1.0E+10	1E-30	1.0E+10	1.0E+10	1E-30	1.0E+10	1.0E+10	1E-30	1.0E+10	1.0E+10	1E-30	1.0E+10	1.0E+10	1E-30	1.0E+10	1.0E+10
182	2.26E-14	1E-30	1.0E-10	1.0E+10	0.0000000243	0.19	1.0E+10	1E-30	42800	1.0E+10	0.000000152	7.82	1.0E+10	0.000000453	327	1.0E+10	0.00000105	6790	4.8E-16	0.000000522	3560	1.56E-15	0.0000000544	148	1E-30	1.0E+10	1.0E+10	1E-30	1.0E+10	1.0E+10	1E-30	1.0E+10	1.0E+10	1E-30	1.0E+10	1.0E+10	1E-30	1.0E+10	1.0E+10	1E-30	1.0E+10	1.0E+10	1E-30	1.0E+10	1.0E+10	1E-30	1.0E+10	1.0E+10
183	1.94E-14	1E-30	1.0E-10	1.0E+10	0.0000000257	0.21	1.0E+10	1E-30	46800	1.0E+10	0.000000172	9.02	1.0E+10	0.000000487	333	1.0E+10	0.00000108	6930	4.3E-16	0.000000649	492	1.95E-15	0.0000000588	105	1E-30	1.0E+10	1.0E+10	1E-30	1.0E+10	1.0E+10	1E-30	1.0E+10	1.0E+10	1E-30	1.0E+10	1.0E+10	1E-30	1.0E+10	1.0E+10	1E-30	1.0E+10	1.0E+10	1E-30	1.0E+10	1.0E+10	1E-30	1.0E+10	1.0E+10
184	1.94E-14	1E-30	1.0E-10	1.0E+10	0.0000000257	0.21	1.0E+10	1E-30	46800	1.0E+10	0.000000172	9.02	1.0E+10	0.000000487	333	1.0E+10	0.00000108	6930	4.3E-16	0.000000649	492	1.95E-15	0.0000000588	105	1E-30	1.0E+10	1.0E+10	1E-30	1.0E+10	1.0E+10	1E-30	1.0E+10	1.0E+10	1E-30	1.0E+10	1.0E+10	1E-30	1.0E+10	1.0E+10	1E-30	1.0E+10	1.0E+10	1E-30	1.0E+10	1.0E+10	1E-30	1.0E+10	1.0E+10
185	1.94E-14	1E-30	1.0E-10	1.0E+10	0.0000000257	0.21	1.0E+10	1E-30	46800	1.0E+10	0.000000172	9.02	1.0E+10	0.000000487	333	1.0E+10	0.00000108	6930	4.3E-16	0.000000649	492	1.95E-15	0.0000000588	105	1E-30	1.0E+10	1.0E+10	1E-30	1.0E+10	1.0E+10	1E-30	1.0E+10	1.0E+10	1E-30	1.0E+10	1.0E+10	1E-30	1.0E+10	1.0E+10	1E-30	1.0E+10	1.0E+10	1E-30	1.0E+10	1.0E+10	1E-30	1.0E+10	1.0E+10
186	0.000000000000019	1E-30	1.0E-10	1.0E+10	0.0000000268	0.21	1.0E+10	1E-30	44800	1.0E+10	0.00000023	11.3	1.0E+10	0.000000507	333	1.0E+10	0.00000122	7050	2.37E-15	0.0000001	174	5.84E-15	0.0000000227	44	1E-30	1.0E+10	1.0E+10	1E-30	1.0E+10	1.0E+10	1E-30	1.0E+10	1.0E+10	1E-30	1.0E+10	1.0E+10	1E-30	1.0E+10	1.0E+10	1E-30	1.0E+10	1.0E+10	1E-30	1.0E+10	1.0E+10	1E-30	1.0E+10	1.0E+10
187	0.000000000000019	1E-30	1.0E-10	1.0E+10	0.0000000268	0.21	1.0E+10	1E-30	44800	1.0E+10	0.00000023	11.3	1.0E+10	0.000000507	333	1.0E+10	0.00000122	7050	2.37E-15	0.0000001	174	5.84E-15	0.0000000227	44	1E-30	1.0E+10	1.0E+10	1E-30	1.0E+10	1.0E+10	1E-30	1.0E+10	1.0E+10	1E-30	1.0E+10	1.0E+10	1E-30	1.0E+10	1.0E+10	1E-30	1.0E+10	1.0E+10	1E-30	1.0E+10	1.0E+10	1E-30	1.0E+10	1.0E+10
188	0.000000000000019	1E-30	1.0E-10	1.0E+10	0.0000000268	0.21	1.0E+10	1E-30	44800	1.0E+10	0.00000023	11.3	1.0E+10	0.000000507	333	1.0E+10	0.00000122	7050	2.37E-15	0.0000001	174	5.84E-15	0.0000000227	44	1E-30	1.0E+10	1.0E+10	1E-30	1.0E+10	1.0E+10	1E-30	1.0E+10	1.0E+10	1E-30	1.0E+10	1.0E+10	1E-30	1.0E+10	1.0E+10	1E-30	1.0E+10	1.0E+10	1E-30	1.0E+10	1.0E+10	1E-30	1.0E+10	1.0E+10
189	1.89E-14	1E-30	1.0E-10	1.0E+10	0.0000000291	0.37	1.0E+10	1E-30	62100	1.0E+10	0.00000014	6.43	1.0E+10	0.000000534	341	1.0E+10	0.00000113	7640	3.01E-17	0.0000109	66000	1.63E-15	0.0000000734	204	1E-30	1.0E+10	1.0E+10	1E-30	1.0E+10	1.0E+10	1E-30	1.0E+10	1.0E+10	1E-30	1.0E+10	1.0E+10	1E-30	1.0E+10	1.0E+10	1E-30	1.0E+10	1.0E+10	1E-30	1.0E+10	1.0E+10	1E-30	1.0E+10	1.0E+10
190	1.89E-14	1E-30	1.0E-10	1.0E+10	0.0000000291	0.37	1.0E+10	1E-30	62100	1.0E+10	0.00000014	6.43	1.0E+10	0.000000534	341	1.0E+10	0.00000113	7640	3.01E-17	0.0000109	66000	1.63E-15	0.0000000734	204	1E-30	1.0E+10	1.0E+10	1E-30	1.0E+10	1.0E+10	1E-30	1.0E+10	1.0E+10	1E-30	1.0E+10	1.0E+10	1E-30	1.0E+10	1.0E+10	1E-30	1.0E+10	1.0E+10	1E-30	1.0E+10	1.0E+10	1E-30	1.0E+10	1.0E+10
191	1.89E-14	1E-30	1.0E-10	1.0E+10	0.0000000291	0.37	1.0E+10	1E-30	62100	1.0E+10	0.00000014	6.43	1.0E+10	0.000000534	341	1.0E+10	0.00000113	7640	3.01E-17	0.0000109	66000	1.63E-15	0.0000000734	204	1E-30	1.0E+10	1.0E+10	1E-30	1.0E+10	1.0E+10	1E-30	1.0E+10	1.0E+10	1E-30	1.0E+10	1.0E+10	1E-30	1.0E+10	1.0E+10	1E-30	1.0E+10	1.0E+10	1E-30	1.0E+10	1.0E+10	1E-30	1.0E+10	1.0E+10
192	2.39E-14	1E-30	1.0E-10	1.0E+10	0.0000000336	0.37	1.0E+10	1E-30	52700	1.0E+10	0.000000206	8.42	1.0E+10	0.000000597	409	1.0E+10	0.00000129	7990	7.06E-17	0.00000437	48800	3.78E-15	0.0000000334	111	1E-30	1.0E+10	1.0E+10	1E-30	1.0E+10	1.0E+10	1E-30	1.0E+10	1.0E+10	1E-30	1.0E+10	1.0E+10	1E-30	1.0E+10	1.0E+10	1E-30	1.0E+10	1.0E+10	1E-30	1.0E+10	1.0E+10	1E-30	1.0E+10	1.0E+10
193	2.39E-14	1E-30	1.0E-10	1.0E+10	0.0000000336	0.37	1.0E+10	1E-30	52700	1.0E+10	0.000000206	8.42	1.0E+10	0.000000597	409	1.0E+10	0.00000129	7990	7.06E-17	0.00000437	48800	3.78E-15	0.0000000334	111	1E-30	1.0E+10	1.0E+10	1E-30	1.0E+10	1.0E+10	1E-30	1.0E+10	1.0E+10	1E-30	1.0E+10	1.0E+10	1E-30	1.0E+10	1.0E+10	1E-30	1.0E+10	1.0E+10	1E-30	1.0E+10	1.0E+10	1E-30	1.0E+10	1.0E+10
194	2.39E-14	1E-30	1.0E-10	1.0E+10	0.0000000336	0.37	1.0E+10	1E-30	52700	1.0E+10	0.000000206	8.42	1.0E+10	0.000000597	409	1.0E+10	0.00000129	7990	7.06E-17	0.00000437	48800	3.78E-15	0.0000000334	111	1E-30	1.0E+10	1.0E+10	1E-30	1.0E+10	1.0E+10	1E-30	1.0E+10	1.0E+10	1E-30	1.0E+10	1.0E+10	1E-30	1.0E+10	1.0E+10	1E-30	1.0E+10	1.0E+10	1E-30	1.0E+10	1.0E+10	1E-30	1.0E+10	1.0E+10
195	1.98E-14	1E-30	1.0E-10	1.0E+10	0.0000000351	0.41	1.0E+10	1E-30	61000	1.0E+10	0.000000248	9.44	1.0E+10	0.000000683	453	1.0E+10	0.0000015	9170	6.92E-16	0.000000511	692	3.06E-15	0.0000000451	152	1E-30	1.0E+10	1.0E+10	1E-30	1.0E+10	1.0E+10	1E-30	1.0E+10	1.0E+10	1E-30	1.0E+10	1.0E+10	1E-30	1.0E+10	1.0E+10	1E-30	1.0E+10	1.0E+10	1E-30	1.0E+10	1.0E+10	1E-30	1.0E+10	1.0E+10
196	1.98E-14	1E-30	1.0E-10	1.0E+10	0.0000000351	0.41	1.0E+10	1E-30	61000	1.0E+10	0.000000248	9.44	1.0E+10	0.000000683	453	1.0E+10	0.0000015	9170	6.92E-16	0.000000511	692	3.06E-15	0.0000000451	152	1E-30	1.0E+10	1.0E+10	1E-30	1.0E+10	1.0E+10	1E-30	1.0E+10	1.0E+10	1E-30	1.0E+10	1.0E+10	1E-30	1.0E+10	1.0E+10	1E-30	1.0E+10	1.0E+10	1E-30	1.0E+10	1.0E+10	1E-30	1.0E+10	1.0E+10
197	1.98E-14	1E-30	1.0E-10	1.0E+10	0.0000000351	0.41	1.0E+10	1E-30	61000	1.0E+10	0.000000248	9.44	1.0E+10	0.000000683	453	1.0E+10	0.0000015	9170	6.92E-16	0.000000511	692	3.06E-15	0.0000000451	152	1E-30	1.0E+10	1.0E+10	1E-30	1.0E+10	1.0E+10	1E-30	1.0E+10	1.0E+10	1E-30	1.0E+10	1.0E+10	1E-30	1.0E+10	1.0E+10	1E-30	1.0E+10	1.0E+10	1E-30	1.0E+10	1.0E+10	1E-30	1.0E+10	1.0E+10
198	1.92E-14	1E-30	1.0E-10	1.0E+10	0.0000000387	0.45	1.0E+10	1E-30	84500	1.0E+10	0.000000247	10.1	1.0E+10	0.000000716	475	1.0E+10	0.0000016	10200	3.89E-17	0.00000971	36000	1.89E-15	0.0000000837	200	1.67E-16	0.000000441	8950	1E-30	1.0E+10	1.0E+10	1E-30	1.0E+10	1.0E+10	1E-30	1.0E+10	1.0E+10	1E-30	1.0E+10	1.0E+10	1E-30	1.0E+10	1.0E+10	1E-30	1.0E+10	1.0E+10	1E-30	1.0E+10	1.0E+10
199	1.92E-14	1E-30	1.0E-10	1.0E+10	0.0000000387	0.45	1.0E+10	1E-30	84500	1.0E+10	0.000000247	10.1	1.0E+10	0.000000716	475	1.0E+10	0.0000016	10200	3.89E-17	0.00000971	36000	1.89E-15	0.0000000837	200	1.67E-16	0.000000441	8950	1E-30	1.0E+10	1.0E+10	1E-30	1.0E+10	1.0E+10	1E-30	1.0E+10	1.0E+10	1E-30	1.0E+10	1.0E+10	1E-30	1.0E+10	1.0E+10	1E-30	1.0E+10	1.0E+10	1E-30	1.0E+10	1.0E+10
200	1.92E-14	1E-30	1.0E-10	1.0E+10	0.0000000387	0.45	1.0E+10	1E-30	84500	1.0E+10	0.000000247	10.1	1.0E+10	0.000000716	475	1.0E+10	0.0000016	10200	3.89E-17	0.00000971	36000	1.89E-15	0.0000000837	200	1.67E-16	0.000000441	8950	1E-30	1.0E+10	1.0E+10	1E-30	1.0E+10	1.0E+10	1E-30	1.0E+10	1.0E+10	1E-30	1.0E+10	1.0E+10	1E-30	1.0E+10	1.0E+10	1E-30	1.0E+10	1.0E+10	1E-30	1.0E+10	1.0E+10
201	1.86E-14	1E-30	1.0E-10	1.0E+10	0.0000000425	0.45	1.0E+10	1E-30	68700	1.0E+10	0.000000285	11.4	1.0E+10	0.000000791	492	1.0E+10	0.00000195	12400	6.06E-17	0.00000783	51900	4.02E-15	0.0000000401	98.2	5.07E-16	0.000000159	1620	1E-30	1.0E+10	1.0E+10	1E-30	1.0E+10	1.0E+10	1E-30	1.0E+10	1.0E+10	1E-30	1.0E+10	1.0E+10	1E-30	1.0E+10	1.0E+10	1E-30	1.0E+10	1.0E+10	1E-30	1.0E+10	1.0E+10
202	1.86E-14	1E-30	1.0E-10	1.0E+10	0.0000000425	0.45	1.0E+10	1E-30	68700	1.0E+10	0.000000285	11.4	1.0E+10	0.000000791	492	1.0E+10	0.00000195	12400	6.06E-17	0.00000783	51900	4.02E-15	0.0000000401	98.2	5.07E-16	0.000000159	1620	1E-30	1.0E+10	1.0E+10	1E-30	1.0E+10	1.0E+10	1E-30	1.0E+10	1.0E+10	1E-30	1.0E+10	1.0E+10	1E-30	1.0E+10	1.0E+10	1E-30	1.0E+10	1.0E+10	1E-30	1.0E+10	1.0E+10
203	1.86E-14	1E-30	1.0E-10	1.0E+10	0.0000000425	0.45	1.0E+10	1E-30	68700	1.0E+10	0.000000285	11.4	1.0E+10	0.000000791	492	1.0E+10	0.00000195	12400	6.06E-17	0.00000783	51900	4.02E-15	0.0000000401	98.2	5.07E-16	0.000000159	1620	1E-30	1.0E+10	1.0E+10	1E-30	1.0E+10	1.0E+10	1E-30	1.0E+10	1.0E+10	1E-30	1.0E+10	1.0E+10	1E-30	1.0E+10	1.0E+10	1E-30	1.0E+10	1.0E+10	1E-30	1.0E+10	1.0E+10
204	1.72E-14	1E-30	1.0E-10	1.0E+10	0.000000045	0.5	1.0E+10	1E-30	80500	1.0E+10	0.000000312	12.6	1.0E+10	0.000000798	466	1.0E+10	0.00000202	12100	3.12E-17	0.0000164	88600	3.76E-15	0.0000000563	135	6.71E-16	0.000000142	3770	1E-30	1.0E+10	1.0E+10	1E-30	1.0E+10	1.0E+10	1E-30	1.0E+10	1.0E+10	1E-30	1.0E+10	1.0E+10	1E-30	1.0E+10	1.0E+10	1E-30	1.0E+10	1.0E+10	1E-30	1.0E+10	1.0E+10
205	1.72E-14	1E-30	1.0E-10	1.0E+10	0.000000045	0.5	1.0E+10	1E-30	80500	1.0E+10	0.000000312	12.6	1.0E+10	0.000000798	466	1.0E+10	0.00000202	12100	3.12E-17	0.0000164	88600	3.76E-15	0.0000000563	135	6.71E-16	0.000000142	3770	1E-30	1.0E+10	1.0E+10	1E-30	1.0E+10	1.0E+10	1E-30	1.0E+10	1.0E+10	1E-30	1.0E+10	1.0E+10	1E-30	1.0E+10	1.0E+10	1E-30	1.0E+10	1.0E+10	1E-30	1.0E+10	1.0E+10
206	1.72E-14	1E-30	1.0E-10	1.0E+10	0.000000045	0.5	1.0E+10	1E-30	80500	1.0E+10	0.000000312	12.6	1.0E+10	0.000000798	466	1.0E+10	0.00000202	12100	3.12E-17	0.0000164	88600	3.76E-15	0.0000000563	135	6.71E-16	0.000000142	3770	1E-30	1.0E+10	1.0E+10	1E-30	1.0E+10	1.0E+10	1E-30	1.0E+10	1.0E+10	1E-30	1.0E+10	1.0E+10	1E-30	1.0E+10	1.0E+10	1E-30	1.0E+10	1.0E+10	1E-30	1.0E+10	1.0E+10
207	2.03E-14	1E-30	1.0E-10	1.0E+10	0.0000000451	0.5	1.0E+10	1E-30	75900	1.0E+10	0.000000343	14.6	1.0E+10	0.000000889	663	1.0E+10	0.0000021	14200	2.31E-17	0.0000248	127000	2.6E-15	0.0000000829	180	5.18E-16	0.000000198	3280	1E-30	1.0E+10	1.0E+10	1E-30	1.0E+10	1.0E+10	1E-30	1.0E+10	1.0E+10	1E-30	1.0E+10	1.0E+10	1E-30	1.0E+10	1.0E+10	1E-30	1.0E+10	1.0E+10	1E-30	1.0E+10	1.0E+10
208	2.03E-14	1E-30	1.0E-10	1.0E+10	0.0000000451	0.5	1.0E+10	1E-30	75900	1.0E+10	0.000000343	14.6	1.0E+10	0.000000889	663	1.0E+10	0.0000021	14200	2.31E-17	0.0000248	127000	2.6E-15	0.0000000829	180	5.18E-16	0.000000198	3280	1E-30	1.0E+10	1.0E+10	1E-30	1.0E+10	1.0E+10	1E-30	1.0E+10	1.0E+10	1E-30	1.0E+10	1.0E+10	1E-30	1.0E+10	1.0E+10	1E-30	1.0E+10	1.0E+10	1E-30	1.0E+10	1.0E+10
209	2.03E-14	1E-30	1.0E-10	1.0E+10	0.0000000451	0.5	1.0E+10	1E-30	75900	1.0E+10	0.000000343	14.6	1.0E+10	0.000000889	663	1.0E+10	0.0000021	14200	2.31E-17	0.0000248	127000	2.6E-15	0.0000000829	180	5.18E-16	0.000000198	3280	1E-30	1.0E+10	1.0E+10	1E-30	1.0E+10	1.0E+10	1E-30	1.0E+10	1.0E+10	1E-30	1.0E+10	1.0E+10	1E-30	1.0E+10	1.0E+10	1E-30	1.0E+10	1.0E+10	1E-30	1.0E+10	1.0E+10
210	2.19E-14	1E-30	1.0E-10	1.0E+10	0.0000000499	0.5	1.0E+10	1E-30	66700	1.0E+10	0.000000388	18.8	1.0E+10	0.00000095	630	1.0E+10	0.00000219	13700	8.61E-17	0.00000626	48500	3.59E-15	0.0000000567	139	3.21E-15	0.0000000185	60.4	1E-30	1.0E+10	1.0E+10	1E-30	1.0E+10	1.0E+10	1E-30	1.0E+10	1.0E+10	1E-30	1.0E+10	1.0E+10	1E-30	1.0E+10	1.0E+10	1E-30	1.0E+10	1.0E+10	1E-30	1.0E+10	1.0E+10
211	2.19E-14	1E-30	1.0E-10	1.0E+10	0.0000000499	0.5	1.0E+10	1E-30	66700	1.0E+10	0.000000388	18.8	1.0E+10	0.00000095	630	1.0E+10	0.00000219	13700	8.61E-17	0.00000626	48500	3.59E-15	0.0000000567	139	3.21E-15	0.0000000185	60.4	1E-30	1.0E+10	1.0E+10	1E-30	1.0E+10	1.0E+10	1E-30	1.0E+10	1.0E+10	1E-30	1.0E+10	1.0E+10	1E-30	1.0E+10	1.0E+10	1E-30	1.0E+10	1.0E+10	1E-30	1.0E+10	1.0E+10
212	2.19E-14	1E-30	1.0E-10	1.0E+10	0.0000000499	0.5	1.0E+10	1E-30	66700	1.0E+10	0.000000388	18.8	1.0E+10	0.00000095	630	1.0E+10	0.00000219	13700	8.61E-17	0.00000626	48500	3.59E-15	0.0000000567	139	3.21E-15	0.0000000185	60.4	1E-30	1.0E+10	1.0E+10	1E-30	1.0E+10	1.0E+10	1E-30	1.0E+10	1.0E+10	1E-30	1.0E+10	1.0E+10	1E-30	1.0E+10	1.0E+10	1E-30	1.0E+10	1.0E+10	1E-30	1.0E+10	1.0E+10
213	1.62E-14	1E-30	1.0E-10	1.0E+10	0.0000000551	0.77	1.0E+10	1E-30	89000	1.0E+10	0.000000316	12.1	1.0E+10	0.000000987	620	1.0E+10	0.00000273	14300	3.34E-17	0.0000213	108000	2.37E-15	0.0000000999	204	6.29E-16	0.00000021	3330	2.9E-15	0.0000000231	114	1E-30	1.0E+10	1.0E+10	1E-30	1.0E+10	1.0E+10	1E-30	1.0E+10	1.0E+10	1E-30	1.0E+10	1.0E+10	1E-30	1.0E+10	1.0E+10	1E-30	1.0E+10	1.0E+10
214	1.62E-14	1E-30	1.0E-10	1.0E+10	0.0000000551	0.77	1.0E+10	1E-30	89000	1.0E+10	0.000000316	12.1	1.0E+10	0.000000987	620	1.0E+10	0.00000273	14300	3.34E-17	0.0000213	108000	2.37E-15	0.0000000999	204	6.29E-16	0.00000021	3330	2.9E-15	0.0000000231	114	1E-30	1.0E+10	1.0E+10	1E-30	1.0E+10	1.0E+10	1E-30	1.0E+10	1.0E+10	1E-30	1.0E+10	1.0E+10	1E-30	1.0E+10	1.0E+10	1E-30	1.0E+10	1.0E+10
215	1.62E-14	1E-30	1.0E-10	1.0E+10	0.0000000551	0.77	1.0E+10	1E-30	89000	1.0E+10	0.000000316	12.1	1.0E+10	0.000000987	620	1.0E+10	0.00000273	14300	3.34E-17	0.0000213	108000	2.37E-15	0.0000000999	204	6.29E-16	0.00000021	3330	2.9E-15	0.0000000231	114	1E-30	1.0E+10	1.0E+10	1E-30	1.0E+10	1.0E+10	1E-30	1.0E+10	1.0E+10	1E-30	1.0E+10	1.0E+10	1E-30	1.0E+10	1.0E+10	1E-30	1.0E+10	1.0E+10
216	1.63E-14	1E-30	1.0E-10	1.0E+10	0.0000000583	0.77	1.0E+10	1E-30	75300	1.0E+10	0.000000364	14.5	1.0E+10	0.00000111	738	1.0E+10	0.00000277	18300	1.08E-16	0.00000524	7480	5.31E-15	0.0000000527	100	1.01E-15	0.000000105	2260	4.12E-15	0.0000000172	97.3	1E-30	1.0E+10	1.0E+10	1E-30	1.0E+10	1.0E+10	1E-30	1.0E+10	1.0E+10	1E-30	1.0E+10	1.0E+10	1E-30	1.0E+10	1.0E+10	1E-30	1.0E+10	1.0E+10
217	1.63E-14	1E-30	1.0E-10	1.0E+10	0.0000000583	0.77	1.0E+10	1E-30	75300	1.0E+10	0.000000364	14.5	1.0E+10	0.00000111	738	1.0E+10	0.00000277	18300	1.08E-16	0.00000524	7480	5.31E-15	0.0000000527	100	1.01E-15	0.000000105	2260	4.12E-15	0.0000000172	97.3	1E-30	1.0E+10	1.0E+10	1E-30	1.0E+10	1.0E+10	1E-30	1.0E+10	1.0E+10	1E-30	1.0E+10	1.0E+10	1E-30	1.0E+10	1.0E+10	1E-30	1.0E+10	1.0E+10
218	1.63E-14	1E-30	1.0E-10	1.0E+10	0.0000000583	0.77	1.0E+10	1E-30	75300	1.0E+10	0.000000364	14.5	1.0E+10	0.00000111	738	1.0E+10	0.00000277	18300	1.08E-16	0.00000524	7480	5.31E-15	0.0000000527	100	1.01E-15	0.000000105	2260	4.12E-15	0.0000000172	97.3	1E-30	1.0E+10	1.0E+10	1E-30	1.0E+10	1.0E+10	1E-30	1.0E+10	1.0E+10	1E-30	1.0E+10	1.0E+10	1E-30	1.0E+10	1.0E+10	1E-30	1.0E+10	1.0E+10
219	1.68E-14	1E-30	1.0E-10	1.0E+10	0.000000069	0.83	1.0E+10	1E-30	72800	1.0E+10	0.000000404	16.1	1.0E+10	0.00000126	887	1.0E+10	0.00000315	22300	6.23E-17	0.0000109	74200	6.13E-15	0.000000045	109	8.32E-16	0.000000161	439	3.39E-15	0.0000000259	139	1E-30	1.0E+10	1.0E+10	1E-30	1.0E+10	1.0E+10	1E-30	1.0E+10	1.0E+10	1E-30	1.0E+10	1.0E+10	1E-30	1.0E+10	1.0E+10	1E-30	1.0E+10	1.0E+10
220	1.68E-14	1E-30	1.0E-10	1.0E+10	0.000000069	0.83	1.0E+10	1E-30	72800	1.0E+10	0.000000404	16.1	1.0E+10	0.00000126	887	1.0E+10	0.00000315	22300	6.23E-17	0.0000109	74200	6.13E-15	0.000000045	109	8.32E-16	0.000000161	439	3.39E-15	0.0000000259	139	1E-30	1.0E+10	1.0E+10	1E-30	1.0E+10	1.0E+10	1E-30	1.0E+10	1.0E+10	1E-30	1.0E+10	1.0E+10	1E-30	1.0E+10	1.0E+10	1E-30	1.0E+10	1.0E+10
221	1.68E-14	1E-30	1.0E-10	1.0E+10	0.000000069	0.83	1.0E+10	1E-30	72800	1.0E+10	0.000000404	16.1	1.0E+10	0.00000126	887	1.0E+10	0.00000315	22300	6.23E-17	0.0000109	74200	6.13E-15	0.000000045	109	8.32E-16	0.000000161	439	3.39E-15	0.0000000259	139	1E-30	1.0E+10	1.0E+10	1E-30	1.0E+10	1.0E+10	1E-30	1.0E+10	1.0E+10	1E-30	1.0E+10	1.0E+10	1E-30	1.0E+10	1.0E+10	1E-30	1.0E+10	1.0E+10
222	1.89E-14	1E-30	1.0E-10	1.0E+10	0.0000000754	1.3	1.0E+10	1E-30	89500	1.0E+10	0.000000357	15.7	1.0E+10	0.00000158	806	1.0E+10	0.00000318	18900	4.88E-17	0.0000164	102000	2.84E-15	0.000000105	193	1.94E-16	0.000000695	7240	3.48E-15	0.0000000229	216	1E-30	1.0E+10	1.0E+10	1E-30	1.0E+10	1.0E+10	1E-30	1.0E+10	1.0E+10	1E-30	1.0E+10	1.0E+10	1E-30	1.0E+10	1.0E+10	1E-30	1.0E+10	1.0E+10
223	1.89E-14	1E-30	1.0E-10	1.0E+10	0.0000000754	1.3	1.0E+10	1E-30	89500	1.0E+10	0.000000357	15.7	1.0E+10	0.00000158	806	1.0E+10	0.00000318	18900	4.88E-17	0.0000164	102000	2.84E-15	0.000000105	193	1.94E-16	0.000000695	7240	3.48E-15	0.0000000229	216	1E-30	1.0E+10	1.0E+10	1E-30	1.0E+10	1.0E+10	1E-30	1.0E+10	1.0E+10	1E-30	1.0E+10	1.0E+10	1E-30	1.0E+10	1.0E+10	1E-30	1.0E+10	1.0E+10
224	1.89E-14	1E-30	1.0E-10	1.0E+10	0.0000000754	1.3	1.0E+10	1E-30	89500	1.0E+10	0.000000357	15.7	1.0E+10	0.00000158	806	1.0E+10	0.00000318	18900	4.88E-17	0.0000164	102000	2.84E-15	0.000000105	193	1.94E-16	0.000000695	7240	3.48E-15	0.0000000229	216	1E-30	1.0E+10	1.0E+10	1E-30	1.0E+10	1.0E+10	1E-30	1.0E+10	1.0E+10	1E-30	1.0E+10	1.0E+10	1E-30	1.0E+10	1.0E+10	1E-30	1.0E+10	1.0E+10
225	1.51E-14	1E-30	1.0E-10	1.0E+10	0.0000000866	1.4	1.0E+10	1E-30	100000	1.0E+10	0.000000363	14.4	1.0E+10	0.0000018	849	1.0E+10	0.00000345	19800	5.15E-17	0.0000161	6760	2.16E-15	0.00000015	184	7.16E-16	0.000000145	2410	3.69E-15	0.0000000247	65.4	1E-30	1.0E+10	1.0E+10	1E-30	1.0E+10	1.0E+10	1E-30	1.0E+10	1.0E+10	1E-30	1.0E+10	1.0E+10	1E-30	1.0E+10	1.0E+10	1E-30	1.0E+10	1.0E+10
226	1.51E-14	1E-30	1.0E-10	1.0E+10	0.0000000866	1.4	1.0E+10	1E-30	100000	1.0E+10	0.000000363	14.4	1.0E+10	0.0000018	849	1.0E+10	0.00000345	19800	5.15E-17	0.0000161	6760	2.16E-15	0.00000015	184	7.16E-16	0.000000145	2410	3.69E-15	0.0000000247	65.4	1E-30	1.0E+10	1.0E+10	1E-30	1.0E+10	1.0E+10	1E-30	1.0E+10	1.0E+10	1E-30	1.0E+10	1.0E+10	1E-30	1.0E+10	1.0E+10	1E-30	1.0E+10	1.0E+10
227	1.38E-14	1E-30	1.0E-10	1.0E+10	0.0000000938	1.5	1.0E+10	1E-30	112000	1.0E+10	0.000000333	15.6	1.0E+10	0.00000236	957	1.0E+10	0.00000389	24300	5.47E-17	0.0000181	5010	2.49E-15	0.000000153	251	2.94E-16	0.000000551	5730	3.05E-15	0.0000000415	137	1E-30	1.0E+10	1.0E+10	1E-30	1.0E+10	1.0E+10	1E-30	1.0E+10	1.0E+10	1E-30	1.0E+10	1.0E+10	1E-30	1.0E+10	1.0E+10	1E-30	1.0E+10	1.0E+10
228	1.38E-14	1E-30	1.0E-10	1.0E+10	0.0000000938	1.5	1.0E+10	1E-30	112000	1.0E+10	0.000000333	15.6	1.0E+10	0.00000236	957	1.0E+10	0.00000389	24300	5.47E-17	0.0000181	5010	2.49E-15	0.000000153	251	2.94E-16	0.000000551	5730	3.05E-15	0.0000000415	137	1E-30	1.0E+10	1.0E+10	1E-30	1.0E+10	1.0E+10	1E-30	1.0E+10	1.0E+10	1E-30	1.0E+10	1.0E+10	1E-30	1.0E+10	1.0E+10	1E-30	1.0E+10	1.0E+10
229	1.77E-14	1E-30	1.0E-10	1.0E+10	0.0000000936	1.5	1.0E+10	1E-30	102000	1.0E+10	0.000000414	16.2	1.0E+10	0.00000182	1120	1.0E+10	0.0000038	23100	4.6E-17	0.0000218	114000	2.9E-15	0.000000137	274	1.5E-15	0.0000000889	966	1.23E-15	0.000000089	688	1E-30	1.0E+10	1.0E+10	1E-30	1.0E+10	1.0E+10	1E-30	1.0E+10	1.0E+10	1E-30	1.0E+10	1.0E+10	1E-30	1.0E+10	1.0E+10	1E-30	1.0E+10	1.0E+10
230	1.77E-14	1E-30	1.0E-10	1.0E+10	0.0000000936	1.5	1.0E+10	1E-30	102000	1.0E+10	0.000000414	16.2	1.0E+10	0.00000182	1120	1.0E+10	0.0000038	23100	4.6E-17	0.0000218	114000	2.9E-15	0.000000137	274	1.5E-15	0.0000000889	966	1.23E-15	0.000000089	688	1E-30	1.0E+10	1.0E+10	1E-30	1.0E+10	1.0E+10	1E-30	1.0E+10	1.0E+10	1E-30	1.0E+10	1.0E+10	1E-30	1.0E+10	1.0E+10	1E-30	1.0E+10	1.0E+10
231	1.94E-14	1E-30	1.0E-10	1.0E+10	0.000000102	1.6	1.0E+10	1E-30	102000	1.0E+10	0.000000443	18.1	1.0E+10	0.00000198	1060	1.0E+10	0.00000408	24100	4.63E-17	0.0000228	118000	3.23E-15	0.000000136	206	6.03E-16	0.000000245	3470	1.03E-15	0.00000012	343	1E-30	1.0E+10	1.0E+10	1E-30	1.0E+10	1.0E+10	1E-30	1.0E+10	1.0E+10	1E-30	1.0E+10	1.0E+10	1E-30	1.0E+10	1.0E+10	1E-30	1.0E+10	1.0E+10
232	1.94E-14	1E-30	1.0E-10	1.0E+10	0.000000102	1.6	1.0E+10	1E-30	102000	1.0E+10	0.000000443	18.1	1.0E+10	0.00000198	1060	1.0E+10	0.00000408	24100	4.63E-17	0.0000228	118000	3.23E-15	0.000000136	206	6.03E-16	0.000000245	3470	1.03E-15	0.00000012	343	1E-30	1.0E+10	1.0E+10	1E-30	1.0E+10	1.0E+10	1E-30	1.0E+10	1.0E+10	1E-30	1.0E+10	1.0E+10	1E-30	1.0E+10	1.0E+10	1E-30	1.0E+10	1.0E+10
233	1.66E-14	1E-30	1.0E-10	1.0E+10	0.000000111	1.7	1.0E+10	1E-30	118000	1.0E+10	0.000000635	23.5	1.0E+10	0.00000218	1290	1.0E+10	0.00000472	28000	4.11E-17	0.0000291	141000	3.01E-15	0.000000162	268	1.98E-15	0.0000000776	1320	1.03E-15	0.000000132	463	1E-30	1.0E+10	1.0E+10	1E-30	1.0E+10	1.0E+10	1E-30	1.0E+10	1.0E+10	1E-30	1.0E+10	1.0E+10	1E-30	1.0E+10	1.0E+10	1E-30	1.0E+10	1.0E+10
234	1.66E-14	1E-30	1.0E-10	1.0E+10	0.000000111	1.7	1.0E+10	1E-30	118000	1.0E+10	0.000000635	23.5	1.0E+10	0.00000218	1290	1.0E+10	0.00000472	28000	4.11E-17	0.0000291	141000	3.01E-15	0.000000162	268	1.98E-15	0.0000000776	1320	1.03E-15	0.000000132	463	1E-30	1.0E+10	1.0E+10	1E-30	1.0E+10	1.0E+10	1E-30	1.0E+10	1.0E+10	1E-30	1.0E+10	1.0E+10	1E-30	1.0E+10	1.0E+10	1E-30	1.0E+10	1.0E+10
235	2.73E-14	1E-30	1.0E-10	1.0E+10	0.000000117	1.8	1.0E+10	1E-30	27700	1.0E+10	0.0000008	27	1.0E+10	0.00000227	983	1.0E+10	0.0000105	22500	1.56E-14	0.000000154	124	4.62E-16	0.00000106	1580	1.94E-15	0.000000106	227	4.7E-16	0.000000283	1210	4.05E-15	0.0000000236	118	1E-30	1.0E+10	1.0E+10	1E-30	1.0E+10	1.0E+10	1E-30	1.0E+10	1.0E+10	1E-30	1.0E+10	1.0E+10	1E-30	1.0E+10	1.0E+10
236	2.17E-14	1E-30	1.0E-10	1.0E+10	0.000000143	1.9	1.0E+10	1E-30	34500	1.0E+10	0.000000789	31.3	1.0E+10	0.00000335	1410	1.0E+10	0.0000056	29800	3.24E-14	0.000000121	37.1	7.87E-17	0.00000838	58400	2.12E-15	0.000000146	415	2.67E-15	0.000000061	405	5.19E-15	0.0000000195	116	5.87E-16	0.000000141	724	1E-30	1.0E+10	1.0E+10	1E-30	1.0E+10	1.0E+10	1E-30	1.0E+10	1.0E+10	1E-30	1.0E+10	1.0E+10
END DSCRDATA
