BEGIN DSCRDATA
% INDEX	K01	L01	M01	K02	L02	M02	K03	L03	M03	K04	L04	M04	K05	L05	M05	K06	L06	M06	K07	L07	M07	K08	L08	M08	K09	L09	M09	K10	L10	M10	K11	L11	M11	K12	L12	M12	K13	L13	M13	K14	L14	M14	K15	L15	M15	K16	L16	M16
0	3.34E-14	1E-30	1.0E-10	1.0E+10	0.00000000336	0.022	1.0E+10	1E-30	54500	1.0E+10	0.00000000944	1.35	1.0E+10	0.0000000849	452	1.0E+10	0.00000372	7340	1E-30	1.0E+10	1.0E+10	1E-30	1.0E+10	1.0E+10	1E-30	1.0E+10	1.0E+10	1E-30	1.0E+10	1.0E+10	1E-30	1.0E+10	1.0E+10	1E-30	1.0E+10	1.0E+10	1E-30	1.0E+10	1.0E+10	1E-30	1.0E+10	1.0E+10	1E-30	1.0E+10	1.0E+10	1E-30	1.0E+10	1.0E+10
1	3.34E-14	1E-30	1.0E-10	1.0E+10	0.00000000377	0.047	1.0E+10	1E-30	54500	1.0E+10	0.0000000119	1.35	1.0E+10	0.000000176	1610	1.0E+10	0.0000000907	201	1E-30	1.0E+10	1.0E+10	1E-30	1.0E+10	1.0E+10	1E-30	1.0E+10	1.0E+10	1E-30	1.0E+10	1.0E+10	1E-30	1.0E+10	1.0E+10	1E-30	1.0E+10	1.0E+10	1E-30	1.0E+10	1.0E+10	1E-30	1.0E+10	1.0E+10	1E-30	1.0E+10	1.0E+10	1E-30	1.0E+10	1.0E+10
2	4.11E-14	1E-30	1.0E-10	1.0E+10	0.00000000641	0.024	1.0E+10	1E-30	54500	1.0E+10	0.0000000667	9.61	1.0E+10	0.000000363	759	1.0E+10	0.000000605	6680	3.8E-17	0.00000335	6380	1E-30	1.0E+10	1.0E+10	1E-30	1.0E+10	1.0E+10	1E-30	1.0E+10	1.0E+10	1E-30	1.0E+10	1.0E+10	1E-30	1.0E+10	1.0E+10	1E-30	1.0E+10	1.0E+10	1E-30	1.0E+10	1.0E+10	1E-30	1.0E+10	1.0E+10	1E-30	1.0E+10	1.0E+10
3	3.84E-14	1E-30	1.0E-10	1.0E+10	0.00000000736	0.086	1.0E+10	1E-30	54500	1.0E+10	0.0000000868	16.2	1.0E+10	0.000000273	812	1.0E+10	0.000000722	10400	3.8E-17	0.00000335	6380	1E-30	1.0E+10	1.0E+10	1E-30	1.0E+10	1.0E+10	1E-30	1.0E+10	1.0E+10	1E-30	1.0E+10	1.0E+10	1E-30	1.0E+10	1.0E+10	1E-30	1.0E+10	1.0E+10	1E-30	1.0E+10	1.0E+10	1E-30	1.0E+10	1.0E+10	1E-30	1.0E+10	1.0E+10
4	6.22E-14	1E-30	1.0E-10	1.0E+10	0.00000000885	0.1	1.0E+10	1E-30	54500	1.0E+10	0.0000000848	10.7	1.0E+10	0.000000314	758	1.0E+10	0.000000722	10400	3.02E-17	0.00000335	6380	1E-30	1.0E+10	1.0E+10	1E-30	1.0E+10	1.0E+10	1E-30	1.0E+10	1.0E+10	1E-30	1.0E+10	1.0E+10	1E-30	1.0E+10	1.0E+10	1E-30	1.0E+10	1.0E+10	1E-30	1.0E+10	1.0E+10	1E-30	1.0E+10	1.0E+10	1E-30	1.0E+10	1.0E+10
5	5.67E-14	1E-30	1.0E-10	1.0E+10	0.00000000845	0.13	1.0E+10	1E-30	54500	1.0E+10	0.000000257	171	1.0E+10	0.000000552	1900	1.0E+10	0.000000623	8180	2.95E-17	0.00000335	6380	1E-30	1.0E+10	1.0E+10	1E-30	1.0E+10	1.0E+10	1E-30	1.0E+10	1.0E+10	1E-30	1.0E+10	1.0E+10	1E-30	1.0E+10	1.0E+10	1E-30	1.0E+10	1.0E+10	1E-30	1.0E+10	1.0E+10	1E-30	1.0E+10	1.0E+10	1E-30	1.0E+10	1.0E+10
6	5.67E-14	1E-30	1.0E-10	1.0E+10	0.00000000845	0.13	1.0E+10	1E-30	54500	1.0E+10	0.000000257	171	1.0E+10	0.000000552	1900	1.0E+10	0.000000623	8180	2.95E-17	0.00000335	6380	1E-30	1.0E+10	1.0E+10	1E-30	1.0E+10	1.0E+10	1E-30	1.0E+10	1.0E+10	1E-30	1.0E+10	1.0E+10	1E-30	1.0E+10	1.0E+10	1E-30	1.0E+10	1.0E+10	1E-30	1.0E+10	1.0E+10	1E-30	1.0E+10	1.0E+10	1E-30	1.0E+10	1.0E+10
7	4.61E-14	1E-30	1.0E-10	1.0E+10	0.0000000114	0.053	1.0E+10	1E-30	54500	1.0E+10	0.000000229	32.2	1.0E+10	0.000000672	849	1.0E+10	0.000000981	7020	1.45E-16	0.00000211	1890	4.24E-17	0.00000159	3460	1E-30	1.0E+10	1.0E+10	1E-30	1.0E+10	1.0E+10	1E-30	1.0E+10	1.0E+10	1E-30	1.0E+10	1.0E+10	1E-30	1.0E+10	1.0E+10	1E-30	1.0E+10	1.0E+10	1E-30	1.0E+10	1.0E+10	1E-30	1.0E+10	1.0E+10
8	4.61E-14	1E-30	1.0E-10	1.0E+10	0.0000000114	0.053	1.0E+10	1E-30	54500	1.0E+10	0.000000229	32.2	1.0E+10	0.000000672	849	1.0E+10	0.000000981	7020	1.45E-16	0.00000211	1890	4.24E-17	0.00000159	3460	1E-30	1.0E+10	1.0E+10	1E-30	1.0E+10	1.0E+10	1E-30	1.0E+10	1.0E+10	1E-30	1.0E+10	1.0E+10	1E-30	1.0E+10	1.0E+10	1E-30	1.0E+10	1.0E+10	1E-30	1.0E+10	1.0E+10	1E-30	1.0E+10	1.0E+10
9	4.61E-14	1E-30	1.0E-10	1.0E+10	0.0000000131	0.13	1.0E+10	1E-30	54500	1.0E+10	0.00000029	46.7	1.0E+10	0.000000607	914	1.0E+10	0.00000107	7820	1.23E-16	0.00000211	1890	4.44E-17	0.00000159	3460	1E-30	1.0E+10	1.0E+10	1E-30	1.0E+10	1.0E+10	1E-30	1.0E+10	1.0E+10	1E-30	1.0E+10	1.0E+10	1E-30	1.0E+10	1.0E+10	1E-30	1.0E+10	1.0E+10	1E-30	1.0E+10	1.0E+10	1E-30	1.0E+10	1.0E+10
10	4.61E-14	1E-30	1.0E-10	1.0E+10	0.0000000131	0.13	1.0E+10	1E-30	54500	1.0E+10	0.00000029	46.7	1.0E+10	0.000000607	914	1.0E+10	0.00000107	7820	1.23E-16	0.00000211	1890	4.44E-17	0.00000159	3460	1E-30	1.0E+10	1.0E+10	1E-30	1.0E+10	1.0E+10	1E-30	1.0E+10	1.0E+10	1E-30	1.0E+10	1.0E+10	1E-30	1.0E+10	1.0E+10	1E-30	1.0E+10	1.0E+10	1E-30	1.0E+10	1.0E+10	1E-30	1.0E+10	1.0E+10
11	7.47E-14	1E-30	1.0E-10	1.0E+10	0.0000000173	0.15	1.0E+10	1E-30	54500	1.0E+10	0.000000357	46.7	1.0E+10	0.000000877	914	1.0E+10	0.00000123	7820	6.29E-17	0.00000211	1890	4.44E-17	0.00000159	3460	1E-30	1.0E+10	1.0E+10	1E-30	1.0E+10	1.0E+10	1E-30	1.0E+10	1.0E+10	1E-30	1.0E+10	1.0E+10	1E-30	1.0E+10	1.0E+10	1E-30	1.0E+10	1.0E+10	1E-30	1.0E+10	1.0E+10	1E-30	1.0E+10	1.0E+10
12	7.47E-14	1E-30	1.0E-10	1.0E+10	0.0000000173	0.15	1.0E+10	1E-30	54500	1.0E+10	0.000000357	46.7	1.0E+10	0.000000877	914	1.0E+10	0.00000123	7820	6.29E-17	0.00000211	1890	4.44E-17	0.00000159	3460	1E-30	1.0E+10	1.0E+10	1E-30	1.0E+10	1.0E+10	1E-30	1.0E+10	1.0E+10	1E-30	1.0E+10	1.0E+10	1E-30	1.0E+10	1.0E+10	1E-30	1.0E+10	1.0E+10	1E-30	1.0E+10	1.0E+10	1E-30	1.0E+10	1.0E+10
13	5.41E-14	1E-30	1.0E-10	1.0E+10	0.000000019	0.17	1.0E+10	1E-30	54500	1.0E+10	0.00000045	46.7	1.0E+10	0.00000103	914	1.0E+10	0.00000141	7820	2.13E-16	0.00000211	1890	8.46E-17	0.00000159	3460	1E-30	1.0E+10	1.0E+10	1E-30	1.0E+10	1.0E+10	1E-30	1.0E+10	1.0E+10	1E-30	1.0E+10	1.0E+10	1E-30	1.0E+10	1.0E+10	1E-30	1.0E+10	1.0E+10	1E-30	1.0E+10	1.0E+10	1E-30	1.0E+10	1.0E+10
14	5.41E-14	1E-30	1.0E-10	1.0E+10	0.000000019	0.17	1.0E+10	1E-30	54500	1.0E+10	0.00000045	46.7	1.0E+10	0.00000103	914	1.0E+10	0.00000141	7820	2.13E-16	0.00000211	1890	8.46E-17	0.00000159	3460	1E-30	1.0E+10	1.0E+10	1E-30	1.0E+10	1.0E+10	1E-30	1.0E+10	1.0E+10	1E-30	1.0E+10	1.0E+10	1E-30	1.0E+10	1.0E+10	1E-30	1.0E+10	1.0E+10	1E-30	1.0E+10	1.0E+10	1E-30	1.0E+10	1.0E+10
15	8.77E-14	1E-30	1.0E-10	1.0E+10	0.0000000234	0.17	1.0E+10	1E-30	54500	1.0E+10	0.00000058	46.7	1.0E+10	0.00000118	914	1.0E+10	0.0000019	7820	1.77E-16	0.00000211	1890	6.57E-17	0.00000159	3460	1E-30	1.0E+10	1.0E+10	1E-30	1.0E+10	1.0E+10	1E-30	1.0E+10	1.0E+10	1E-30	1.0E+10	1.0E+10	1E-30	1.0E+10	1.0E+10	1E-30	1.0E+10	1.0E+10	1E-30	1.0E+10	1.0E+10	1E-30	1.0E+10	1.0E+10
16	8.77E-14	1E-30	1.0E-10	1.0E+10	0.0000000234	0.17	1.0E+10	1E-30	54500	1.0E+10	0.00000058	46.7	1.0E+10	0.00000118	914	1.0E+10	0.0000019	7820	1.77E-16	0.00000211	1890	6.57E-17	0.00000159	3460	1E-30	1.0E+10	1.0E+10	1E-30	1.0E+10	1.0E+10	1E-30	1.0E+10	1.0E+10	1E-30	1.0E+10	1.0E+10	1E-30	1.0E+10	1.0E+10	1E-30	1.0E+10	1.0E+10	1E-30	1.0E+10	1.0E+10	1E-30	1.0E+10	1.0E+10
17	0.000000000000103	1E-30	1.0E-10	1.0E+10	0.0000000257	0.17	1.0E+10	1E-30	54500	1.0E+10	0.00000058	46.7	1.0E+10	0.00000139	914	1.0E+10	0.0000019	8570	1.81E-16	0.00000211	1890	6.88E-17	0.00000159	3460	1E-30	1.0E+10	1.0E+10	1E-30	1.0E+10	1.0E+10	1E-30	1.0E+10	1.0E+10	1E-30	1.0E+10	1.0E+10	1E-30	1.0E+10	1.0E+10	1E-30	1.0E+10	1.0E+10	1E-30	1.0E+10	1.0E+10	1E-30	1.0E+10	1.0E+10
18	0.000000000000103	1E-30	1.0E-10	1.0E+10	0.0000000257	0.17	1.0E+10	1E-30	54500	1.0E+10	0.00000058	46.7	1.0E+10	0.00000139	914	1.0E+10	0.0000019	8570	1.81E-16	0.00000211	1890	6.88E-17	0.00000159	3460	1E-30	1.0E+10	1.0E+10	1E-30	1.0E+10	1.0E+10	1E-30	1.0E+10	1.0E+10	1E-30	1.0E+10	1.0E+10	1E-30	1.0E+10	1.0E+10	1E-30	1.0E+10	1.0E+10	1E-30	1.0E+10	1.0E+10	1E-30	1.0E+10	1.0E+10
19	6.21E-14	1E-30	1.0E-10	1.0E+10	0.0000000275	0.21	1.0E+10	1E-30	54500	1.0E+10	0.00000058	34.6	1.0E+10	0.00000127	914	1.0E+10	0.00000208	5160	3E-16	0.00000211	1890	1.2E-16	0.00000159	3460	1E-30	1.0E+10	1.0E+10	1E-30	1.0E+10	1.0E+10	1E-30	1.0E+10	1.0E+10	1E-30	1.0E+10	1.0E+10	1E-30	1.0E+10	1.0E+10	1E-30	1.0E+10	1.0E+10	1E-30	1.0E+10	1.0E+10	1E-30	1.0E+10	1.0E+10
20	6.21E-14	1E-30	1.0E-10	1.0E+10	0.0000000275	0.21	1.0E+10	1E-30	54500	1.0E+10	0.00000058	34.6	1.0E+10	0.00000127	914	1.0E+10	0.00000208	5160	3E-16	0.00000211	1890	1.2E-16	0.00000159	3460	1E-30	1.0E+10	1.0E+10	1E-30	1.0E+10	1.0E+10	1E-30	1.0E+10	1.0E+10	1E-30	1.0E+10	1.0E+10	1E-30	1.0E+10	1.0E+10	1E-30	1.0E+10	1.0E+10	1E-30	1.0E+10	1.0E+10	1E-30	1.0E+10	1.0E+10
21	8.57E-14	1E-30	1.0E-10	1.0E+10	0.0000000346	0.21	1.0E+10	1E-30	54500	1.0E+10	0.00000103	34.6	1.0E+10	0.00000139	618	1.0E+10	0.00000315	10500	3E-16	0.00000211	1890	1.17E-16	0.00000159	3460	1.31E-15	0.0000000484	552	1E-30	1.0E+10	1.0E+10	1E-30	1.0E+10	1.0E+10	1E-30	1.0E+10	1.0E+10	1E-30	1.0E+10	1.0E+10	1E-30	1.0E+10	1.0E+10	1E-30	1.0E+10	1.0E+10	1E-30	1.0E+10	1.0E+10
22	8.57E-14	1E-30	1.0E-10	1.0E+10	0.0000000346	0.21	1.0E+10	1E-30	54500	1.0E+10	0.00000103	34.6	1.0E+10	0.00000139	618	1.0E+10	0.00000315	10500	3E-16	0.00000211	1890	1.17E-16	0.00000159	3460	1.31E-15	0.0000000484	552	1E-30	1.0E+10	1.0E+10	1E-30	1.0E+10	1.0E+10	1E-30	1.0E+10	1.0E+10	1E-30	1.0E+10	1.0E+10	1E-30	1.0E+10	1.0E+10	1E-30	1.0E+10	1.0E+10	1E-30	1.0E+10	1.0E+10
23	6.07E-14	1E-30	1.0E-10	1.0E+10	0.0000000379	0.21	1.0E+10	1E-30	68600	1.0E+10	0.00000103	34.6	1.0E+10	0.00000139	618	1.0E+10	0.00000315	10500	3.95E-14	0.00000000766	7.52	1.17E-16	0.00000159	3460	1.31E-15	0.0000000484	552	1E-30	1.0E+10	1.0E+10	1E-30	1.0E+10	1.0E+10	1E-30	1.0E+10	1.0E+10	1E-30	1.0E+10	1.0E+10	1E-30	1.0E+10	1.0E+10	1E-30	1.0E+10	1.0E+10	1E-30	1.0E+10	1.0E+10
24	6.07E-14	1E-30	1.0E-10	1.0E+10	0.0000000379	0.21	1.0E+10	1E-30	68600	1.0E+10	0.00000103	34.6	1.0E+10	0.00000139	618	1.0E+10	0.00000315	10500	3.95E-14	0.00000000766	7.52	1.17E-16	0.00000159	3460	1.31E-15	0.0000000484	552	1E-30	1.0E+10	1.0E+10	1E-30	1.0E+10	1.0E+10	1E-30	1.0E+10	1.0E+10	1E-30	1.0E+10	1.0E+10	1E-30	1.0E+10	1.0E+10	1E-30	1.0E+10	1.0E+10	1E-30	1.0E+10	1.0E+10
25	5.53E-14	1E-30	1.0E-10	1.0E+10	0.0000000407	0.25	1.0E+10	1E-30	54500	1.0E+10	0.00000111	204	1.0E+10	0.00000435	4730	1.0E+10	0.00000434	11000	4.79E-15	0.000000208	376	9.66E-15	0.0000000353	176	1.75E-16	0.000000532	1400	1E-30	1.0E+10	1.0E+10	1E-30	1.0E+10	1.0E+10	1E-30	1.0E+10	1.0E+10	1E-30	1.0E+10	1.0E+10	1E-30	1.0E+10	1.0E+10	1E-30	1.0E+10	1.0E+10	1E-30	1.0E+10	1.0E+10
26	5.53E-14	1E-30	1.0E-10	1.0E+10	0.0000000407	0.25	1.0E+10	1E-30	54500	1.0E+10	0.00000111	204	1.0E+10	0.00000435	4730	1.0E+10	0.00000434	11000	4.79E-15	0.000000208	376	9.66E-15	0.0000000353	176	1.75E-16	0.000000532	1400	1E-30	1.0E+10	1.0E+10	1E-30	1.0E+10	1.0E+10	1E-30	1.0E+10	1.0E+10	1E-30	1.0E+10	1.0E+10	1E-30	1.0E+10	1.0E+10	1E-30	1.0E+10	1.0E+10	1E-30	1.0E+10	1.0E+10
27	7.12E-14	1E-30	1.0E-10	1.0E+10	0.0000000446	0.25	1.0E+10	1E-30	54500	1.0E+10	0.00000127	204	1.0E+10	0.00000548	4730	1.0E+10	0.00000487	11000	5.13E-15	0.000000208	376	9.66E-15	0.0000000353	176	1.75E-16	0.000000532	1400	1E-30	1.0E+10	1.0E+10	1E-30	1.0E+10	1.0E+10	1E-30	1.0E+10	1.0E+10	1E-30	1.0E+10	1.0E+10	1E-30	1.0E+10	1.0E+10	1E-30	1.0E+10	1.0E+10	1E-30	1.0E+10	1.0E+10
28	7.12E-14	1E-30	1.0E-10	1.0E+10	0.0000000446	0.25	1.0E+10	1E-30	54500	1.0E+10	0.00000127	204	1.0E+10	0.00000548	4730	1.0E+10	0.00000487	11000	5.13E-15	0.000000208	376	9.66E-15	0.0000000353	176	1.75E-16	0.000000532	1400	1E-30	1.0E+10	1.0E+10	1E-30	1.0E+10	1.0E+10	1E-30	1.0E+10	1.0E+10	1E-30	1.0E+10	1.0E+10	1E-30	1.0E+10	1.0E+10	1E-30	1.0E+10	1.0E+10	1E-30	1.0E+10	1.0E+10
29	8.56E-14	1E-30	1.0E-10	1.0E+10	0.0000000478	0.25	1.0E+10	1E-30	54500	1.0E+10	0.00000133	204	1.0E+10	0.00000587	4730	1.0E+10	0.00000487	11000	5.13E-15	0.000000208	376	9.66E-15	0.0000000353	176	1.52E-16	0.000000532	1400	1E-30	1.0E+10	1.0E+10	1E-30	1.0E+10	1.0E+10	1E-30	1.0E+10	1.0E+10	1E-30	1.0E+10	1.0E+10	1E-30	1.0E+10	1.0E+10	1E-30	1.0E+10	1.0E+10	1E-30	1.0E+10	1.0E+10
30	8.56E-14	1E-30	1.0E-10	1.0E+10	0.0000000478	0.25	1.0E+10	1E-30	54500	1.0E+10	0.00000133	204	1.0E+10	0.00000587	4730	1.0E+10	0.00000487	11000	5.13E-15	0.000000208	376	9.66E-15	0.0000000353	176	1.52E-16	0.000000532	1400	1E-30	1.0E+10	1.0E+10	1E-30	1.0E+10	1.0E+10	1E-30	1.0E+10	1.0E+10	1E-30	1.0E+10	1.0E+10	1E-30	1.0E+10	1.0E+10	1E-30	1.0E+10	1.0E+10	1E-30	1.0E+10	1.0E+10
31	6.35E-14	1E-30	1.0E-10	1.0E+10	0.0000000562	0.29	1.0E+10	1E-30	54500	1.0E+10	0.00000167	204	1.0E+10	0.00000629	3930	1.0E+10	0.00000572	9360	6.46E-15	0.000000208	376	1.43E-14	0.0000000353	176	2.2E-16	0.000000532	1400	1E-30	1.0E+10	1.0E+10	1E-30	1.0E+10	1.0E+10	1E-30	1.0E+10	1.0E+10	1E-30	1.0E+10	1.0E+10	1E-30	1.0E+10	1.0E+10	1E-30	1.0E+10	1.0E+10	1E-30	1.0E+10	1.0E+10
32	6.35E-14	1E-30	1.0E-10	1.0E+10	0.0000000562	0.29	1.0E+10	1E-30	54500	1.0E+10	0.00000167	204	1.0E+10	0.00000629	3930	1.0E+10	0.00000572	9360	6.46E-15	0.000000208	376	1.43E-14	0.0000000353	176	2.2E-16	0.000000532	1400	1E-30	1.0E+10	1.0E+10	1E-30	1.0E+10	1.0E+10	1E-30	1.0E+10	1.0E+10	1E-30	1.0E+10	1.0E+10	1E-30	1.0E+10	1.0E+10	1E-30	1.0E+10	1.0E+10	1E-30	1.0E+10	1.0E+10
33	3.65E-14	1E-30	1.0E-10	1.0E+10	0.0000000708	0.33	1.0E+10	1E-30	54500	1.0E+10	0.0000021	204	1.0E+10	0.00000792	3930	1.0E+10	0.00000754	9800	9.56E-15	0.000000208	376	2.72E-14	0.0000000353	176	1.84E-17	0.00000896	8440	9.83E-17	0.000000851	2370	1E-30	1.0E+10	1.0E+10	1E-30	1.0E+10	1.0E+10	1E-30	1.0E+10	1.0E+10	1E-30	1.0E+10	1.0E+10	1E-30	1.0E+10	1.0E+10	1E-30	1.0E+10	1.0E+10
34	3.65E-14	1E-30	1.0E-10	1.0E+10	0.0000000708	0.33	1.0E+10	1E-30	54500	1.0E+10	0.0000021	204	1.0E+10	0.00000792	3930	1.0E+10	0.00000754	9800	9.56E-15	0.000000208	376	2.72E-14	0.0000000353	176	1.84E-17	0.00000896	8440	9.83E-17	0.000000851	2370	1E-30	1.0E+10	1.0E+10	1E-30	1.0E+10	1.0E+10	1E-30	1.0E+10	1.0E+10	1E-30	1.0E+10	1.0E+10	1E-30	1.0E+10	1.0E+10	1E-30	1.0E+10	1.0E+10
35	7.28E-14	1E-30	1.0E-10	1.0E+10	0.0000000871	0.37	1.0E+10	1E-30	54500	1.0E+10	0.00000241	269	1.0E+10	0.0000128	3930	1.0E+10	0.00000886	9800	1.69E-15	0.00000152	1120	6.1E-15	0.000000127	1230	2.37E-17	0.00000896	8440	1.03E-16	0.000000851	2370	1E-30	1.0E+10	1.0E+10	1E-30	1.0E+10	1.0E+10	1E-30	1.0E+10	1.0E+10	1E-30	1.0E+10	1.0E+10	1E-30	1.0E+10	1.0E+10	1E-30	1.0E+10	1.0E+10
36	7.28E-14	1E-30	1.0E-10	1.0E+10	0.0000000871	0.37	1.0E+10	1E-30	54500	1.0E+10	0.00000241	269	1.0E+10	0.0000128	3930	1.0E+10	0.00000886	9800	1.69E-15	0.00000152	1120	6.1E-15	0.000000127	1230	2.37E-17	0.00000896	8440	1.03E-16	0.000000851	2370	1E-30	1.0E+10	1.0E+10	1E-30	1.0E+10	1.0E+10	1E-30	1.0E+10	1.0E+10	1E-30	1.0E+10	1.0E+10	1E-30	1.0E+10	1.0E+10	1E-30	1.0E+10	1.0E+10
37	6.49E-14	1E-30	1.0E-10	1.0E+10	0.0000000933	0.42	1.0E+10	1E-30	54500	1.0E+10	0.0000031	269	1.0E+10	0.0000111	5060	1.0E+10	0.0000107	9800	1.99E-15	0.00000152	1120	8.04E-15	0.000000127	1230	6.77E-17	0.00000456	4950	1.57E-16	0.000000907	1930	7.9E-17	0.00000105	2190	1E-30	1.0E+10	1.0E+10	1E-30	1.0E+10	1.0E+10	1E-30	1.0E+10	1.0E+10	1E-30	1.0E+10	1.0E+10	1E-30	1.0E+10	1.0E+10
38	6.49E-14	1E-30	1.0E-10	1.0E+10	0.0000000933	0.42	1.0E+10	1E-30	54500	1.0E+10	0.0000031	269	1.0E+10	0.0000111	5060	1.0E+10	0.0000107	9800	1.99E-15	0.00000152	1120	8.04E-15	0.000000127	1230	6.77E-17	0.00000456	4950	1.57E-16	0.000000907	1930	7.9E-17	0.00000105	2190	1E-30	1.0E+10	1.0E+10	1E-30	1.0E+10	1.0E+10	1E-30	1.0E+10	1.0E+10	1E-30	1.0E+10	1.0E+10	1E-30	1.0E+10	1.0E+10
39	7.63E-14	1E-30	1.0E-10	1.0E+10	0.000000107	0.41	1.0E+10	1E-30	54500	1.0E+10	0.00000317	269	1.0E+10	0.0000122	5060	1.0E+10	0.000012	9800	2.04E-15	0.00000152	1120	5.21E-17	0.0000187	11400	6.17E-17	0.00000456	4950	1.4E-16	0.000000907	1930	7.37E-17	0.00000105	2190	1E-30	1.0E+10	1.0E+10	1E-30	1.0E+10	1.0E+10	1E-30	1.0E+10	1.0E+10	1E-30	1.0E+10	1.0E+10	1E-30	1.0E+10	1.0E+10
40	7.63E-14	1E-30	1.0E-10	1.0E+10	0.000000107	0.41	1.0E+10	1E-30	54500	1.0E+10	0.00000317	269	1.0E+10	0.0000122	5060	1.0E+10	0.000012	9800	2.04E-15	0.00000152	1120	5.21E-17	0.0000187	11400	6.17E-17	0.00000456	4950	1.4E-16	0.000000907	1930	7.37E-17	0.00000105	2190	1E-30	1.0E+10	1.0E+10	1E-30	1.0E+10	1.0E+10	1E-30	1.0E+10	1.0E+10	1E-30	1.0E+10	1.0E+10	1E-30	1.0E+10	1.0E+10
41	8.96E-14	1E-30	1.0E-10	1.0E+10	0.000000112	0.41	1.0E+10	1E-30	54500	1.0E+10	0.00000296	269	1.0E+10	0.0000122	5060	1.0E+10	0.0000126	9800	2.04E-15	0.00000152	1120	5.21E-17	0.0000187	11400	6.17E-17	0.00000456	4950	1.4E-16	0.000000907	1930	7.37E-17	0.00000105	2190	1E-30	1.0E+10	1.0E+10	1E-30	1.0E+10	1.0E+10	1E-30	1.0E+10	1.0E+10	1E-30	1.0E+10	1.0E+10	1E-30	1.0E+10	1.0E+10
42	8.96E-14	1E-30	1.0E-10	1.0E+10	0.000000112	0.41	1.0E+10	1E-30	54500	1.0E+10	0.00000296	269	1.0E+10	0.0000122	5060	1.0E+10	0.0000126	9800	2.04E-15	0.00000152	1120	5.21E-17	0.0000187	11400	6.17E-17	0.00000456	4950	1.4E-16	0.000000907	1930	7.37E-17	0.00000105	2190	1E-30	1.0E+10	1.0E+10	1E-30	1.0E+10	1.0E+10	1E-30	1.0E+10	1.0E+10	1E-30	1.0E+10	1.0E+10	1E-30	1.0E+10	1.0E+10
43	8.36E-14	1E-30	1.0E-10	1.0E+10	0.000000129	0.46	1.0E+10	1E-30	55800	1.0E+10	0.00000348	269	1.0E+10	0.0000131	5060	1.0E+10	0.0000151	9800	2.4E-15	0.00000152	1120	6.26E-17	0.0000187	11400	7.08E-17	0.00000456	4950	1.68E-16	0.000000907	1930	7.9E-17	0.00000105	2190	1E-30	1.0E+10	1.0E+10	1E-30	1.0E+10	1.0E+10	1E-30	1.0E+10	1.0E+10	1E-30	1.0E+10	1.0E+10	1E-30	1.0E+10	1.0E+10
44	8.36E-14	1E-30	1.0E-10	1.0E+10	0.000000129	0.46	1.0E+10	1E-30	55800	1.0E+10	0.00000348	269	1.0E+10	0.0000131	5060	1.0E+10	0.0000151	9800	2.4E-15	0.00000152	1120	6.26E-17	0.0000187	11400	7.08E-17	0.00000456	4950	1.68E-16	0.000000907	1930	7.9E-17	0.00000105	2190	1E-30	1.0E+10	1.0E+10	1E-30	1.0E+10	1.0E+10	1E-30	1.0E+10	1.0E+10	1E-30	1.0E+10	1.0E+10	1E-30	1.0E+10	1.0E+10
45	0.000000000000096	1E-30	1.0E-10	1.0E+10	0.000000159	0.5	1.0E+10	1E-30	55800	1.0E+10	0.00000348	229	1.0E+10	0.0000154	5060	1.0E+10	0.0000162	9800	3.16E-15	0.00000152	1120	8.44E-17	0.0000187	11400	9.33E-17	0.00000456	4950	2.11E-16	0.000000907	1930	1.04E-16	0.00000105	2190	1E-30	1.0E+10	1.0E+10	1E-30	1.0E+10	1.0E+10	1E-30	1.0E+10	1.0E+10	1E-30	1.0E+10	1.0E+10	1E-30	1.0E+10	1.0E+10
46	0.000000000000096	1E-30	1.0E-10	1.0E+10	0.000000159	0.5	1.0E+10	1E-30	55800	1.0E+10	0.00000348	229	1.0E+10	0.0000154	5060	1.0E+10	0.0000162	9800	3.16E-15	0.00000152	1120	8.44E-17	0.0000187	11400	9.33E-17	0.00000456	4950	2.11E-16	0.000000907	1930	1.04E-16	0.00000105	2190	1E-30	1.0E+10	1.0E+10	1E-30	1.0E+10	1.0E+10	1E-30	1.0E+10	1.0E+10	1E-30	1.0E+10	1.0E+10	1E-30	1.0E+10	1.0E+10
47	9.17E-14	1E-30	1.0E-10	1.0E+10	0.000000191	0.58	1.0E+10	1E-30	55800	1.0E+10	0.0000045	314	1.0E+10	0.0000115	4790	1.0E+10	0.0000574	18400	3.71E-15	0.00000152	1120	1.09E-16	0.0000187	11400	1.26E-16	0.00000456	4950	2.91E-16	0.000000907	1930	1.47E-16	0.00000105	2190	6.71E-16	0.000000167	603	1E-30	1.0E+10	1.0E+10	1E-30	1.0E+10	1.0E+10	1E-30	1.0E+10	1.0E+10	1E-30	1.0E+10	1.0E+10
48	9.17E-14	1E-30	1.0E-10	1.0E+10	0.000000191	0.58	1.0E+10	1E-30	55800	1.0E+10	0.0000045	314	1.0E+10	0.0000115	4790	1.0E+10	0.0000574	18400	3.71E-15	0.00000152	1120	1.09E-16	0.0000187	11400	1.26E-16	0.00000456	4950	2.91E-16	0.000000907	1930	1.47E-16	0.00000105	2190	6.71E-16	0.000000167	603	1E-30	1.0E+10	1.0E+10	1E-30	1.0E+10	1.0E+10	1E-30	1.0E+10	1.0E+10	1E-30	1.0E+10	1.0E+10
49	8.17E-14	1E-30	1.0E-10	1.0E+10	0.000000235	0.66	1.0E+10	1E-30	55800	1.0E+10	0.00000554	314	1.0E+10	0.0000123	4790	1.0E+10	0.000146	28800	0.000000000000005	0.00000152	1120	1.47E-16	0.0000187	11400	1.82E-16	0.00000456	4950	3.93E-16	0.000000907	1930	1.77E-16	0.00000105	2190	6.71E-16	0.000000167	603	1E-30	1.0E+10	1.0E+10	1E-30	1.0E+10	1.0E+10	1E-30	1.0E+10	1.0E+10	1E-30	1.0E+10	1.0E+10
50	8.17E-14	1E-30	1.0E-10	1.0E+10	0.000000235	0.66	1.0E+10	1E-30	55800	1.0E+10	0.00000554	314	1.0E+10	0.0000123	4790	1.0E+10	0.000146	28800	0.000000000000005	0.00000152	1120	1.47E-16	0.0000187	11400	1.82E-16	0.00000456	4950	3.93E-16	0.000000907	1930	1.77E-16	0.00000105	2190	6.71E-16	0.000000167	603	1E-30	1.0E+10	1.0E+10	1E-30	1.0E+10	1.0E+10	1E-30	1.0E+10	1.0E+10	1E-30	1.0E+10	1.0E+10
51	0.000000000000078	1E-30	1.0E-10	1.0E+10	0.000000252	0.78	1.0E+10	1E-30	55800	1.0E+10	0.0000058	314	1.0E+10	0.0000126	4790	1.0E+10	0.000149	28800	5.61E-15	0.00000152	1120	1.47E-16	0.0000187	11400	1.82E-16	0.00000456	4950	3.84E-16	0.000000907	1930	1.77E-16	0.00000105	2190	7.19E-16	0.000000167	603	1E-30	1.0E+10	1.0E+10	1E-30	1.0E+10	1.0E+10	1E-30	1.0E+10	1.0E+10	1E-30	1.0E+10	1.0E+10
52	0.000000000000078	1E-30	1.0E-10	1.0E+10	0.000000252	0.78	1.0E+10	1E-30	55800	1.0E+10	0.0000058	314	1.0E+10	0.0000126	4790	1.0E+10	0.000149	28800	5.61E-15	0.00000152	1120	1.47E-16	0.0000187	11400	1.82E-16	0.00000456	4950	3.84E-16	0.000000907	1930	1.77E-16	0.00000105	2190	7.19E-16	0.000000167	603	1E-30	1.0E+10	1.0E+10	1E-30	1.0E+10	1.0E+10	1E-30	1.0E+10	1.0E+10	1E-30	1.0E+10	1.0E+10
53	8.17E-14	1E-30	1.0E-10	1.0E+10	0.000000289	0.83	1.0E+10	1E-30	55800	1.0E+10	0.00000697	314	1.0E+10	0.0000132	4790	1.0E+10	0.000152	28800	6.44E-15	0.00000152	1120	1.65E-16	0.0000187	11400	1.95E-16	0.00000456	4950	4.41E-16	0.000000907	1930	1.99E-16	0.00000105	2190	8.07E-16	0.000000167	603	1E-30	1.0E+10	1.0E+10	1E-30	1.0E+10	1.0E+10	1E-30	1.0E+10	1.0E+10	1E-30	1.0E+10	1.0E+10
54	8.17E-14	1E-30	1.0E-10	1.0E+10	0.000000289	0.83	1.0E+10	1E-30	55800	1.0E+10	0.00000697	314	1.0E+10	0.0000132	4790	1.0E+10	0.000152	28800	6.44E-15	0.00000152	1120	1.65E-16	0.0000187	11400	1.95E-16	0.00000456	4950	4.41E-16	0.000000907	1930	1.99E-16	0.00000105	2190	8.07E-16	0.000000167	603	1E-30	1.0E+10	1.0E+10	1E-30	1.0E+10	1.0E+10	1E-30	1.0E+10	1.0E+10	1E-30	1.0E+10	1.0E+10
55	8.56E-14	1E-30	1.0E-10	1.0E+10	0.000000347	1.19	1.0E+10	1E-30	55800	1.0E+10	0.00000962	314	1.0E+10	0.0000155	4790	1.0E+10	0.000156	28800	7.06E-15	0.00000152	1120	2.23E-16	0.0000187	11400	2.57E-16	0.00000456	4950	5.43E-16	0.000000907	1930	2.62E-16	0.00000105	2190	8.65E-16	0.000000167	603	1E-30	1.0E+10	1.0E+10	1E-30	1.0E+10	1.0E+10	1E-30	1.0E+10	1.0E+10	1E-30	1.0E+10	1.0E+10
56	8.56E-14	1E-30	1.0E-10	1.0E+10	0.000000347	1.19	1.0E+10	1E-30	55800	1.0E+10	0.00000962	314	1.0E+10	0.0000155	4790	1.0E+10	0.000156	28800	7.06E-15	0.00000152	1120	2.23E-16	0.0000187	11400	2.57E-16	0.00000456	4950	5.43E-16	0.000000907	1930	2.62E-16	0.00000105	2190	8.65E-16	0.000000167	603	1E-30	1.0E+10	1.0E+10	1E-30	1.0E+10	1.0E+10	1E-30	1.0E+10	1.0E+10	1E-30	1.0E+10	1.0E+10
57	7.29E-14	1E-30	1.0E-10	1.0E+10	0.000000417	1.32	1.0E+10	1E-30	55800	1.0E+10	0.0000118	314	1.0E+10	0.0000166	4790	1.0E+10	0.000163	28800	1.12E-14	0.00000152	1120	2.68E-16	0.0000187	11400	3.24E-16	0.00000456	4950	7.16E-16	0.000000907	1930	3.53E-16	0.00000105	2190	1.04E-15	0.000000167	603	1E-30	1.0E+10	1.0E+10	1E-30	1.0E+10	1.0E+10	1E-30	1.0E+10	1.0E+10	1E-30	1.0E+10	1.0E+10
58	0.000000000000159	1E-30	1.0E-10	1.0E+10	0.000000513	1.53	1.0E+10	1E-30	55800	1.0E+10	0.0000135	314	1.0E+10	0.0000186	4790	1.0E+10	0.000152	27500	1.78E-14	0.00000152	1120	8.53E-15	0.000000372	787	0.000000000000015	0.0000000749	649	1.55E-15	0.00000029	787	2.91E-15	0.0000000501	323	4.8E-16	0.000000159	1600	1E-30	1.0E+10	1.0E+10	1E-30	1.0E+10	1.0E+10	1E-30	1.0E+10	1.0E+10	1E-30	1.0E+10	1.0E+10
59	0.000000000000174	1E-30	1.0E-10	1.0E+10	0.000000603	1.58	1.0E+10	1E-30	55800	1.0E+10	0.0000138	314	1.0E+10	0.000019	4790	1.0E+10	0.000159	27500	1.95E-14	0.00000152	1120	0.00000000000001	0.000000372	787	1.85E-14	0.0000000749	649	1.74E-15	0.00000029	787	3.5E-15	0.0000000501	323	5.39E-16	0.000000159	1600	1E-30	1.0E+10	1.0E+10	1E-30	1.0E+10	1.0E+10	1E-30	1.0E+10	1.0E+10	1E-30	1.0E+10	1.0E+10
60	0.00000000000024	1E-30	1.0E-10	1.0E+10	0.000000742	1.79	1.0E+10	1E-30	55800	1.0E+10	0.0000148	314	1.0E+10	0.0000204	4790	1.0E+10	0.000163	26300	2.43E-15	0.000028	1940	3.66E-15	0.0000019	1310	1.97E-15	0.00000167	6670	1.95E-15	0.000000325	787	3.84E-15	0.0000000549	323	5.91E-16	0.000000174	1600	1E-30	1.0E+10	1.0E+10	1E-30	1.0E+10	1.0E+10	1E-30	1.0E+10	1.0E+10	1E-30	1.0E+10	1.0E+10
61	0.000000000000347	1E-30	1.0E-10	1.0E+10	0.000000872	1.92	1.0E+10	1E-30	55800	1.0E+10	0.0000186	314	1.0E+10	0.0000204	4790	1.0E+10	0.000156	26300	4.22E-15	0.000028	1940	1.49E-15	0.0000019	1310	9.43E-16	0.00000167	6670	2.14E-15	0.000000325	787	4.62E-15	0.0000000549	323	6.33E-16	0.000000174	1600	1E-30	1.0E+10	1.0E+10	1E-30	1.0E+10	1.0E+10	1E-30	1.0E+10	1.0E+10	1E-30	1.0E+10	1.0E+10
END DSCRDATA
