BEGIN DSCRDATA
% INDEX	K01	L01	M01	K02	L02	M02	K03	L03	M03	K04	L04	M04	K05	L05	M05	K06	L06	M06	K07	L07	M07	K08	L08	M08	K09	L09	M09	K10	L10	M10	K11	L11	M11	K12	L12	M12	K13	L13	M13	K14	L14	M14	K15	L15	M15	K16	L16	M16
0	8.82E-14	1E-30	1.0E-10	1.0E+10	0.0000000122	0.053	1.0E+10	1E-30	24500	1.0E+10	0.000000165	25	1.0E+10	0.000000611	1620	1E-30	1.0E+10	1.0E+10	1E-30	1.0E+10	1.0E+10	1E-30	1.0E+10	1.0E+10	1E-30	1.0E+10	1.0E+10	1E-30	1.0E+10	1.0E+10	1E-30	1.0E+10	1.0E+10	1E-30	1.0E+10	1.0E+10	1E-30	1.0E+10	1.0E+10	1E-30	1.0E+10	1.0E+10	1E-30	1.0E+10	1.0E+10	1E-30	1.0E+10	1.0E+10
1	8.82E-14	1E-30	1.0E-10	1.0E+10	0.0000000122	0.053	1.0E+10	1E-30	24500	1.0E+10	0.000000165	25	1.0E+10	0.000000611	1620	1E-30	1.0E+10	1.0E+10	1E-30	1.0E+10	1.0E+10	1E-30	1.0E+10	1.0E+10	1E-30	1.0E+10	1.0E+10	1E-30	1.0E+10	1.0E+10	1E-30	1.0E+10	1.0E+10	1E-30	1.0E+10	1.0E+10	1E-30	1.0E+10	1.0E+10	1E-30	1.0E+10	1.0E+10	1E-30	1.0E+10	1.0E+10	1E-30	1.0E+10	1.0E+10
2	6.54E-14	1E-30	1.0E-10	1.0E+10	0.0000000193	0.048	1.0E+10	1E-30	24500	1.0E+10	0.000000294	39.7	1.0E+10	0.00000126	2370	1.21E-15	0.000000119	125	1.79E-16	0.000000359	1130	1E-30	1.0E+10	1.0E+10	1E-30	1.0E+10	1.0E+10	1E-30	1.0E+10	1.0E+10	1E-30	1.0E+10	1.0E+10	1E-30	1.0E+10	1.0E+10	1E-30	1.0E+10	1.0E+10	1E-30	1.0E+10	1.0E+10	1E-30	1.0E+10	1.0E+10	1E-30	1.0E+10	1.0E+10
3	6.54E-14	1E-30	1.0E-10	1.0E+10	0.0000000193	0.048	1.0E+10	1E-30	24500	1.0E+10	0.000000294	39.7	1.0E+10	0.00000126	2370	1.21E-15	0.000000119	125	1.79E-16	0.000000359	1130	1E-30	1.0E+10	1.0E+10	1E-30	1.0E+10	1.0E+10	1E-30	1.0E+10	1.0E+10	1E-30	1.0E+10	1.0E+10	1E-30	1.0E+10	1.0E+10	1E-30	1.0E+10	1.0E+10	1E-30	1.0E+10	1.0E+10	1E-30	1.0E+10	1.0E+10	1E-30	1.0E+10	1.0E+10
4	8.62E-14	1E-30	1.0E-10	1.0E+10	0.0000000222	0.079	1.0E+10	1E-30	24500	1.0E+10	0.000000397	52.3	1.0E+10	0.00000145	2370	2.59E-15	0.000000254	125	2.84E-16	0.000000569	1130	1E-30	1.0E+10	1.0E+10	1E-30	1.0E+10	1.0E+10	1E-30	1.0E+10	1.0E+10	1E-30	1.0E+10	1.0E+10	1E-30	1.0E+10	1.0E+10	1E-30	1.0E+10	1.0E+10	1E-30	1.0E+10	1.0E+10	1E-30	1.0E+10	1.0E+10	1E-30	1.0E+10	1.0E+10
5	8.62E-14	1E-30	1.0E-10	1.0E+10	0.0000000222	0.079	1.0E+10	1E-30	24500	1.0E+10	0.000000397	52.3	1.0E+10	0.00000145	2370	2.59E-15	0.000000254	125	2.84E-16	0.000000569	1130	1E-30	1.0E+10	1.0E+10	1E-30	1.0E+10	1.0E+10	1E-30	1.0E+10	1.0E+10	1E-30	1.0E+10	1.0E+10	1E-30	1.0E+10	1.0E+10	1E-30	1.0E+10	1.0E+10	1E-30	1.0E+10	1.0E+10	1E-30	1.0E+10	1.0E+10	1E-30	1.0E+10	1.0E+10
6	8.62E-14	1E-30	1.0E-10	1.0E+10	0.0000000222	0.079	1.0E+10	1E-30	24500	1.0E+10	0.000000397	52.3	1.0E+10	0.00000145	2370	2.59E-15	0.000000254	125	2.84E-16	0.000000569	1130	1E-30	1.0E+10	1.0E+10	1E-30	1.0E+10	1.0E+10	1E-30	1.0E+10	1.0E+10	1E-30	1.0E+10	1.0E+10	1E-30	1.0E+10	1.0E+10	1E-30	1.0E+10	1.0E+10	1E-30	1.0E+10	1.0E+10	1E-30	1.0E+10	1.0E+10	1E-30	1.0E+10	1.0E+10
7	0.000000000000143	1E-30	1.0E-10	1.0E+10	0.0000000279	0.098	1.0E+10	1E-30	24500	1.0E+10	0.000000456	52.3	1.0E+10	0.00000163	2370	2.31E-15	0.000000254	125	2.71E-16	0.000000569	1130	1E-30	1.0E+10	1.0E+10	1E-30	1.0E+10	1.0E+10	1E-30	1.0E+10	1.0E+10	1E-30	1.0E+10	1.0E+10	1E-30	1.0E+10	1.0E+10	1E-30	1.0E+10	1.0E+10	1E-30	1.0E+10	1.0E+10	1E-30	1.0E+10	1.0E+10	1E-30	1.0E+10	1.0E+10
8	0.000000000000143	1E-30	1.0E-10	1.0E+10	0.0000000279	0.098	1.0E+10	1E-30	24500	1.0E+10	0.000000456	52.3	1.0E+10	0.00000163	2370	2.31E-15	0.000000254	125	2.71E-16	0.000000569	1130	1E-30	1.0E+10	1.0E+10	1E-30	1.0E+10	1.0E+10	1E-30	1.0E+10	1.0E+10	1E-30	1.0E+10	1.0E+10	1E-30	1.0E+10	1.0E+10	1E-30	1.0E+10	1.0E+10	1E-30	1.0E+10	1.0E+10	1E-30	1.0E+10	1.0E+10	1E-30	1.0E+10	1.0E+10
9	8.62E-14	1E-30	1.0E-10	1.0E+10	0.0000000335	0.103	1.0E+10	1E-30	24500	1.0E+10	0.000000536	52.3	1.0E+10	0.00000225	2370	5.05E-15	0.000000254	125	5.41E-16	0.000000569	1130	3.33E-17	0.00000367	6290	1E-30	1.0E+10	1.0E+10	1E-30	1.0E+10	1.0E+10	1E-30	1.0E+10	1.0E+10	1E-30	1.0E+10	1.0E+10	1E-30	1.0E+10	1.0E+10	1E-30	1.0E+10	1.0E+10	1E-30	1.0E+10	1.0E+10	1E-30	1.0E+10	1.0E+10
10	8.62E-14	1E-30	1.0E-10	1.0E+10	0.0000000335	0.103	1.0E+10	1E-30	24500	1.0E+10	0.000000536	52.3	1.0E+10	0.00000225	2370	5.05E-15	0.000000254	125	5.41E-16	0.000000569	1130	3.33E-17	0.00000367	6290	1E-30	1.0E+10	1.0E+10	1E-30	1.0E+10	1.0E+10	1E-30	1.0E+10	1.0E+10	1E-30	1.0E+10	1.0E+10	1E-30	1.0E+10	1.0E+10	1E-30	1.0E+10	1.0E+10	1E-30	1.0E+10	1.0E+10	1E-30	1.0E+10	1.0E+10
11	8.62E-14	1E-30	1.0E-10	1.0E+10	0.0000000335	0.103	1.0E+10	1E-30	24500	1.0E+10	0.000000536	52.3	1.0E+10	0.00000225	2370	5.05E-15	0.000000254	125	5.41E-16	0.000000569	1130	3.33E-17	0.00000367	6290	1E-30	1.0E+10	1.0E+10	1E-30	1.0E+10	1.0E+10	1E-30	1.0E+10	1.0E+10	1E-30	1.0E+10	1.0E+10	1E-30	1.0E+10	1.0E+10	1E-30	1.0E+10	1.0E+10	1E-30	1.0E+10	1.0E+10	1E-30	1.0E+10	1.0E+10
12	0.000000000000143	1E-30	1.0E-10	1.0E+10	0.0000000412	0.103	1.0E+10	1E-30	24500	1.0E+10	0.00000111	144	1.0E+10	0.00000297	2160	4.2E-15	0.000000254	125	4.93E-16	0.000000569	1130	3.33E-17	0.00000367	6290	1E-30	1.0E+10	1.0E+10	1E-30	1.0E+10	1.0E+10	1E-30	1.0E+10	1.0E+10	1E-30	1.0E+10	1.0E+10	1E-30	1.0E+10	1.0E+10	1E-30	1.0E+10	1.0E+10	1E-30	1.0E+10	1.0E+10	1E-30	1.0E+10	1.0E+10
13	0.000000000000143	1E-30	1.0E-10	1.0E+10	0.0000000412	0.103	1.0E+10	1E-30	24500	1.0E+10	0.00000111	144	1.0E+10	0.00000297	2160	4.2E-15	0.000000254	125	4.93E-16	0.000000569	1130	3.33E-17	0.00000367	6290	1E-30	1.0E+10	1.0E+10	1E-30	1.0E+10	1.0E+10	1E-30	1.0E+10	1.0E+10	1E-30	1.0E+10	1.0E+10	1E-30	1.0E+10	1.0E+10	1E-30	1.0E+10	1.0E+10	1E-30	1.0E+10	1.0E+10	1E-30	1.0E+10	1.0E+10
14	0.000000000000143	1E-30	1.0E-10	1.0E+10	0.0000000412	0.103	1.0E+10	1E-30	24500	1.0E+10	0.00000111	144	1.0E+10	0.00000297	2160	4.2E-15	0.000000254	125	4.93E-16	0.000000569	1130	3.33E-17	0.00000367	6290	1E-30	1.0E+10	1.0E+10	1E-30	1.0E+10	1.0E+10	1E-30	1.0E+10	1.0E+10	1E-30	1.0E+10	1.0E+10	1E-30	1.0E+10	1.0E+10	1E-30	1.0E+10	1.0E+10	1E-30	1.0E+10	1.0E+10	1E-30	1.0E+10	1.0E+10
15	8.42E-14	1E-30	1.0E-10	1.0E+10	0.0000000473	0.103	1.0E+10	1E-30	24500	1.0E+10	0.000000863	79.3	1.0E+10	0.00000331	2050	8.98E-15	0.000000254	125	8.97E-16	0.000000569	1130	4.1E-17	0.00000367	6290	1E-30	1.0E+10	1.0E+10	1E-30	1.0E+10	1.0E+10	1E-30	1.0E+10	1.0E+10	1E-30	1.0E+10	1.0E+10	1E-30	1.0E+10	1.0E+10	1E-30	1.0E+10	1.0E+10	1E-30	1.0E+10	1.0E+10	1E-30	1.0E+10	1.0E+10
16	8.42E-14	1E-30	1.0E-10	1.0E+10	0.0000000473	0.103	1.0E+10	1E-30	24500	1.0E+10	0.000000863	79.3	1.0E+10	0.00000331	2050	8.98E-15	0.000000254	125	8.97E-16	0.000000569	1130	4.1E-17	0.00000367	6290	1E-30	1.0E+10	1.0E+10	1E-30	1.0E+10	1.0E+10	1E-30	1.0E+10	1.0E+10	1E-30	1.0E+10	1.0E+10	1E-30	1.0E+10	1.0E+10	1E-30	1.0E+10	1.0E+10	1E-30	1.0E+10	1.0E+10	1E-30	1.0E+10	1.0E+10
17	8.42E-14	1E-30	1.0E-10	1.0E+10	0.0000000473	0.103	1.0E+10	1E-30	24500	1.0E+10	0.000000863	79.3	1.0E+10	0.00000331	2050	8.98E-15	0.000000254	125	8.97E-16	0.000000569	1130	4.1E-17	0.00000367	6290	1E-30	1.0E+10	1.0E+10	1E-30	1.0E+10	1.0E+10	1E-30	1.0E+10	1.0E+10	1E-30	1.0E+10	1.0E+10	1E-30	1.0E+10	1.0E+10	1E-30	1.0E+10	1.0E+10	1E-30	1.0E+10	1.0E+10	1E-30	1.0E+10	1.0E+10
18	0.00000000000013	1E-30	1.0E-10	1.0E+10	0.0000000556	0.13	1.0E+10	1E-30	24500	1.0E+10	0.00000168	297	1.0E+10	0.00000984	7050	8.19E-15	0.000000254	125	8.97E-16	0.000000569	1130	4.1E-17	0.00000367	6290	1E-30	1.0E+10	1.0E+10	1E-30	1.0E+10	1.0E+10	1E-30	1.0E+10	1.0E+10	1E-30	1.0E+10	1.0E+10	1E-30	1.0E+10	1.0E+10	1E-30	1.0E+10	1.0E+10	1E-30	1.0E+10	1.0E+10	1E-30	1.0E+10	1.0E+10
19	0.00000000000013	1E-30	1.0E-10	1.0E+10	0.0000000556	0.13	1.0E+10	1E-30	24500	1.0E+10	0.00000168	297	1.0E+10	0.00000984	7050	8.19E-15	0.000000254	125	8.97E-16	0.000000569	1130	4.1E-17	0.00000367	6290	1E-30	1.0E+10	1.0E+10	1E-30	1.0E+10	1.0E+10	1E-30	1.0E+10	1.0E+10	1E-30	1.0E+10	1.0E+10	1E-30	1.0E+10	1.0E+10	1E-30	1.0E+10	1.0E+10	1E-30	1.0E+10	1.0E+10	1E-30	1.0E+10	1.0E+10
20	0.00000000000013	1E-30	1.0E-10	1.0E+10	0.0000000556	0.13	1.0E+10	1E-30	24500	1.0E+10	0.00000168	297	1.0E+10	0.00000984	7050	8.19E-15	0.000000254	125	8.97E-16	0.000000569	1130	4.1E-17	0.00000367	6290	1E-30	1.0E+10	1.0E+10	1E-30	1.0E+10	1.0E+10	1E-30	1.0E+10	1.0E+10	1E-30	1.0E+10	1.0E+10	1E-30	1.0E+10	1.0E+10	1E-30	1.0E+10	1.0E+10	1E-30	1.0E+10	1.0E+10	1E-30	1.0E+10	1.0E+10
21	9.64E-14	1E-30	1.0E-10	1.0E+10	0.0000000684	0.156	1.0E+10	1E-30	24500	1.0E+10	0.00000211	297	1.0E+10	0.00000897	4770	0.000000000000013	0.000000254	125	1.49E-15	0.000000569	1130	6.5E-17	0.00000367	6290	6.14E-17	0.00000205	5730	1E-30	1.0E+10	1.0E+10	1E-30	1.0E+10	1.0E+10	1E-30	1.0E+10	1.0E+10	1E-30	1.0E+10	1.0E+10	1E-30	1.0E+10	1.0E+10	1E-30	1.0E+10	1.0E+10	1E-30	1.0E+10	1.0E+10
22	9.64E-14	1E-30	1.0E-10	1.0E+10	0.0000000684	0.156	1.0E+10	1E-30	24500	1.0E+10	0.00000211	297	1.0E+10	0.00000897	4770	0.000000000000013	0.000000254	125	1.49E-15	0.000000569	1130	6.5E-17	0.00000367	6290	6.14E-17	0.00000205	5730	1E-30	1.0E+10	1.0E+10	1E-30	1.0E+10	1.0E+10	1E-30	1.0E+10	1.0E+10	1E-30	1.0E+10	1.0E+10	1E-30	1.0E+10	1.0E+10	1E-30	1.0E+10	1.0E+10	1E-30	1.0E+10	1.0E+10
23	9.64E-14	1E-30	1.0E-10	1.0E+10	0.0000000684	0.156	1.0E+10	1E-30	24500	1.0E+10	0.00000211	297	1.0E+10	0.00000897	4770	0.000000000000013	0.000000254	125	1.49E-15	0.000000569	1130	6.5E-17	0.00000367	6290	6.14E-17	0.00000205	5730	1E-30	1.0E+10	1.0E+10	1E-30	1.0E+10	1.0E+10	1E-30	1.0E+10	1.0E+10	1E-30	1.0E+10	1.0E+10	1E-30	1.0E+10	1.0E+10	1E-30	1.0E+10	1.0E+10	1E-30	1.0E+10	1.0E+10
24	0.000000000000149	1E-30	1.0E-10	1.0E+10	0.0000000767	0.155	1.0E+10	1E-30	24500	1.0E+10	0.00000231	297	1.0E+10	0.00000918	4770	1.13E-14	0.000000254	125	1.16E-15	0.000000569	1130	6.21E-17	0.00000367	6290	5.86E-17	0.00000205	5730	1E-30	1.0E+10	1.0E+10	1E-30	1.0E+10	1.0E+10	1E-30	1.0E+10	1.0E+10	1E-30	1.0E+10	1.0E+10	1E-30	1.0E+10	1.0E+10	1E-30	1.0E+10	1.0E+10	1E-30	1.0E+10	1.0E+10
25	0.000000000000149	1E-30	1.0E-10	1.0E+10	0.0000000767	0.155	1.0E+10	1E-30	24500	1.0E+10	0.00000231	297	1.0E+10	0.00000918	4770	1.13E-14	0.000000254	125	1.16E-15	0.000000569	1130	6.21E-17	0.00000367	6290	5.86E-17	0.00000205	5730	1E-30	1.0E+10	1.0E+10	1E-30	1.0E+10	1.0E+10	1E-30	1.0E+10	1.0E+10	1E-30	1.0E+10	1.0E+10	1E-30	1.0E+10	1.0E+10	1E-30	1.0E+10	1.0E+10	1E-30	1.0E+10	1.0E+10
26	0.000000000000149	1E-30	1.0E-10	1.0E+10	0.0000000767	0.155	1.0E+10	1E-30	24500	1.0E+10	0.00000231	297	1.0E+10	0.00000918	4770	1.13E-14	0.000000254	125	1.16E-15	0.000000569	1130	6.21E-17	0.00000367	6290	5.86E-17	0.00000205	5730	1E-30	1.0E+10	1.0E+10	1E-30	1.0E+10	1.0E+10	1E-30	1.0E+10	1.0E+10	1E-30	1.0E+10	1.0E+10	1E-30	1.0E+10	1.0E+10	1E-30	1.0E+10	1.0E+10	1E-30	1.0E+10	1.0E+10
27	0.000000000000094	1E-30	1.0E-10	1.0E+10	0.0000000988	0.449	1.0E+10	1E-30	24500	1.0E+10	0.0000035	297	1.0E+10	0.00000877	5110	1.92E-14	0.000000254	125	1.8E-15	0.000000569	1130	8.19E-17	0.00000367	6290	5.34E-17	0.00000205	5730	1E-30	1.0E+10	1.0E+10	1E-30	1.0E+10	1.0E+10	1E-30	1.0E+10	1.0E+10	1E-30	1.0E+10	1.0E+10	1E-30	1.0E+10	1.0E+10	1E-30	1.0E+10	1.0E+10	1E-30	1.0E+10	1.0E+10
28	0.000000000000094	1E-30	1.0E-10	1.0E+10	0.0000000988	0.449	1.0E+10	1E-30	24500	1.0E+10	0.0000035	297	1.0E+10	0.00000877	5110	1.92E-14	0.000000254	125	1.8E-15	0.000000569	1130	8.19E-17	0.00000367	6290	5.34E-17	0.00000205	5730	1E-30	1.0E+10	1.0E+10	1E-30	1.0E+10	1.0E+10	1E-30	1.0E+10	1.0E+10	1E-30	1.0E+10	1.0E+10	1E-30	1.0E+10	1.0E+10	1E-30	1.0E+10	1.0E+10	1E-30	1.0E+10	1.0E+10
29	0.000000000000094	1E-30	1.0E-10	1.0E+10	0.0000000988	0.449	1.0E+10	1E-30	24500	1.0E+10	0.0000035	297	1.0E+10	0.00000877	5110	1.92E-14	0.000000254	125	1.8E-15	0.000000569	1130	8.19E-17	0.00000367	6290	5.34E-17	0.00000205	5730	1E-30	1.0E+10	1.0E+10	1E-30	1.0E+10	1.0E+10	1E-30	1.0E+10	1.0E+10	1E-30	1.0E+10	1.0E+10	1E-30	1.0E+10	1.0E+10	1E-30	1.0E+10	1.0E+10	1E-30	1.0E+10	1.0E+10
30	0.000000000000108	1E-30	1.0E-10	1.0E+10	0.000000119	0.529	1.0E+10	1E-30	24500	1.0E+10	0.00000748	1050	1.0E+10	0.0000116	5110	2.7E-16	0.0000186	5010	6.28E-18	0.000236	77700	1.99E-17	0.0000219	13300	4.19E-15	0.0000000449	41.5	4.99E-17	0.00000133	2070	1E-30	1.0E+10	1.0E+10	1E-30	1.0E+10	1.0E+10	1E-30	1.0E+10	1.0E+10	1E-30	1.0E+10	1.0E+10	1E-30	1.0E+10	1.0E+10	1E-30	1.0E+10	1.0E+10
31	0.000000000000108	1E-30	1.0E-10	1.0E+10	0.000000119	0.529	1.0E+10	1E-30	24500	1.0E+10	0.00000748	1050	1.0E+10	0.0000116	5110	2.7E-16	0.0000186	5010	6.28E-18	0.000236	77700	1.99E-17	0.0000219	13300	4.19E-15	0.0000000449	41.5	4.99E-17	0.00000133	2070	1E-30	1.0E+10	1.0E+10	1E-30	1.0E+10	1.0E+10	1E-30	1.0E+10	1.0E+10	1E-30	1.0E+10	1.0E+10	1E-30	1.0E+10	1.0E+10	1E-30	1.0E+10	1.0E+10
32	0.000000000000108	1E-30	1.0E-10	1.0E+10	0.000000119	0.529	1.0E+10	1E-30	24500	1.0E+10	0.00000748	1050	1.0E+10	0.0000116	5110	2.7E-16	0.0000186	5010	6.28E-18	0.000236	77700	1.99E-17	0.0000219	13300	4.19E-15	0.0000000449	41.5	4.99E-17	0.00000133	2070	1E-30	1.0E+10	1.0E+10	1E-30	1.0E+10	1.0E+10	1E-30	1.0E+10	1.0E+10	1E-30	1.0E+10	1.0E+10	1E-30	1.0E+10	1.0E+10	1E-30	1.0E+10	1.0E+10
33	0.000000000000108	1E-30	1.0E-10	1.0E+10	0.000000146	0.596	1.0E+10	1E-30	24500	1.0E+10	0.00000964	1050	1.0E+10	0.0000116	2870	3.4E-16	0.0000186	5010	8.09E-18	0.000236	77700	5E-17	0.0000219	13300	1.45E-14	0.0000000449	41.5	1.99E-16	0.00000133	2070	1E-30	1.0E+10	1.0E+10	1E-30	1.0E+10	1.0E+10	1E-30	1.0E+10	1.0E+10	1E-30	1.0E+10	1.0E+10	1E-30	1.0E+10	1.0E+10	1E-30	1.0E+10	1.0E+10
34	0.000000000000108	1E-30	1.0E-10	1.0E+10	0.000000146	0.596	1.0E+10	1E-30	24500	1.0E+10	0.00000964	1050	1.0E+10	0.0000116	2870	3.4E-16	0.0000186	5010	8.09E-18	0.000236	77700	5E-17	0.0000219	13300	1.45E-14	0.0000000449	41.5	1.99E-16	0.00000133	2070	1E-30	1.0E+10	1.0E+10	1E-30	1.0E+10	1.0E+10	1E-30	1.0E+10	1.0E+10	1E-30	1.0E+10	1.0E+10	1E-30	1.0E+10	1.0E+10	1E-30	1.0E+10	1.0E+10
35	0.000000000000108	1E-30	1.0E-10	1.0E+10	0.000000146	0.596	1.0E+10	1E-30	24500	1.0E+10	0.00000964	1050	1.0E+10	0.0000116	2870	3.4E-16	0.0000186	5010	8.09E-18	0.000236	77700	5E-17	0.0000219	13300	1.45E-14	0.0000000449	41.5	1.99E-16	0.00000133	2070	1E-30	1.0E+10	1.0E+10	1E-30	1.0E+10	1.0E+10	1E-30	1.0E+10	1.0E+10	1E-30	1.0E+10	1.0E+10	1E-30	1.0E+10	1.0E+10	1E-30	1.0E+10	1.0E+10
36	0.000000000000103	1E-30	1.0E-10	1.0E+10	0.000000176	0.657	1.0E+10	1E-30	24500	1.0E+10	0.0000139	1050	1.0E+10	0.0000116	2280	4.18E-16	0.0000186	5010	1.02E-17	0.000236	77700	6.15E-17	0.0000219	13300	1.87E-14	0.0000000449	41.5	2.45E-16	0.00000133	2070	5.88E-16	0.000000272	410	1E-30	1.0E+10	1.0E+10	1E-30	1.0E+10	1.0E+10	1E-30	1.0E+10	1.0E+10	1E-30	1.0E+10	1.0E+10	1E-30	1.0E+10	1.0E+10
37	0.000000000000103	1E-30	1.0E-10	1.0E+10	0.000000176	0.657	1.0E+10	1E-30	24500	1.0E+10	0.0000139	1050	1.0E+10	0.0000116	2280	4.18E-16	0.0000186	5010	1.02E-17	0.000236	77700	6.15E-17	0.0000219	13300	1.87E-14	0.0000000449	41.5	2.45E-16	0.00000133	2070	5.88E-16	0.000000272	410	1E-30	1.0E+10	1.0E+10	1E-30	1.0E+10	1.0E+10	1E-30	1.0E+10	1.0E+10	1E-30	1.0E+10	1.0E+10	1E-30	1.0E+10	1.0E+10
38	0.000000000000103	1E-30	1.0E-10	1.0E+10	0.000000176	0.657	1.0E+10	1E-30	24500	1.0E+10	0.0000139	1050	1.0E+10	0.0000116	2280	4.18E-16	0.0000186	5010	1.02E-17	0.000236	77700	6.15E-17	0.0000219	13300	1.87E-14	0.0000000449	41.5	2.45E-16	0.00000133	2070	5.88E-16	0.000000272	410	1E-30	1.0E+10	1.0E+10	1E-30	1.0E+10	1.0E+10	1E-30	1.0E+10	1.0E+10	1E-30	1.0E+10	1.0E+10	1E-30	1.0E+10	1.0E+10
39	0.000000000000103	1E-30	1.0E-10	1.0E+10	0.000000222	0.719	1.0E+10	1E-30	24500	1.0E+10	0.0000215	1050	1.0E+10	0.0000116	1810	5.26E-16	0.0000186	5010	1.28E-17	0.000236	77700	7.74E-17	0.0000219	13300	0.000000000000023	0.0000000449	41.5	2.88E-16	0.00000133	2070	8.31E-16	0.000000272	410	5.57E-17	0.00000259	4090	1E-30	1.0E+10	1.0E+10	1E-30	1.0E+10	1.0E+10	1E-30	1.0E+10	1.0E+10	1E-30	1.0E+10	1.0E+10
40	0.000000000000103	1E-30	1.0E-10	1.0E+10	0.000000222	0.719	1.0E+10	1E-30	24500	1.0E+10	0.0000215	1050	1.0E+10	0.0000116	1810	5.26E-16	0.0000186	5010	1.28E-17	0.000236	77700	7.74E-17	0.0000219	13300	0.000000000000023	0.0000000449	41.5	2.88E-16	0.00000133	2070	8.31E-16	0.000000272	410	5.57E-17	0.00000259	4090	1E-30	1.0E+10	1.0E+10	1E-30	1.0E+10	1.0E+10	1E-30	1.0E+10	1.0E+10	1E-30	1.0E+10	1.0E+10
41	0.000000000000103	1E-30	1.0E-10	1.0E+10	0.000000222	0.719	1.0E+10	1E-30	24500	1.0E+10	0.0000215	1050	1.0E+10	0.0000116	1810	5.26E-16	0.0000186	5010	1.28E-17	0.000236	77700	7.74E-17	0.0000219	13300	0.000000000000023	0.0000000449	41.5	2.88E-16	0.00000133	2070	8.31E-16	0.000000272	410	5.57E-17	0.00000259	4090	1E-30	1.0E+10	1.0E+10	1E-30	1.0E+10	1.0E+10	1E-30	1.0E+10	1.0E+10	1E-30	1.0E+10	1.0E+10
42	0.000000000000103	1E-30	1.0E-10	1.0E+10	0.000000267	0.788	1.0E+10	1E-30	24500	1.0E+10	0.0000856	1050	1.0E+10	0.0000116	1410	6.62E-16	0.0000186	5010	1.47E-17	0.000236	77700	9.31E-17	0.0000219	13300	0.000000000000031	0.0000000449	41.5	3.31E-16	0.00000133	2070	9.32E-16	0.000000272	410	5.57E-17	0.00000259	4090	1E-30	1.0E+10	1.0E+10	1E-30	1.0E+10	1.0E+10	1E-30	1.0E+10	1.0E+10	1E-30	1.0E+10	1.0E+10
43	0.000000000000103	1E-30	1.0E-10	1.0E+10	0.000000267	0.788	1.0E+10	1E-30	24500	1.0E+10	0.0000856	1050	1.0E+10	0.0000116	1410	6.62E-16	0.0000186	5010	1.47E-17	0.000236	77700	9.31E-17	0.0000219	13300	0.000000000000031	0.0000000449	41.5	3.31E-16	0.00000133	2070	9.32E-16	0.000000272	410	5.57E-17	0.00000259	4090	1E-30	1.0E+10	1.0E+10	1E-30	1.0E+10	1.0E+10	1E-30	1.0E+10	1.0E+10	1E-30	1.0E+10	1.0E+10
44	0.000000000000103	1E-30	1.0E-10	1.0E+10	0.000000267	0.788	1.0E+10	1E-30	24500	1.0E+10	0.0000856	1050	1.0E+10	0.0000116	1410	6.62E-16	0.0000186	5010	1.47E-17	0.000236	77700	9.31E-17	0.0000219	13300	0.000000000000031	0.0000000449	41.5	3.31E-16	0.00000133	2070	9.32E-16	0.000000272	410	5.57E-17	0.00000259	4090	1E-30	1.0E+10	1.0E+10	1E-30	1.0E+10	1.0E+10	1E-30	1.0E+10	1.0E+10	1E-30	1.0E+10	1.0E+10
45	5.41E-14	1E-30	1.0E-10	1.0E+10	0.000000321	0.913	1.0E+10	1E-30	24500	1.0E+10	0.000142	1030	1.0E+10	0.000013	1350	9.14E-16	0.0000186	5010	1.98E-17	0.000236	77700	1.32E-16	0.0000219	13300	5.03E-14	0.0000000449	41.5	4.9E-16	0.00000133	2070	1.41E-15	0.000000272	410	9.24E-17	0.00000259	4090	1E-30	1.0E+10	1.0E+10	1E-30	1.0E+10	1.0E+10	1E-30	1.0E+10	1.0E+10	1E-30	1.0E+10	1.0E+10
46	5.41E-14	1E-30	1.0E-10	1.0E+10	0.000000321	0.913	1.0E+10	1E-30	24500	1.0E+10	0.000142	1030	1.0E+10	0.000013	1350	9.14E-16	0.0000186	5010	1.98E-17	0.000236	77700	1.32E-16	0.0000219	13300	5.03E-14	0.0000000449	41.5	4.9E-16	0.00000133	2070	1.41E-15	0.000000272	410	9.24E-17	0.00000259	4090	1E-30	1.0E+10	1.0E+10	1E-30	1.0E+10	1.0E+10	1E-30	1.0E+10	1.0E+10	1E-30	1.0E+10	1.0E+10
47	5.41E-14	1E-30	1.0E-10	1.0E+10	0.000000321	0.913	1.0E+10	1E-30	24500	1.0E+10	0.000142	1030	1.0E+10	0.000013	1350	9.14E-16	0.0000186	5010	1.98E-17	0.000236	77700	1.32E-16	0.0000219	13300	5.03E-14	0.0000000449	41.5	4.9E-16	0.00000133	2070	1.41E-15	0.000000272	410	9.24E-17	0.00000259	4090	1E-30	1.0E+10	1.0E+10	1E-30	1.0E+10	1.0E+10	1E-30	1.0E+10	1.0E+10	1E-30	1.0E+10	1.0E+10
48	0.000000000000113	1E-30	1.0E-10	1.0E+10	0.000000377	0.978	1.0E+10	1E-30	24500	1.0E+10	0.00022	635	1.0E+10	0.0000164	1820	4.92E-16	0.0000395	3590	1.95E-16	0.000033	13100	9.17E-16	0.00000214	612	6.56E-16	0.00000128	560	7.89E-16	0.000000564	677	6.66E-16	0.000000301	668	1.12E-16	0.00000119	2600	1E-30	1.0E+10	1.0E+10	1E-30	1.0E+10	1.0E+10	1E-30	1.0E+10	1.0E+10	1E-30	1.0E+10	1.0E+10
49	0.000000000000113	1E-30	1.0E-10	1.0E+10	0.000000377	0.978	1.0E+10	1E-30	24500	1.0E+10	0.00022	635	1.0E+10	0.0000164	1820	4.92E-16	0.0000395	3590	1.95E-16	0.000033	13100	9.17E-16	0.00000214	612	6.56E-16	0.00000128	560	7.89E-16	0.000000564	677	6.66E-16	0.000000301	668	1.12E-16	0.00000119	2600	1E-30	1.0E+10	1.0E+10	1E-30	1.0E+10	1.0E+10	1E-30	1.0E+10	1.0E+10	1E-30	1.0E+10	1.0E+10
50	0.000000000000113	1E-30	1.0E-10	1.0E+10	0.000000377	0.978	1.0E+10	1E-30	24500	1.0E+10	0.00022	635	1.0E+10	0.0000164	1820	4.92E-16	0.0000395	3590	1.95E-16	0.000033	13100	9.17E-16	0.00000214	612	6.56E-16	0.00000128	560	7.89E-16	0.000000564	677	6.66E-16	0.000000301	668	1.12E-16	0.00000119	2600	1E-30	1.0E+10	1.0E+10	1E-30	1.0E+10	1.0E+10	1E-30	1.0E+10	1.0E+10	1E-30	1.0E+10	1.0E+10
51	0.000000000000124	1E-30	1.0E-10	1.0E+10	0.000000453	1.05	1.0E+10	1E-30	24500	1.0E+10	0.000225	635	1.0E+10	0.0000184	1780	5.03E-16	0.0000395	3590	1.95E-16	0.000033	13100	8.96E-16	0.00000214	612	6.56E-16	0.00000128	560	7.89E-16	0.000000564	677	8.58E-16	0.000000301	668	1.12E-16	0.00000119	2600	1E-30	1.0E+10	1.0E+10	1E-30	1.0E+10	1.0E+10	1E-30	1.0E+10	1.0E+10	1E-30	1.0E+10	1.0E+10
52	0.000000000000124	1E-30	1.0E-10	1.0E+10	0.000000453	1.05	1.0E+10	1E-30	24500	1.0E+10	0.000225	635	1.0E+10	0.0000184	1780	5.03E-16	0.0000395	3590	1.95E-16	0.000033	13100	8.96E-16	0.00000214	612	6.56E-16	0.00000128	560	7.89E-16	0.000000564	677	8.58E-16	0.000000301	668	1.12E-16	0.00000119	2600	1E-30	1.0E+10	1.0E+10	1E-30	1.0E+10	1.0E+10	1E-30	1.0E+10	1.0E+10	1E-30	1.0E+10	1.0E+10
53	0.000000000000124	1E-30	1.0E-10	1.0E+10	0.000000453	1.05	1.0E+10	1E-30	24500	1.0E+10	0.000225	635	1.0E+10	0.0000184	1780	5.03E-16	0.0000395	3590	1.95E-16	0.000033	13100	8.96E-16	0.00000214	612	6.56E-16	0.00000128	560	7.89E-16	0.000000564	677	8.58E-16	0.000000301	668	1.12E-16	0.00000119	2600	1E-30	1.0E+10	1.0E+10	1E-30	1.0E+10	1.0E+10	1E-30	1.0E+10	1.0E+10	1E-30	1.0E+10	1.0E+10
54	0.000000000000142	1E-30	1.0E-10	1.0E+10	0.000000557	1.05	1.0E+10	1E-30	24500	1.0E+10	0.00023	493	1.0E+10	0.0000197	1780	5.78E-16	0.0000395	3590	2.24E-16	0.000033	13100	9.82E-16	0.00000214	612	7.89E-16	0.00000128	560	9.49E-16	0.000000564	677	9.41E-16	0.000000301	668	1.15E-16	0.00000119	2600	1E-30	1.0E+10	1.0E+10	1E-30	1.0E+10	1.0E+10	1E-30	1.0E+10	1.0E+10	1E-30	1.0E+10	1.0E+10
55	0.000000000000142	1E-30	1.0E-10	1.0E+10	0.000000557	1.05	1.0E+10	1E-30	24500	1.0E+10	0.00023	493	1.0E+10	0.0000197	1780	5.78E-16	0.0000395	3590	2.24E-16	0.000033	13100	9.82E-16	0.00000214	612	7.89E-16	0.00000128	560	9.49E-16	0.000000564	677	9.41E-16	0.000000301	668	1.15E-16	0.00000119	2600	1E-30	1.0E+10	1.0E+10	1E-30	1.0E+10	1.0E+10	1E-30	1.0E+10	1.0E+10	1E-30	1.0E+10	1.0E+10
56	0.000000000000142	1E-30	1.0E-10	1.0E+10	0.000000557	1.05	1.0E+10	1E-30	24500	1.0E+10	0.00023	493	1.0E+10	0.0000197	1780	5.78E-16	0.0000395	3590	2.24E-16	0.000033	13100	9.82E-16	0.00000214	612	7.89E-16	0.00000128	560	9.49E-16	0.000000564	677	9.41E-16	0.000000301	668	1.15E-16	0.00000119	2600	1E-30	1.0E+10	1.0E+10	1E-30	1.0E+10	1.0E+10	1E-30	1.0E+10	1.0E+10	1E-30	1.0E+10	1.0E+10
57	0.000000000000127	1E-30	1.0E-10	1.0E+10	0.000000597	1.23	1.0E+10	1E-30	24500	1.0E+10	0.00901	3680	1.0E+10	0.0000211	1410	8.16E-16	0.0000395	3590	3.24E-16	0.000033	13100	1.56E-15	0.00000214	612	1.14E-15	0.00000128	560	1.34E-15	0.000000564	677	1.3E-15	0.000000301	668	1.29E-16	0.00000119	2600	1E-30	1.0E+10	1.0E+10	1E-30	1.0E+10	1.0E+10	1E-30	1.0E+10	1.0E+10	1E-30	1.0E+10	1.0E+10
58	0.000000000000127	1E-30	1.0E-10	1.0E+10	0.000000597	1.23	1.0E+10	1E-30	24500	1.0E+10	0.00901	3680	1.0E+10	0.0000211	1410	8.16E-16	0.0000395	3590	3.24E-16	0.000033	13100	1.56E-15	0.00000214	612	1.14E-15	0.00000128	560	1.34E-15	0.000000564	677	1.3E-15	0.000000301	668	1.29E-16	0.00000119	2600	1E-30	1.0E+10	1.0E+10	1E-30	1.0E+10	1.0E+10	1E-30	1.0E+10	1.0E+10	1E-30	1.0E+10	1.0E+10
59	0.000000000000127	1E-30	1.0E-10	1.0E+10	0.000000597	1.23	1.0E+10	1E-30	24500	1.0E+10	0.00901	3680	1.0E+10	0.0000211	1410	8.16E-16	0.0000395	3590	3.24E-16	0.000033	13100	1.56E-15	0.00000214	612	1.14E-15	0.00000128	560	1.34E-15	0.000000564	677	1.3E-15	0.000000301	668	1.29E-16	0.00000119	2600	1E-30	1.0E+10	1.0E+10	1E-30	1.0E+10	1.0E+10	1E-30	1.0E+10	1.0E+10	1E-30	1.0E+10	1.0E+10
60	0.000000000000119	1E-30	1.0E-10	1.0E+10	0.00000064	1.29	1.0E+10	1E-30	24500	1.0E+10	0.00244	8010	1.0E+10	0.0000216	1480	9.16E-16	0.0000395	3590	3.55E-16	0.000033	13100	1.75E-15	0.00000214	612	1.19E-15	0.00000128	560	1.57E-15	0.000000564	677	1.84E-15	0.000000301	668	2.04E-16	0.00000119	2600	1E-30	1.0E+10	1.0E+10	1E-30	1.0E+10	1.0E+10	1E-30	1.0E+10	1.0E+10	1E-30	1.0E+10	1.0E+10
61	0.000000000000119	1E-30	1.0E-10	1.0E+10	0.00000064	1.29	1.0E+10	1E-30	24500	1.0E+10	0.00244	8010	1.0E+10	0.0000216	1480	9.16E-16	0.0000395	3590	3.55E-16	0.000033	13100	1.75E-15	0.00000214	612	1.19E-15	0.00000128	560	1.57E-15	0.000000564	677	1.84E-15	0.000000301	668	2.04E-16	0.00000119	2600	1E-30	1.0E+10	1.0E+10	1E-30	1.0E+10	1.0E+10	1E-30	1.0E+10	1.0E+10	1E-30	1.0E+10	1.0E+10
62	0.000000000000119	1E-30	1.0E-10	1.0E+10	0.00000064	1.29	1.0E+10	1E-30	24500	1.0E+10	0.00244	8010	1.0E+10	0.0000216	1480	9.16E-16	0.0000395	3590	3.55E-16	0.000033	13100	1.75E-15	0.00000214	612	1.19E-15	0.00000128	560	1.57E-15	0.000000564	677	1.84E-15	0.000000301	668	2.04E-16	0.00000119	2600	1E-30	1.0E+10	1.0E+10	1E-30	1.0E+10	1.0E+10	1E-30	1.0E+10	1.0E+10	1E-30	1.0E+10	1.0E+10
63	0.000000000000122	1E-30	1.0E-10	1.0E+10	0.000000735	1.36	1.0E+10	1E-30	24500	1.0E+10	0.0025	8010	1.0E+10	0.0000342	3090	1.03E-15	0.0000395	3590	3.8E-16	0.000033	13100	1.79E-15	0.00000214	612	1.37E-15	0.00000128	560	1.68E-15	0.000000564	677	1.97E-15	0.000000301	668	2.82E-16	0.00000119	2600	1E-30	1.0E+10	1.0E+10	1E-30	1.0E+10	1.0E+10	1E-30	1.0E+10	1.0E+10	1E-30	1.0E+10	1.0E+10
64	0.000000000000122	1E-30	1.0E-10	1.0E+10	0.000000735	1.36	1.0E+10	1E-30	24500	1.0E+10	0.0025	8010	1.0E+10	0.0000342	3090	1.03E-15	0.0000395	3590	3.8E-16	0.000033	13100	1.79E-15	0.00000214	612	1.37E-15	0.00000128	560	1.68E-15	0.000000564	677	1.97E-15	0.000000301	668	2.82E-16	0.00000119	2600	1E-30	1.0E+10	1.0E+10	1E-30	1.0E+10	1.0E+10	1E-30	1.0E+10	1.0E+10	1E-30	1.0E+10	1.0E+10
65	0.000000000000122	1E-30	1.0E-10	1.0E+10	0.000000735	1.36	1.0E+10	1E-30	24500	1.0E+10	0.0025	8010	1.0E+10	0.0000342	3090	1.03E-15	0.0000395	3590	3.8E-16	0.000033	13100	1.79E-15	0.00000214	612	1.37E-15	0.00000128	560	1.68E-15	0.000000564	677	1.97E-15	0.000000301	668	2.82E-16	0.00000119	2600	1E-30	1.0E+10	1.0E+10	1E-30	1.0E+10	1.0E+10	1E-30	1.0E+10	1.0E+10	1E-30	1.0E+10	1.0E+10
66	0.000000000000119	1E-30	1.0E-10	1.0E+10	0.00000077	1.41	1.0E+10	1E-30	24500	1.0E+10	0.0025	8010	1.0E+10	0.0000342	3090	1.08E-15	0.0000395	3590	4.26E-16	0.000033	13100	2.01E-15	0.00000214	612	1.47E-15	0.00000128	560	1.8E-15	0.000000564	677	2.26E-15	0.000000301	668	2.4E-16	0.00000119	2600	1E-30	1.0E+10	1.0E+10	1E-30	1.0E+10	1.0E+10	1E-30	1.0E+10	1.0E+10	1E-30	1.0E+10	1.0E+10
67	0.000000000000119	1E-30	1.0E-10	1.0E+10	0.00000077	1.41	1.0E+10	1E-30	24500	1.0E+10	0.0025	8010	1.0E+10	0.0000342	3090	1.08E-15	0.0000395	3590	4.26E-16	0.000033	13100	2.01E-15	0.00000214	612	1.47E-15	0.00000128	560	1.8E-15	0.000000564	677	2.26E-15	0.000000301	668	2.4E-16	0.00000119	2600	1E-30	1.0E+10	1.0E+10	1E-30	1.0E+10	1.0E+10	1E-30	1.0E+10	1.0E+10	1E-30	1.0E+10	1.0E+10
68	0.000000000000119	1E-30	1.0E-10	1.0E+10	0.00000077	1.41	1.0E+10	1E-30	24500	1.0E+10	0.0025	8010	1.0E+10	0.0000342	3090	1.08E-15	0.0000395	3590	4.26E-16	0.000033	13100	2.01E-15	0.00000214	612	1.47E-15	0.00000128	560	1.8E-15	0.000000564	677	2.26E-15	0.000000301	668	2.4E-16	0.00000119	2600	1E-30	1.0E+10	1.0E+10	1E-30	1.0E+10	1.0E+10	1E-30	1.0E+10	1.0E+10	1E-30	1.0E+10	1.0E+10
69	0.000000000000128	1E-30	1.0E-10	1.0E+10	0.000000864	1.49	1.0E+10	1E-30	24500	1.0E+10	0.00256	8010	1.0E+10	0.0000375	3090	1.27E-15	0.0000395	3590	4.78E-16	0.000033	13100	2.2E-15	0.00000214	612	1.77E-15	0.00000128	560	2.11E-15	0.000000564	677	2.37E-15	0.000000301	668	2.51E-16	0.00000119	2600	1E-30	1.0E+10	1.0E+10	1E-30	1.0E+10	1.0E+10	1E-30	1.0E+10	1.0E+10	1E-30	1.0E+10	1.0E+10
70	0.000000000000128	1E-30	1.0E-10	1.0E+10	0.000000864	1.49	1.0E+10	1E-30	24500	1.0E+10	0.00256	8010	1.0E+10	0.0000375	3090	1.27E-15	0.0000395	3590	4.78E-16	0.000033	13100	2.2E-15	0.00000214	612	1.77E-15	0.00000128	560	2.11E-15	0.000000564	677	2.37E-15	0.000000301	668	2.51E-16	0.00000119	2600	1E-30	1.0E+10	1.0E+10	1E-30	1.0E+10	1.0E+10	1E-30	1.0E+10	1.0E+10	1E-30	1.0E+10	1.0E+10
71	0.000000000000128	1E-30	1.0E-10	1.0E+10	0.000000864	1.49	1.0E+10	1E-30	24500	1.0E+10	0.00256	8010	1.0E+10	0.0000375	3090	1.27E-15	0.0000395	3590	4.78E-16	0.000033	13100	2.2E-15	0.00000214	612	1.77E-15	0.00000128	560	2.11E-15	0.000000564	677	2.37E-15	0.000000301	668	2.51E-16	0.00000119	2600	1E-30	1.0E+10	1.0E+10	1E-30	1.0E+10	1.0E+10	1E-30	1.0E+10	1.0E+10	1E-30	1.0E+10	1.0E+10
72	6.73E-14	1E-30	1.0E-10	1.0E+10	0.00000101	1.56	1.0E+10	1E-30	153000	1.0E+10	0.0000331	5640	1.0E+10	0.000331	292000	1.13E-14	0.00000485	4190	2.1E-15	0.00000848	3660	1.33E-14	0.000000405	853	1.03E-14	0.000000214	590	7.18E-15	0.000000173	474	5.39E-15	0.000000152	376	6.49E-15	0.0000000868	298	1E-30	1.0E+10	1.0E+10	1E-30	1.0E+10	1.0E+10	1E-30	1.0E+10	1.0E+10	1E-30	1.0E+10	1.0E+10
73	6.73E-14	1E-30	1.0E-10	1.0E+10	0.00000101	1.56	1.0E+10	1E-30	153000	1.0E+10	0.0000331	5640	1.0E+10	0.000331	292000	1.13E-14	0.00000485	4190	2.1E-15	0.00000848	3660	1.33E-14	0.000000405	853	1.03E-14	0.000000214	590	7.18E-15	0.000000173	474	5.39E-15	0.000000152	376	6.49E-15	0.0000000868	298	1E-30	1.0E+10	1.0E+10	1E-30	1.0E+10	1.0E+10	1E-30	1.0E+10	1.0E+10	1E-30	1.0E+10	1.0E+10
74	6.73E-14	1E-30	1.0E-10	1.0E+10	0.00000101	1.56	1.0E+10	1E-30	153000	1.0E+10	0.0000331	5640	1.0E+10	0.000331	292000	1.13E-14	0.00000485	4190	2.1E-15	0.00000848	3660	1.33E-14	0.000000405	853	1.03E-14	0.000000214	590	7.18E-15	0.000000173	474	5.39E-15	0.000000152	376	6.49E-15	0.0000000868	298	1E-30	1.0E+10	1.0E+10	1E-30	1.0E+10	1.0E+10	1E-30	1.0E+10	1.0E+10	1E-30	1.0E+10	1.0E+10
75	0.000000000000256	1E-30	1.0E-10	1.0E+10	0.00000116	1.7	1.0E+10	1E-30	153000	1.0E+10	0.0000331	5640	1.0E+10	0.000331	292000	2.01E-14	0.00000805	4190	3.33E-15	0.0000134	3660	8.34E-15	0.000000822	1080	1.69E-14	0.000000233	578	1.75E-14	0.000000118	656	2.39E-15	0.000000281	627	2.83E-16	0.000000516	1360	1E-30	1.0E+10	1.0E+10	1E-30	1.0E+10	1.0E+10	1E-30	1.0E+10	1.0E+10	1E-30	1.0E+10	1.0E+10
76	0.000000000000218	1E-30	1.0E-10	1.0E+10	0.00000143	1.9	1.0E+10	1E-30	153000	1.0E+10	0.000038	5640	1.0E+10	0.000331	292000	1.27E-14	0.00000508	4190	1.75E-15	0.00000703	3660	8.15E-15	0.000000803	1080	9.5E-15	0.000000131	578	8.57E-15	0.0000000578	656	1.58E-15	0.000000186	627	2.7E-16	0.000000493	1360	1E-30	1.0E+10	1.0E+10	1E-30	1.0E+10	1.0E+10	1E-30	1.0E+10	1.0E+10	1E-30	1.0E+10	1.0E+10
77	0.000000000000262	1E-30	1.0E-10	1.0E+10	0.0000018	2.1	1.0E+10	1E-30	153000	1.0E+10	0.0000407	5640	1.0E+10	0.000316	306000	2.48E-14	0.00000991	4190	4.4E-15	0.0000177	3660	2.05E-14	0.00000202	1080	2.39E-14	0.000000329	578	1.63E-14	0.00000011	656	1.65E-15	0.000000195	627	2.7E-16	0.000000493	1360	1E-30	1.0E+10	1.0E+10	1E-30	1.0E+10	1.0E+10	1E-30	1.0E+10	1.0E+10	1E-30	1.0E+10	1.0E+10
78	0.000000000000315	1E-30	1.0E-10	1.0E+10	0.00000216	2.31	1.0E+10	1E-30	153000	1.0E+10	0.0000457	5640	1.0E+10	0.000316	306000	1.76E-14	0.00000702	4190	3.75E-15	0.0000151	3660	8.95E-15	0.000000882	1080	1.81E-14	0.00000025	578	1.75E-14	0.000000118	656	2.23E-15	0.000000263	627	2.46E-16	0.00000045	1360	1E-30	1.0E+10	1.0E+10	1E-30	1.0E+10	1.0E+10	1E-30	1.0E+10	1.0E+10	1E-30	1.0E+10	1.0E+10
79	0.00000000000033	1E-30	1.0E-10	1.0E+10	0.0000026	2.58	1.0E+10	1E-30	153000	1.0E+10	0.0000501	5640	1.0E+10	0.000316	306000	2.02E-14	0.00000806	4190	4.61E-15	0.0000186	3660	9.81E-15	0.000000967	1080	1.94E-14	0.000000268	578	2.01E-14	0.000000135	656	3.62E-15	0.000000427	627	3.1E-16	0.000000567	1360	1E-30	1.0E+10	1.0E+10	1E-30	1.0E+10	1.0E+10	1E-30	1.0E+10	1.0E+10	1E-30	1.0E+10	1.0E+10
80	0.000000000000338	1E-30	1.0E-10	1.0E+10	0.0000032	2.92	1.0E+10	1E-30	153000	1.0E+10	0.0000684	8620	1.0E+10	0.0011	306000	3.68E-14	0.0000147	4190	7.31E-15	0.0000295	3660	1.05E-14	0.00000104	1080	1.58E-14	0.000000218	578	1.36E-14	0.0000000913	656	1.73E-15	0.000000204	627	3.25E-16	0.000000594	1360	1E-30	1.0E+10	1.0E+10	1E-30	1.0E+10	1.0E+10	1E-30	1.0E+10	1.0E+10	1E-30	1.0E+10	1.0E+10
81	0.000000000000477	1E-30	1.0E-10	1.0E+10	0.00000376	3.12	1.0E+10	1E-30	153000	1.0E+10	0.0000716	8620	1.0E+10	0.0011	306000	4.63E-14	0.0000185	4190	5.67E-15	0.0000229	3660	1.18E-14	0.00000117	1080	1.44E-14	0.000000199	578	1.36E-14	0.0000000913	656	2.03E-15	0.00000024	627	3.48E-16	0.000000636	1360	1E-30	1.0E+10	1.0E+10	1E-30	1.0E+10	1.0E+10	1E-30	1.0E+10	1.0E+10	1E-30	1.0E+10	1.0E+10
82	0.000000000000388	1E-30	1.0E-10	1.0E+10	0.00000452	3.45	1.0E+10	1E-30	153000	1.0E+10	0.0000841	9670	1.0E+10	0.00115	306000	4.85E-14	0.0000185	4190	1.42E-14	0.0000229	3660	1.96E-14	0.00000117	1080	4.55E-14	0.000000199	578	2.53E-14	0.0000000913	656	2.13E-15	0.00000024	627	3.48E-16	0.000000636	1360	1E-30	1.0E+10	1.0E+10	1E-30	1.0E+10	1.0E+10	1E-30	1.0E+10	1.0E+10	1E-30	1.0E+10	1.0E+10
END DSCRDATA
