BEGIN DSCRDATA
% INDEX	K01	L01	M01	K02	L02	M02	K03	L03	M03	K04	L04	M04	K05	L05	M05	K06	L06	M06	K07	L07	M07	K08	L08	M08	K09	L09	M09	K10	L10	M10	K11	L11	M11	K12	L12	M12	K13	L13	M13	K14	L14	M14	K15	L15	M15	K16	L16	M16
0	2.87E-14	1E-30	1.0E-10	1.0E+10	0.00000000296	0.013	1.0E+10	1E-30	4400	1.0E+10	0.0000000267	2.47	1.0E+10	0.0000000523	20.8	1.0E+10	0.000000123	692	1E-30	1.0E+10	1.0E+10	1E-30	1.0E+10	1.0E+10	1E-30	1.0E+10	1.0E+10	1E-30	1.0E+10	1.0E+10	1E-30	1.0E+10	1.0E+10	1E-30	1.0E+10	1.0E+10	1E-30	1.0E+10	1.0E+10	1E-30	1.0E+10	1.0E+10	1E-30	1.0E+10	1.0E+10	1E-30	1.0E+10	1.0E+10
1	2.74E-14	1E-30	1.0E-10	1.0E+10	0.0000000034	0.0252	1.0E+10	1E-30	4110	1.0E+10	0.0000000547	11.8	1.0E+10	0.000000105	116	1.0E+10	0.000000213	1600	1E-30	1.0E+10	1.0E+10	1E-30	1.0E+10	1.0E+10	1E-30	1.0E+10	1.0E+10	1E-30	1.0E+10	1.0E+10	1E-30	1.0E+10	1.0E+10	1E-30	1.0E+10	1.0E+10	1E-30	1.0E+10	1.0E+10	1E-30	1.0E+10	1.0E+10	1E-30	1.0E+10	1.0E+10	1E-30	1.0E+10	1.0E+10
2	4.98E-14	1E-30	1.0E-10	1.0E+10	0.00000000678	0.023	1.0E+10	1E-30	10100	1.0E+10	0.000000144	11.8	1.0E+10	0.000000205	88	1.0E+10	0.00000037	1790	4.68E-16	0.000000223	301	1E-30	1.0E+10	1.0E+10	1E-30	1.0E+10	1.0E+10	1E-30	1.0E+10	1.0E+10	1E-30	1.0E+10	1.0E+10	1E-30	1.0E+10	1.0E+10	1E-30	1.0E+10	1.0E+10	1E-30	1.0E+10	1.0E+10	1E-30	1.0E+10	1.0E+10	1E-30	1.0E+10	1.0E+10
3	7.03E-14	1E-30	1.0E-10	1.0E+10	0.00000000726	0.031	1.0E+10	1E-30	16400	1.0E+10	0.0000000978	14.1	1.0E+10	0.000000324	636	1.0E+10	0.000000396	7330	3.89E-16	0.000000223	301	1E-30	1.0E+10	1.0E+10	1E-30	1.0E+10	1.0E+10	1E-30	1.0E+10	1.0E+10	1E-30	1.0E+10	1.0E+10	1E-30	1.0E+10	1.0E+10	1E-30	1.0E+10	1.0E+10	1E-30	1.0E+10	1.0E+10	1E-30	1.0E+10	1.0E+10	1E-30	1.0E+10	1.0E+10
4	7.89E-14	1E-30	1.0E-10	1.0E+10	0.00000000853	0.071	1.0E+10	1E-30	16400	1.0E+10	0.0000000975	14.9	1.0E+10	0.000000322	521	1.0E+10	0.000000483	6200	3.89E-16	0.000000223	301	1E-30	1.0E+10	1.0E+10	1E-30	1.0E+10	1.0E+10	1E-30	1.0E+10	1.0E+10	1E-30	1.0E+10	1.0E+10	1E-30	1.0E+10	1.0E+10	1E-30	1.0E+10	1.0E+10	1E-30	1.0E+10	1.0E+10	1E-30	1.0E+10	1.0E+10	1E-30	1.0E+10	1.0E+10
5	7.89E-14	1E-30	1.0E-10	1.0E+10	0.00000000853	0.071	1.0E+10	1E-30	16400	1.0E+10	0.0000000975	14.9	1.0E+10	0.000000322	521	1.0E+10	0.000000483	6200	3.89E-16	0.000000223	301	1E-30	1.0E+10	1.0E+10	1E-30	1.0E+10	1.0E+10	1E-30	1.0E+10	1.0E+10	1E-30	1.0E+10	1.0E+10	1E-30	1.0E+10	1.0E+10	1E-30	1.0E+10	1.0E+10	1E-30	1.0E+10	1.0E+10	1E-30	1.0E+10	1.0E+10	1E-30	1.0E+10	1.0E+10
6	4.98E-14	1E-30	1.0E-10	1.0E+10	0.0000000115	0.033	1.0E+10	1E-30	16400	1.0E+10	0.000000141	9.63	1.0E+10	0.000000396	261	1.0E+10	0.000000766	4490	7.58E-16	0.000000416	301	1E-30	1.0E+10	1.0E+10	1E-30	1.0E+10	1.0E+10	1E-30	1.0E+10	1.0E+10	1E-30	1.0E+10	1.0E+10	1E-30	1.0E+10	1.0E+10	1E-30	1.0E+10	1.0E+10	1E-30	1.0E+10	1.0E+10	1E-30	1.0E+10	1.0E+10	1E-30	1.0E+10	1.0E+10
7	4.98E-14	1E-30	1.0E-10	1.0E+10	0.0000000115	0.033	1.0E+10	1E-30	16400	1.0E+10	0.000000141	9.63	1.0E+10	0.000000396	261	1.0E+10	0.000000766	4490	7.58E-16	0.000000416	301	1E-30	1.0E+10	1.0E+10	1E-30	1.0E+10	1.0E+10	1E-30	1.0E+10	1.0E+10	1E-30	1.0E+10	1.0E+10	1E-30	1.0E+10	1.0E+10	1E-30	1.0E+10	1.0E+10	1E-30	1.0E+10	1.0E+10	1E-30	1.0E+10	1.0E+10	1E-30	1.0E+10	1.0E+10
8	6.88E-14	1E-30	1.0E-10	1.0E+10	0.0000000126	0.033	1.0E+10	1E-30	23200	1.0E+10	0.0000000614	5.43	1.0E+10	0.000000606	1320	1.0E+10	0.00000099	9780	6.16E-16	0.000000416	301	1E-30	1.0E+10	1.0E+10	1E-30	1.0E+10	1.0E+10	1E-30	1.0E+10	1.0E+10	1E-30	1.0E+10	1.0E+10	1E-30	1.0E+10	1.0E+10	1E-30	1.0E+10	1.0E+10	1E-30	1.0E+10	1.0E+10	1E-30	1.0E+10	1.0E+10	1E-30	1.0E+10	1.0E+10
9	6.88E-14	1E-30	1.0E-10	1.0E+10	0.0000000126	0.033	1.0E+10	1E-30	23200	1.0E+10	0.0000000614	5.43	1.0E+10	0.000000606	1320	1.0E+10	0.00000099	9780	6.16E-16	0.000000416	301	1E-30	1.0E+10	1.0E+10	1E-30	1.0E+10	1.0E+10	1E-30	1.0E+10	1.0E+10	1E-30	1.0E+10	1.0E+10	1E-30	1.0E+10	1.0E+10	1E-30	1.0E+10	1.0E+10	1E-30	1.0E+10	1.0E+10	1E-30	1.0E+10	1.0E+10	1E-30	1.0E+10	1.0E+10
10	9.07E-14	1E-30	1.0E-10	1.0E+10	0.0000000135	0.033	1.0E+10	1E-30	15300	1.0E+10	0.000000279	16.3	1.0E+10	0.000000379	128	1.0E+10	0.000000847	3240	5.24E-16	0.000000416	301	1E-30	1.0E+10	1.0E+10	1E-30	1.0E+10	1.0E+10	1E-30	1.0E+10	1.0E+10	1E-30	1.0E+10	1.0E+10	1E-30	1.0E+10	1.0E+10	1E-30	1.0E+10	1.0E+10	1E-30	1.0E+10	1.0E+10	1E-30	1.0E+10	1.0E+10	1E-30	1.0E+10	1.0E+10
11	9.07E-14	1E-30	1.0E-10	1.0E+10	0.0000000135	0.033	1.0E+10	1E-30	15300	1.0E+10	0.000000279	16.3	1.0E+10	0.000000379	128	1.0E+10	0.000000847	3240	5.24E-16	0.000000416	301	1E-30	1.0E+10	1.0E+10	1E-30	1.0E+10	1.0E+10	1E-30	1.0E+10	1.0E+10	1E-30	1.0E+10	1.0E+10	1E-30	1.0E+10	1.0E+10	1E-30	1.0E+10	1.0E+10	1E-30	1.0E+10	1.0E+10	1E-30	1.0E+10	1.0E+10	1E-30	1.0E+10	1.0E+10
12	6.72E-14	1E-30	1.0E-10	1.0E+10	0.0000000155	0.096	1.0E+10	1E-30	29900	1.0E+10	0.000000445	122	1.0E+10	0.00000102	1740	1.0E+10	0.00000101	8430	8.31E-16	0.00000066	301	2.65E-14	0.0000000117	21.4	1E-30	1.0E+10	1.0E+10	1E-30	1.0E+10	1.0E+10	1E-30	1.0E+10	1.0E+10	1E-30	1.0E+10	1.0E+10	1E-30	1.0E+10	1.0E+10	1E-30	1.0E+10	1.0E+10	1E-30	1.0E+10	1.0E+10	1E-30	1.0E+10	1.0E+10
13	6.72E-14	1E-30	1.0E-10	1.0E+10	0.0000000155	0.096	1.0E+10	1E-30	29900	1.0E+10	0.000000445	122	1.0E+10	0.00000102	1740	1.0E+10	0.00000101	8430	8.31E-16	0.00000066	301	2.65E-14	0.0000000117	21.4	1E-30	1.0E+10	1.0E+10	1E-30	1.0E+10	1.0E+10	1E-30	1.0E+10	1.0E+10	1E-30	1.0E+10	1.0E+10	1E-30	1.0E+10	1.0E+10	1E-30	1.0E+10	1.0E+10	1E-30	1.0E+10	1.0E+10	1E-30	1.0E+10	1.0E+10
14	3.29E-14	1E-30	1.0E-10	1.0E+10	0.0000000182	0.041	1.0E+10	1E-30	29900	1.0E+10	0.000000388	66.8	1.0E+10	0.00000162	1450	1.0E+10	0.00000122	7340	7.24E-16	0.00000066	301	2.47E-14	0.0000000117	17	1E-30	1.0E+10	1.0E+10	1E-30	1.0E+10	1.0E+10	1E-30	1.0E+10	1.0E+10	1E-30	1.0E+10	1.0E+10	1E-30	1.0E+10	1.0E+10	1E-30	1.0E+10	1.0E+10	1E-30	1.0E+10	1.0E+10	1E-30	1.0E+10	1.0E+10
15	3.29E-14	1E-30	1.0E-10	1.0E+10	0.0000000182	0.041	1.0E+10	1E-30	29900	1.0E+10	0.000000388	66.8	1.0E+10	0.00000162	1450	1.0E+10	0.00000122	7340	7.24E-16	0.00000066	301	2.47E-14	0.0000000117	17	1E-30	1.0E+10	1.0E+10	1E-30	1.0E+10	1.0E+10	1E-30	1.0E+10	1.0E+10	1E-30	1.0E+10	1.0E+10	1E-30	1.0E+10	1.0E+10	1E-30	1.0E+10	1.0E+10	1E-30	1.0E+10	1.0E+10	1E-30	1.0E+10	1.0E+10
16	7.36E-14	1E-30	1.0E-10	1.0E+10	0.0000000209	0.041	1.0E+10	1E-30	36000	1.0E+10	0.000000379	33.5	1.0E+10	0.000000997	603	1.0E+10	0.00000128	7690	6.6E-16	0.00000066	1900	1.75E-14	0.00000000911	25.2	1E-30	1.0E+10	1.0E+10	1E-30	1.0E+10	1.0E+10	1E-30	1.0E+10	1.0E+10	1E-30	1.0E+10	1.0E+10	1E-30	1.0E+10	1.0E+10	1E-30	1.0E+10	1.0E+10	1E-30	1.0E+10	1.0E+10	1E-30	1.0E+10	1.0E+10
17	7.36E-14	1E-30	1.0E-10	1.0E+10	0.0000000209	0.041	1.0E+10	1E-30	36000	1.0E+10	0.000000379	33.5	1.0E+10	0.000000997	603	1.0E+10	0.00000128	7690	6.6E-16	0.00000066	1900	1.75E-14	0.00000000911	25.2	1E-30	1.0E+10	1.0E+10	1E-30	1.0E+10	1.0E+10	1E-30	1.0E+10	1.0E+10	1E-30	1.0E+10	1.0E+10	1E-30	1.0E+10	1.0E+10	1E-30	1.0E+10	1.0E+10	1E-30	1.0E+10	1.0E+10	1E-30	1.0E+10	1.0E+10
18	8.65E-14	1E-30	1.0E-10	1.0E+10	0.0000000235	0.058	1.0E+10	1E-30	36000	1.0E+10	0.000000276	21.9	1.0E+10	0.00000093	603	1.0E+10	0.00000157	8630	6.3E-16	0.00000066	1900	1.75E-14	0.00000000911	25.2	1E-30	1.0E+10	1.0E+10	1E-30	1.0E+10	1.0E+10	1E-30	1.0E+10	1.0E+10	1E-30	1.0E+10	1.0E+10	1E-30	1.0E+10	1.0E+10	1E-30	1.0E+10	1.0E+10	1E-30	1.0E+10	1.0E+10	1E-30	1.0E+10	1.0E+10
19	8.65E-14	1E-30	1.0E-10	1.0E+10	0.0000000235	0.058	1.0E+10	1E-30	36000	1.0E+10	0.000000276	21.9	1.0E+10	0.00000093	603	1.0E+10	0.00000157	8630	6.3E-16	0.00000066	1900	1.75E-14	0.00000000911	25.2	1E-30	1.0E+10	1.0E+10	1E-30	1.0E+10	1.0E+10	1E-30	1.0E+10	1.0E+10	1E-30	1.0E+10	1.0E+10	1E-30	1.0E+10	1.0E+10	1E-30	1.0E+10	1.0E+10	1E-30	1.0E+10	1.0E+10	1E-30	1.0E+10	1.0E+10
20	9.48E-14	1E-30	1.0E-10	1.0E+10	0.0000000246	0.12	1.0E+10	1E-30	36000	1.0E+10	0.000000563	125	1.0E+10	0.00000249	3780	1.0E+10	0.00000164	9040	6.75E-16	0.00000066	1900	1.52E-14	0.00000000911	25.2	1E-30	1.0E+10	1.0E+10	1E-30	1.0E+10	1.0E+10	1E-30	1.0E+10	1.0E+10	1E-30	1.0E+10	1.0E+10	1E-30	1.0E+10	1.0E+10	1E-30	1.0E+10	1.0E+10	1E-30	1.0E+10	1.0E+10	1E-30	1.0E+10	1.0E+10
21	9.48E-14	1E-30	1.0E-10	1.0E+10	0.0000000246	0.12	1.0E+10	1E-30	36000	1.0E+10	0.000000563	125	1.0E+10	0.00000249	3780	1.0E+10	0.00000164	9040	6.75E-16	0.00000066	1900	1.52E-14	0.00000000911	25.2	1E-30	1.0E+10	1.0E+10	1E-30	1.0E+10	1.0E+10	1E-30	1.0E+10	1.0E+10	1E-30	1.0E+10	1.0E+10	1E-30	1.0E+10	1.0E+10	1E-30	1.0E+10	1.0E+10	1E-30	1.0E+10	1.0E+10	1E-30	1.0E+10	1.0E+10
22	6.56E-14	1E-30	1.0E-10	1.0E+10	0.000000027	0.057	1.0E+10	1E-30	36000	1.0E+10	0.000000646	125	1.0E+10	0.00000352	3780	1.0E+10	0.00000206	9040	1.12E-15	0.00000066	1900	8.35E-15	0.0000000288	79.7	3.43E-15	0.0000000327	119	1E-30	1.0E+10	1.0E+10	1E-30	1.0E+10	1.0E+10	1E-30	1.0E+10	1.0E+10	1E-30	1.0E+10	1.0E+10	1E-30	1.0E+10	1.0E+10	1E-30	1.0E+10	1.0E+10	1E-30	1.0E+10	1.0E+10
23	6.56E-14	1E-30	1.0E-10	1.0E+10	0.000000027	0.057	1.0E+10	1E-30	36000	1.0E+10	0.000000646	125	1.0E+10	0.00000352	3780	1.0E+10	0.00000206	9040	1.12E-15	0.00000066	1900	8.35E-15	0.0000000288	79.7	3.43E-15	0.0000000327	119	1E-30	1.0E+10	1.0E+10	1E-30	1.0E+10	1.0E+10	1E-30	1.0E+10	1.0E+10	1E-30	1.0E+10	1.0E+10	1E-30	1.0E+10	1.0E+10	1E-30	1.0E+10	1.0E+10	1E-30	1.0E+10	1.0E+10
24	9.27E-14	1E-30	1.0E-10	1.0E+10	0.0000000303	0.063	1.0E+10	1E-30	36000	1.0E+10	0.000000676	125	1.0E+10	0.00000395	3780	1.0E+10	0.00000216	9040	1.07E-15	0.00000066	1900	8.35E-15	0.0000000288	79.7	3.43E-15	0.0000000327	119	1E-30	1.0E+10	1.0E+10	1E-30	1.0E+10	1.0E+10	1E-30	1.0E+10	1.0E+10	1E-30	1.0E+10	1.0E+10	1E-30	1.0E+10	1.0E+10	1E-30	1.0E+10	1.0E+10	1E-30	1.0E+10	1.0E+10
25	9.27E-14	1E-30	1.0E-10	1.0E+10	0.0000000303	0.063	1.0E+10	1E-30	36000	1.0E+10	0.000000676	125	1.0E+10	0.00000395	3780	1.0E+10	0.00000216	9040	1.07E-15	0.00000066	1900	8.35E-15	0.0000000288	79.7	3.43E-15	0.0000000327	119	1E-30	1.0E+10	1.0E+10	1E-30	1.0E+10	1.0E+10	1E-30	1.0E+10	1.0E+10	1E-30	1.0E+10	1.0E+10	1E-30	1.0E+10	1.0E+10	1E-30	1.0E+10	1.0E+10	1E-30	1.0E+10	1.0E+10
26	9.71E-14	1E-30	1.0E-10	1.0E+10	0.000000034	0.096	1.0E+10	1E-30	36800	1.0E+10	0.000000676	125	1.0E+10	0.00000497	3780	1.0E+10	0.00000231	9040	9.76E-16	0.00000066	1900	6.95E-15	0.0000000288	79.7	3.35E-15	0.0000000327	119	1E-30	1.0E+10	1.0E+10	1E-30	1.0E+10	1.0E+10	1E-30	1.0E+10	1.0E+10	1E-30	1.0E+10	1.0E+10	1E-30	1.0E+10	1.0E+10	1E-30	1.0E+10	1.0E+10	1E-30	1.0E+10	1.0E+10
27	9.71E-14	1E-30	1.0E-10	1.0E+10	0.000000034	0.096	1.0E+10	1E-30	36800	1.0E+10	0.000000676	125	1.0E+10	0.00000497	3780	1.0E+10	0.00000231	9040	9.76E-16	0.00000066	1900	6.95E-15	0.0000000288	79.7	3.35E-15	0.0000000327	119	1E-30	1.0E+10	1.0E+10	1E-30	1.0E+10	1.0E+10	1E-30	1.0E+10	1.0E+10	1E-30	1.0E+10	1.0E+10	1E-30	1.0E+10	1.0E+10	1E-30	1.0E+10	1.0E+10	1E-30	1.0E+10	1.0E+10
28	7.54E-14	1E-30	1.0E-10	1.0E+10	0.0000000373	0.064	1.0E+10	1E-30	36800	1.0E+10	0.000000832	125	1.0E+10	0.00000571	4240	1.0E+10	0.00000253	7520	1.62E-15	0.00000066	477	6.79E-15	0.0000000575	159	3.35E-15	0.0000000327	119	1E-30	1.0E+10	1.0E+10	1E-30	1.0E+10	1.0E+10	1E-30	1.0E+10	1.0E+10	1E-30	1.0E+10	1.0E+10	1E-30	1.0E+10	1.0E+10	1E-30	1.0E+10	1.0E+10	1E-30	1.0E+10	1.0E+10
29	7.54E-14	1E-30	1.0E-10	1.0E+10	0.0000000373	0.064	1.0E+10	1E-30	36800	1.0E+10	0.000000832	125	1.0E+10	0.00000571	4240	1.0E+10	0.00000253	7520	1.62E-15	0.00000066	477	6.79E-15	0.0000000575	159	3.35E-15	0.0000000327	119	1E-30	1.0E+10	1.0E+10	1E-30	1.0E+10	1.0E+10	1E-30	1.0E+10	1.0E+10	1E-30	1.0E+10	1.0E+10	1E-30	1.0E+10	1.0E+10	1E-30	1.0E+10	1.0E+10	1E-30	1.0E+10	1.0E+10
30	8.86E-14	1E-30	1.0E-10	1.0E+10	0.00000004	0.064	1.0E+10	1E-30	36800	1.0E+10	0.000000934	122	1.0E+10	0.00000443	1810	1.0E+10	0.00000259	7520	1.55E-15	0.00000066	477	5.39E-15	0.0000000575	159	2.99E-15	0.0000000327	119	1E-30	1.0E+10	1.0E+10	1E-30	1.0E+10	1.0E+10	1E-30	1.0E+10	1.0E+10	1E-30	1.0E+10	1.0E+10	1E-30	1.0E+10	1.0E+10	1E-30	1.0E+10	1.0E+10	1E-30	1.0E+10	1.0E+10
31	8.86E-14	1E-30	1.0E-10	1.0E+10	0.00000004	0.064	1.0E+10	1E-30	36800	1.0E+10	0.000000934	122	1.0E+10	0.00000443	1810	1.0E+10	0.00000259	7520	1.55E-15	0.00000066	477	5.39E-15	0.0000000575	159	2.99E-15	0.0000000327	119	1E-30	1.0E+10	1.0E+10	1E-30	1.0E+10	1.0E+10	1E-30	1.0E+10	1.0E+10	1E-30	1.0E+10	1.0E+10	1E-30	1.0E+10	1.0E+10	1E-30	1.0E+10	1.0E+10	1E-30	1.0E+10	1.0E+10
32	9.71E-14	1E-30	1.0E-10	1.0E+10	0.0000000449	0.1	1.0E+10	1E-30	36800	1.0E+10	0.000000718	43.7	1.0E+10	0.0000015	428	1.0E+10	0.00000293	8010	1.51E-15	0.00000066	477	5.91E-15	0.0000000575	159	2.92E-15	0.0000000327	119	1E-30	1.0E+10	1.0E+10	1E-30	1.0E+10	1.0E+10	1E-30	1.0E+10	1.0E+10	1E-30	1.0E+10	1.0E+10	1E-30	1.0E+10	1.0E+10	1E-30	1.0E+10	1.0E+10	1E-30	1.0E+10	1.0E+10
33	9.71E-14	1E-30	1.0E-10	1.0E+10	0.0000000449	0.1	1.0E+10	1E-30	36800	1.0E+10	0.000000718	43.7	1.0E+10	0.0000015	428	1.0E+10	0.00000293	8010	1.51E-15	0.00000066	477	5.91E-15	0.0000000575	159	2.92E-15	0.0000000327	119	1E-30	1.0E+10	1.0E+10	1E-30	1.0E+10	1.0E+10	1E-30	1.0E+10	1.0E+10	1E-30	1.0E+10	1.0E+10	1E-30	1.0E+10	1.0E+10	1E-30	1.0E+10	1.0E+10	1E-30	1.0E+10	1.0E+10
34	9.83E-14	1E-30	1.0E-10	1.0E+10	0.0000000489	0.17	1.0E+10	1E-30	54500	1.0E+10	0.00000119	204	1.0E+10	0.00000523	4730	1.0E+10	0.00000387	19600	5.25E-15	0.000000208	376	9.23E-15	0.0000000353	176	1.52E-16	0.000000532	1400	1E-30	1.0E+10	1.0E+10	1E-30	1.0E+10	1.0E+10	1E-30	1.0E+10	1.0E+10	1E-30	1.0E+10	1.0E+10	1E-30	1.0E+10	1.0E+10	1E-30	1.0E+10	1.0E+10	1E-30	1.0E+10	1.0E+10
35	9.83E-14	1E-30	1.0E-10	1.0E+10	0.0000000489	0.17	1.0E+10	1E-30	54500	1.0E+10	0.00000119	204	1.0E+10	0.00000523	4730	1.0E+10	0.00000387	19600	5.25E-15	0.000000208	376	9.23E-15	0.0000000353	176	1.52E-16	0.000000532	1400	1E-30	1.0E+10	1.0E+10	1E-30	1.0E+10	1.0E+10	1E-30	1.0E+10	1.0E+10	1E-30	1.0E+10	1.0E+10	1E-30	1.0E+10	1.0E+10	1E-30	1.0E+10	1.0E+10	1E-30	1.0E+10	1.0E+10
36	0.000000000000104	1E-30	1.0E-10	1.0E+10	0.0000000552	0.087	1.0E+10	1E-30	36800	1.0E+10	0.000000958	53.4	1.0E+10	0.0000018	438	1.0E+10	0.00000352	8010	2.39E-15	0.00000066	477	7.79E-15	0.0000000575	159	4.42E-15	0.0000000327	119	1E-30	1.0E+10	1.0E+10	1E-30	1.0E+10	1.0E+10	1E-30	1.0E+10	1.0E+10	1E-30	1.0E+10	1.0E+10	1E-30	1.0E+10	1.0E+10	1E-30	1.0E+10	1.0E+10	1E-30	1.0E+10	1.0E+10
37	0.000000000000104	1E-30	1.0E-10	1.0E+10	0.0000000552	0.087	1.0E+10	1E-30	36800	1.0E+10	0.000000958	53.4	1.0E+10	0.0000018	438	1.0E+10	0.00000352	8010	2.39E-15	0.00000066	477	7.79E-15	0.0000000575	159	4.42E-15	0.0000000327	119	1E-30	1.0E+10	1.0E+10	1E-30	1.0E+10	1.0E+10	1E-30	1.0E+10	1.0E+10	1E-30	1.0E+10	1.0E+10	1E-30	1.0E+10	1.0E+10	1E-30	1.0E+10	1.0E+10	1E-30	1.0E+10	1.0E+10
38	8.45E-14	1E-30	1.0E-10	1.0E+10	0.0000000605	0.15	1.0E+10	1E-30	47400	1.0E+10	0.00000142	53.4	1.0E+10	0.00000184	564	1.0E+10	0.00000419	11200	2.13E-15	0.00000066	477	8.35E-15	0.0000000575	159	3.76E-15	0.0000000327	119	1E-30	1.0E+10	1.0E+10	1E-30	1.0E+10	1.0E+10	1E-30	1.0E+10	1.0E+10	1E-30	1.0E+10	1.0E+10	1E-30	1.0E+10	1.0E+10	1E-30	1.0E+10	1.0E+10	1E-30	1.0E+10	1.0E+10
39	8.45E-14	1E-30	1.0E-10	1.0E+10	0.0000000605	0.15	1.0E+10	1E-30	47400	1.0E+10	0.00000142	53.4	1.0E+10	0.00000184	564	1.0E+10	0.00000419	11200	2.13E-15	0.00000066	477	8.35E-15	0.0000000575	159	3.76E-15	0.0000000327	119	1E-30	1.0E+10	1.0E+10	1E-30	1.0E+10	1.0E+10	1E-30	1.0E+10	1.0E+10	1E-30	1.0E+10	1.0E+10	1E-30	1.0E+10	1.0E+10	1E-30	1.0E+10	1.0E+10	1E-30	1.0E+10	1.0E+10
40	8.85E-14	1E-30	1.0E-10	1.0E+10	0.0000000634	0.094	1.0E+10	1E-30	48500	1.0E+10	0.00000121	53.4	1.0E+10	0.00000202	564	1.0E+10	0.00000419	11200	2.81E-15	0.00000066	477	1.08E-14	0.0000000575	159	5.69E-15	0.0000000327	119	2.38E-16	0.000000409	266	1E-30	1.0E+10	1.0E+10	1E-30	1.0E+10	1.0E+10	1E-30	1.0E+10	1.0E+10	1E-30	1.0E+10	1.0E+10	1E-30	1.0E+10	1.0E+10	1E-30	1.0E+10	1.0E+10
41	8.85E-14	1E-30	1.0E-10	1.0E+10	0.0000000634	0.094	1.0E+10	1E-30	48500	1.0E+10	0.00000121	53.4	1.0E+10	0.00000202	564	1.0E+10	0.00000419	11200	2.81E-15	0.00000066	477	1.08E-14	0.0000000575	159	5.69E-15	0.0000000327	119	2.38E-16	0.000000409	266	1E-30	1.0E+10	1.0E+10	1E-30	1.0E+10	1.0E+10	1E-30	1.0E+10	1.0E+10	1E-30	1.0E+10	1.0E+10	1E-30	1.0E+10	1.0E+10	1E-30	1.0E+10	1.0E+10
42	7.36E-14	1E-30	1.0E-10	1.0E+10	0.0000000728	0.16	1.0E+10	1E-30	48500	1.0E+10	0.00000156	53.4	1.0E+10	0.00000227	551	1.0E+10	0.00000481	10200	3.23E-15	0.00000066	301	1.21E-14	0.0000000575	81.5	5.31E-15	0.0000000327	119	4.75E-15	0.0000000163	66.8	1E-30	1.0E+10	1.0E+10	1E-30	1.0E+10	1.0E+10	1E-30	1.0E+10	1.0E+10	1E-30	1.0E+10	1.0E+10	1E-30	1.0E+10	1.0E+10	1E-30	1.0E+10	1.0E+10
43	7.36E-14	1E-30	1.0E-10	1.0E+10	0.0000000728	0.16	1.0E+10	1E-30	48500	1.0E+10	0.00000156	53.4	1.0E+10	0.00000227	551	1.0E+10	0.00000481	10200	3.23E-15	0.00000066	301	1.21E-14	0.0000000575	81.5	5.31E-15	0.0000000327	119	4.75E-15	0.0000000163	66.8	1E-30	1.0E+10	1.0E+10	1E-30	1.0E+10	1.0E+10	1E-30	1.0E+10	1.0E+10	1E-30	1.0E+10	1.0E+10	1E-30	1.0E+10	1.0E+10	1E-30	1.0E+10	1.0E+10
44	7.89E-14	1E-30	1.0E-10	1.0E+10	0.0000000798	0.23	1.0E+10	1E-30	48500	1.0E+10	0.00000175	53.4	1.0E+10	0.00000232	551	1.0E+10	0.00000492	10200	3.16E-15	0.00000066	301	1.21E-14	0.0000000575	81.5	5.31E-15	0.0000000327	119	4.75E-15	0.0000000163	66.8	1E-30	1.0E+10	1.0E+10	1E-30	1.0E+10	1.0E+10	1E-30	1.0E+10	1.0E+10	1E-30	1.0E+10	1.0E+10	1E-30	1.0E+10	1.0E+10	1E-30	1.0E+10	1.0E+10
45	7.89E-14	1E-30	1.0E-10	1.0E+10	0.0000000798	0.23	1.0E+10	1E-30	48500	1.0E+10	0.00000175	53.4	1.0E+10	0.00000232	551	1.0E+10	0.00000492	10200	3.16E-15	0.00000066	301	1.21E-14	0.0000000575	81.5	5.31E-15	0.0000000327	119	4.75E-15	0.0000000163	66.8	1E-30	1.0E+10	1.0E+10	1E-30	1.0E+10	1.0E+10	1E-30	1.0E+10	1.0E+10	1E-30	1.0E+10	1.0E+10	1E-30	1.0E+10	1.0E+10	1E-30	1.0E+10	1.0E+10
46	6.72E-14	1E-30	1.0E-10	1.0E+10	0.0000000875	0.2	1.0E+10	1E-30	73400	1.0E+10	0.00000206	53.4	1.0E+10	0.00000254	604	1.0E+10	0.00000527	13100	4.07E-15	0.00000066	301	1.45E-14	0.0000000691	81.5	6.24E-15	0.0000000384	119	5.84E-15	0.0000000201	66.8	1E-30	1.0E+10	1.0E+10	1E-30	1.0E+10	1.0E+10	1E-30	1.0E+10	1.0E+10	1E-30	1.0E+10	1.0E+10	1E-30	1.0E+10	1.0E+10	1E-30	1.0E+10	1.0E+10
47	6.72E-14	1E-30	1.0E-10	1.0E+10	0.0000000875	0.2	1.0E+10	1E-30	73400	1.0E+10	0.00000206	53.4	1.0E+10	0.00000254	604	1.0E+10	0.00000527	13100	4.07E-15	0.00000066	301	1.45E-14	0.0000000691	81.5	6.24E-15	0.0000000384	119	5.84E-15	0.0000000201	66.8	1E-30	1.0E+10	1.0E+10	1E-30	1.0E+10	1.0E+10	1E-30	1.0E+10	1.0E+10	1E-30	1.0E+10	1.0E+10	1E-30	1.0E+10	1.0E+10	1E-30	1.0E+10	1.0E+10
48	7.54E-14	1E-30	1.0E-10	1.0E+10	0.0000000959	0.17	1.0E+10	1E-30	73400	1.0E+10	0.00000175	53.4	1.0E+10	0.00000266	604	1.0E+10	0.00000552	13100	2.4E-15	0.00000117	268	1.83E-14	0.0000000691	81.5	8.81E-15	0.0000000384	119	8.06E-15	0.0000000201	66.8	1E-30	1.0E+10	1.0E+10	1E-30	1.0E+10	1.0E+10	1E-30	1.0E+10	1.0E+10	1E-30	1.0E+10	1.0E+10	1E-30	1.0E+10	1.0E+10	1E-30	1.0E+10	1.0E+10
49	7.54E-14	1E-30	1.0E-10	1.0E+10	0.0000000959	0.17	1.0E+10	1E-30	73400	1.0E+10	0.00000175	53.4	1.0E+10	0.00000266	604	1.0E+10	0.00000552	13100	2.4E-15	0.00000117	268	1.83E-14	0.0000000691	81.5	8.81E-15	0.0000000384	119	8.06E-15	0.0000000201	66.8	1E-30	1.0E+10	1.0E+10	1E-30	1.0E+10	1.0E+10	1E-30	1.0E+10	1.0E+10	1E-30	1.0E+10	1.0E+10	1E-30	1.0E+10	1.0E+10	1E-30	1.0E+10	1.0E+10
50	8.96E-14	1E-30	1.0E-10	1.0E+10	0.000000107	0.29	1.0E+10	1E-30	54500	1.0E+10	0.00000283	269	1.0E+10	0.0000119	5060	1.0E+10	0.0000117	13200	2.04E-15	0.00000152	1120	5.21E-17	0.0000187	11400	6.31E-17	0.00000467	4950	1.47E-16	0.00000095	1930	7.9E-17	0.00000113	2190	1E-30	1.0E+10	1.0E+10	1E-30	1.0E+10	1.0E+10	1E-30	1.0E+10	1.0E+10	1E-30	1.0E+10	1.0E+10	1E-30	1.0E+10	1.0E+10
51	8.96E-14	1E-30	1.0E-10	1.0E+10	0.000000107	0.29	1.0E+10	1E-30	54500	1.0E+10	0.00000283	269	1.0E+10	0.0000119	5060	1.0E+10	0.0000117	13200	2.04E-15	0.00000152	1120	5.21E-17	0.0000187	11400	6.31E-17	0.00000467	4950	1.47E-16	0.00000095	1930	7.9E-17	0.00000113	2190	1E-30	1.0E+10	1.0E+10	1E-30	1.0E+10	1.0E+10	1E-30	1.0E+10	1.0E+10	1E-30	1.0E+10	1.0E+10	1E-30	1.0E+10	1.0E+10
52	8.17E-14	1E-30	1.0E-10	1.0E+10	0.000000112	0.32	1.0E+10	1E-30	54500	1.0E+10	0.00000296	269	1.0E+10	0.0000122	5060	1.0E+10	0.0000126	9800	2.51E-15	0.00000152	1120	6.87E-17	0.0000187	11400	7.95E-17	0.00000456	4950	1.98E-16	0.000000907	1930	9.72E-17	0.00000105	2190	1E-30	1.0E+10	1.0E+10	1E-30	1.0E+10	1.0E+10	1E-30	1.0E+10	1.0E+10	1E-30	1.0E+10	1.0E+10	1E-30	1.0E+10	1.0E+10
53	8.17E-14	1E-30	1.0E-10	1.0E+10	0.000000112	0.32	1.0E+10	1E-30	54500	1.0E+10	0.00000296	269	1.0E+10	0.0000122	5060	1.0E+10	0.0000126	9800	2.51E-15	0.00000152	1120	6.87E-17	0.0000187	11400	7.95E-17	0.00000456	4950	1.98E-16	0.000000907	1930	9.72E-17	0.00000105	2190	1E-30	1.0E+10	1.0E+10	1E-30	1.0E+10	1.0E+10	1E-30	1.0E+10	1.0E+10	1E-30	1.0E+10	1.0E+10	1E-30	1.0E+10	1.0E+10
54	9.38E-14	1E-30	1.0E-10	1.0E+10	0.000000123	0.32	1.0E+10	1E-30	54500	1.0E+10	0.00000296	269	1.0E+10	0.0000122	5060	1.0E+10	0.0000126	9800	2.51E-15	0.00000152	1120	6.56E-17	0.0000187	11400	7.95E-17	0.00000456	4950	1.98E-16	0.000000907	1930	9.72E-17	0.00000105	2190	1E-30	1.0E+10	1.0E+10	1E-30	1.0E+10	1.0E+10	1E-30	1.0E+10	1.0E+10	1E-30	1.0E+10	1.0E+10	1E-30	1.0E+10	1.0E+10
55	9.38E-14	1E-30	1.0E-10	1.0E+10	0.000000123	0.32	1.0E+10	1E-30	54500	1.0E+10	0.00000296	269	1.0E+10	0.0000122	5060	1.0E+10	0.0000126	9800	2.51E-15	0.00000152	1120	6.56E-17	0.0000187	11400	7.95E-17	0.00000456	4950	1.98E-16	0.000000907	1930	9.72E-17	0.00000105	2190	1E-30	1.0E+10	1.0E+10	1E-30	1.0E+10	1.0E+10	1E-30	1.0E+10	1.0E+10	1E-30	1.0E+10	1.0E+10	1E-30	1.0E+10	1.0E+10
56	8.55E-14	1E-30	1.0E-10	1.0E+10	0.000000135	0.35	1.0E+10	1E-30	54500	1.0E+10	0.0000031	269	1.0E+10	0.0000131	5060	1.0E+10	0.0000126	9800	3.02E-15	0.00000152	1120	8.45E-17	0.0000187	11400	9.13E-17	0.00000456	4950	2.03E-16	0.000000907	1930	1.14E-16	0.00000105	2190	1E-30	1.0E+10	1.0E+10	1E-30	1.0E+10	1.0E+10	1E-30	1.0E+10	1.0E+10	1E-30	1.0E+10	1.0E+10	1E-30	1.0E+10	1.0E+10
57	8.55E-14	1E-30	1.0E-10	1.0E+10	0.000000135	0.35	1.0E+10	1E-30	54500	1.0E+10	0.0000031	269	1.0E+10	0.0000131	5060	1.0E+10	0.0000126	9800	3.02E-15	0.00000152	1120	8.45E-17	0.0000187	11400	9.13E-17	0.00000456	4950	2.03E-16	0.000000907	1930	1.14E-16	0.00000105	2190	1E-30	1.0E+10	1.0E+10	1E-30	1.0E+10	1.0E+10	1E-30	1.0E+10	1.0E+10	1E-30	1.0E+10	1.0E+10	1E-30	1.0E+10	1.0E+10
58	6.13E-14	1E-30	1.0E-10	1.0E+10	0.000000156	0.38	1.0E+10	1E-30	73400	1.0E+10	0.00000464	855	1.0E+10	0.00000638	296	1.0E+10	0.0000108	17700	4.79E-15	0.00000117	330	9.39E-15	0.000000219	258	3.51E-15	0.000000153	474	5.09E-15	0.0000000505	168	3.59E-16	0.000000386	1040	1E-30	1.0E+10	1.0E+10	1E-30	1.0E+10	1.0E+10	1E-30	1.0E+10	1.0E+10	1E-30	1.0E+10	1.0E+10	1E-30	1.0E+10	1.0E+10
59	6.13E-14	1E-30	1.0E-10	1.0E+10	0.000000156	0.38	1.0E+10	1E-30	73400	1.0E+10	0.00000464	855	1.0E+10	0.00000638	296	1.0E+10	0.0000108	17700	4.79E-15	0.00000117	330	9.39E-15	0.000000219	258	3.51E-15	0.000000153	474	5.09E-15	0.0000000505	168	3.59E-16	0.000000386	1040	1E-30	1.0E+10	1.0E+10	1E-30	1.0E+10	1.0E+10	1E-30	1.0E+10	1.0E+10	1E-30	1.0E+10	1.0E+10	1E-30	1.0E+10	1.0E+10
60	8.27E-14	1E-30	1.0E-10	1.0E+10	0.000000167	0.38	1.0E+10	1E-30	73400	1.0E+10	0.00000905	728	1.0E+10	0.00000462	854	1.0E+10	0.0000106	16100	4.79E-15	0.00000117	330	8.56E-15	0.000000219	258	3.43E-15	0.000000153	474	4.97E-15	0.0000000505	168	3.94E-15	0.000000036	97.1	1E-30	1.0E+10	1.0E+10	1E-30	1.0E+10	1.0E+10	1E-30	1.0E+10	1.0E+10	1E-30	1.0E+10	1.0E+10	1E-30	1.0E+10	1.0E+10
61	8.27E-14	1E-30	1.0E-10	1.0E+10	0.000000167	0.38	1.0E+10	1E-30	73400	1.0E+10	0.00000905	728	1.0E+10	0.00000462	854	1.0E+10	0.0000106	16100	4.79E-15	0.00000117	330	8.56E-15	0.000000219	258	3.43E-15	0.000000153	474	4.97E-15	0.0000000505	168	3.94E-15	0.000000036	97.1	1E-30	1.0E+10	1.0E+10	1E-30	1.0E+10	1.0E+10	1E-30	1.0E+10	1.0E+10	1E-30	1.0E+10	1.0E+10	1E-30	1.0E+10	1.0E+10
62	6.13E-14	1E-30	1.0E-10	1.0E+10	0.000000183	0.48	1.0E+10	1E-30	73400	1.0E+10	0.000014	283	1.0E+10	0.00000451	744	1.0E+10	0.0000133	16900	5.5E-15	0.00000117	330	1.13E-14	0.000000219	258	4.03E-15	0.000000153	474	5.58E-15	0.0000000505	168	4.63E-15	0.000000036	97.1	8.35E-16	0.000000121	383	1E-30	1.0E+10	1.0E+10	1E-30	1.0E+10	1.0E+10	1E-30	1.0E+10	1.0E+10	1E-30	1.0E+10	1.0E+10
63	6.13E-14	1E-30	1.0E-10	1.0E+10	0.000000183	0.48	1.0E+10	1E-30	73400	1.0E+10	0.000014	283	1.0E+10	0.00000451	744	1.0E+10	0.0000133	16900	5.5E-15	0.00000117	330	1.13E-14	0.000000219	258	4.03E-15	0.000000153	474	5.58E-15	0.0000000505	168	4.63E-15	0.000000036	97.1	8.35E-16	0.000000121	383	1E-30	1.0E+10	1.0E+10	1E-30	1.0E+10	1.0E+10	1E-30	1.0E+10	1.0E+10	1E-30	1.0E+10	1.0E+10
64	4.54E-14	1E-30	1.0E-10	1.0E+10	0.00000021	0.52	1.0E+10	1E-30	73400	1.0E+10	0.0000207	283	1.0E+10	0.00000506	937	1.0E+10	0.0000167	16900	7.42E-15	0.00000117	208	1.52E-14	0.000000219	163	5.19E-15	0.000000153	238	5.45E-15	0.0000000636	211	5.57E-15	0.000000036	97.1	1.05E-15	0.000000121	383	1E-30	1.0E+10	1.0E+10	1E-30	1.0E+10	1.0E+10	1E-30	1.0E+10	1.0E+10	1E-30	1.0E+10	1.0E+10
65	4.54E-14	1E-30	1.0E-10	1.0E+10	0.00000021	0.52	1.0E+10	1E-30	73400	1.0E+10	0.0000207	283	1.0E+10	0.00000506	937	1.0E+10	0.0000167	16900	7.42E-15	0.00000117	208	1.52E-14	0.000000219	163	5.19E-15	0.000000153	238	5.45E-15	0.0000000636	211	5.57E-15	0.000000036	97.1	1.05E-15	0.000000121	383	1E-30	1.0E+10	1.0E+10	1E-30	1.0E+10	1.0E+10	1E-30	1.0E+10	1.0E+10	1E-30	1.0E+10	1.0E+10
END DSCRDATA
