UNITS MIL,10000;
EDIT proj;
ADD P1 :W0.000000  0.0000,55.1181 0.0000,-55.1181 188.9764,-55.1181 188.9764,47.2441 94.4882,47.2441 94.4882,55.1181;
ADD P1 :W0.000000  188.9764,-47.2441 322.8347,-47.2441 322.8347,47.2441 188.9764,47.2441;
ADD P1 :W0.000000  322.8347,47.2441 322.8347,-47.2441 511.8111,-47.2441 511.8111,43.3071 417.3229,43.3071 417.3229,47.2441;
ADD P1 :W0.000000  322.8347,-47.2441 322.8347,-125.9843 511.8111,-125.9843 511.8111,-47.2441;
ADD P1 :W0.000000  570.8662,-43.3071 657.4804,-43.3071 657.4804,43.3071 570.8662,43.3071;
ADD P1 :W0.000000  0.0000,-55.1181 0.0000,-165.3543 188.9764,-165.3543 188.9764,-55.1181;
ADD P1 :W0.000000  -220.4724,-55.1181 0.0000,-55.1181 0.0000,55.1181 -220.4724,55.1181;
ADD P1 :W0.000000  -259.8425,-66.9291 -259.8425,66.9291 -220.4724,66.9291 -220.4724,-55.1181 -240.1575,-55.1181 -240.1575,-66.9291;
ADD P1 :W0.000000  -259.8425,657.4803 -259.8425,66.9291 -220.4725,66.9291 -220.4725,657.4803;
ADD P1 :W0.000000  -200.7874,677.1654 -200.7873,677.1654 -200.7873,716.5354 -200.7874,716.5354 -205.9344,716.3107 -211.0422,715.6382 -216.0720,714.5231 -220.9854,712.9739 -225.7452,711.0024 -230.3150,708.6235 -234.6600,705.8554 -238.7473,702.7191 -242.5457,699.2386 -246.0262,695.4402 -249.1625,691.3529 -251.9306,687.0079 -254.3095,682.4381 -256.2810,677.6783 -257.8302,672.7649 -258.9453,667.7351 -259.6178,662.6273 -259.8425,657.4803 -259.8425,657.4802 -220.4724,657.4802 -220.4724,657.4803 -220.3975,659.1960 -220.1733,660.8986 -219.8016,662.5752 -219.2852,664.2130 -218.6281,665.7995 -217.8351,667.3228 -216.9124,668.7712 -215.8670,670.1336 -214.7068,671.3997 -213.4407,672.5599 -212.0783,673.6053 -210.6299,674.5280 -209.1066,675.3210 -207.5201,675.9781 -205.8823,676.4945 -204.2057,676.8662 -202.5031,677.0904 -200.7874,677.1653;
ADD P1 :W0.000000  106.2992,716.5354 -200.7874,716.5354 -200.7874,677.1654 106.2992,677.1654;
ADD P1 :W0.000000  106.2992,677.1654 106.2992,755.9055 177.1653,755.9055 177.1653,637.7953 141.7323,637.7953 141.7323,677.1654;
ADD P1 :W0.000000  177.1653,637.7953 295.2755,637.7953 295.2755,755.9055 177.1653,755.9055;
ADD P1 :W0.000000  295.2755,637.7953 295.2755,755.9055 366.1416,755.9055 366.1416,637.7953;
ADD P1 :W0.000000  366.1416,637.7953 484.2518,637.7953 484.2518,755.9055 366.1416,755.9055;
ADD P1 :W0.000000  -370.0787,-66.9291 -259.8425,-66.9291 -259.8425,66.9291 -370.0787,66.9291;
ADD P1 :W0.000000  -574.8031,-59.0551 -370.0787,-59.0551 -370.0787,59.0551 -574.8031,59.0551;
ADD P1 :W0.000000  -960.6299,-177.1654 -811.0236,-177.1654 -811.0236,177.1654 -960.6299,177.1654;
ADD P1 :W0.000000  -1196.8503,-177.1654 -1031.4960,-177.1654 -1031.4960,177.1654 -1196.8503,177.1654;
ADD P1 :W0.000000  -1267.7164,-55.1181 -1267.7164,177.1654 -1196.8503,177.1654 -1196.8503,-177.1654 -1232.2833,-177.1654 -1232.2833,-55.1181;
ADD P1 :W0.000000  -1456.6928,-55.1181 -1267.7164,-55.1181 -1267.7164,55.1181 -1456.6928,55.1181;
ADD P1 :W0.000000  -1622.0471,-47.2441 -1456.6928,-47.2441 -1456.6928,47.2441 -1622.0471,47.2441;
ADD P1 :W0.000000  -1925.1967,-78.7402 -1681.1022,-78.7402 -1681.1022,78.7402 -1925.1967,78.7402;
ADD P1 :W0.000000  -1267.7164,665.3544 -1267.7164,177.1654 -1196.8502,177.1654 -1196.8502,665.3544;
ADD P1 :W0.000000  -1267.7164,665.3544 -1267.7164,665.3543 -1196.8502,665.3543 -1196.8502,665.3544 -1197.2547,674.6190 -1198.4651,683.8131 -1200.4723,692.8667 -1203.2608,701.7109 -1206.8096,710.2784 -1211.0916,718.5040 -1216.0742,726.3251 -1221.7195,733.6822 -1227.9845,740.5193 -1234.8216,746.7843 -1242.1787,752.4296 -1249.9998,757.4122 -1258.2254,761.6942 -1266.7929,765.2430 -1275.6371,768.0315 -1284.6907,770.0387 -1293.8848,771.2491 -1303.1494,771.6536 -1303.1495,771.6536 -1303.1495,700.7875 -1303.1494,700.7875 -1300.0612,700.6527 -1296.9965,700.2492 -1293.9786,699.5801 -1291.0306,698.6506 -1288.1747,697.4677 -1285.4329,696.0404 -1282.8258,694.3795 -1280.3734,692.4977 -1278.0944,690.4094 -1276.0061,688.1304 -1274.1243,685.6780 -1272.4634,683.0710 -1271.0361,680.3291 -1269.8532,677.4732 -1268.9237,674.5252 -1268.2546,671.5073 -1267.8511,668.4426 -1267.7163,665.3544;
ADD P1 :W0.000000  -1303.1494,771.6536 -1543.3069,771.6536 -1543.3069,700.7874 -1303.1494,700.7874;
ADD P1 :W0.000000  -1614.1730,696.8504 -1614.1730,775.5906 -1543.3069,775.5906 -1543.3069,700.7874 -1578.7399,700.7874 -1578.7399,696.8504;
ADD P1 :W0.000000  -1614.1730,775.5906 -1732.2832,775.5906 -1732.2832,696.8504 -1614.1730,696.8504;
ADD P1 :W0.000000  -1803.1493,696.8504 -1803.1493,775.5906 -1732.2832,775.5906 -1732.2832,696.8504;
ADD P1 :W0.000000  -1803.1493,775.5906 -1921.2595,775.5906 -1921.2595,696.8504 -1803.1493,696.8504;
ADD P1 :W0.000000  67.3416,870.3378 556.9947,870.3378 556.9947,1122.9142 67.3416,1122.9142;
  BEGIN_ASSOC
    ADD N1 :F1.000000 :R0 :T12345 'net=P18' 0.00, 0.00;
  END_ASSOC
ADD P1 :W0.000000  -1876.8135,895.5926 -1332.0924,895.5926 -1332.0924,1148.1690 -1876.8135,1148.1690;
  BEGIN_ASSOC
    ADD N1 :F1.000000 :R0 :T12345 'net=P6' 0.00, 0.00;
  END_ASSOC
ADD P5 :W0.000000  200.5554,937.6378 200.3995,941.2093 199.9328,944.7537 199.1591,948.2439 198.0841,951.6534 196.7160,954.9562 195.0653,958.1272 193.1445,961.1423 190.9682,963.9785 188.5530,966.6142 185.9173,969.0294 183.0811,971.2057 180.0660,973.1265 176.8950,974.7772 173.5922,976.1453 170.1827,977.2203 166.6925,977.9940 163.1481,978.4607 159.5766,978.6166 156.0051,978.4607 152.4607,977.9940 148.9705,977.2203 145.5610,976.1453 142.2582,974.7772 139.0872,973.1265 136.0721,971.2057 133.2359,969.0294 130.6002,966.6142 128.1850,963.9785 126.0087,961.1423 124.0879,958.1272 122.4372,954.9562 121.0691,951.6534 119.9941,948.2439 119.2204,944.7537 118.7537,941.2093 118.5978,937.6378 118.7537,934.0663 119.2204,930.5219 119.9941,927.0317 121.0691,923.6222 122.4372,920.3194 124.0879,917.1484 126.0087,914.1333 128.1850,911.2971 130.6002,908.6614 133.2359,906.2462 136.0721,904.0699 139.0872,902.1491 142.2582,900.4984 145.5610,899.1303 148.9705,898.0553 152.4607,897.2816 156.0051,896.8149 159.5766,896.6590 163.1481,896.8149 166.6925,897.2816 170.1827,898.0553 173.5922,899.1303 176.8950,900.4984 180.0660,902.1491 183.0811,904.0699 185.9173,906.2462 188.5530,908.6614 190.9682,911.2971 193.1445,914.1333 195.0653,917.1484 196.7160,920.3194 198.0841,923.6222 199.1591,927.0317 199.9328,930.5219 200.3995,934.0663 200.5554,937.6378;
  BEGIN_ASSOC
    ADD N5 :F1.000000 :R0 :T12345 'net=P18' 0.00, 0.00;
  END_ASSOC
ADD P5 :W0.000000  200.5554,1037.6378 200.3995,1041.2093 199.9328,1044.7537 199.1591,1048.2439 198.0841,1051.6534 196.7160,1054.9562 195.0653,1058.1272 193.1445,1061.1423 190.9682,1063.9785 188.5530,1066.6142 185.9173,1069.0294 183.0811,1071.2057 180.0660,1073.1265 176.8950,1074.7772 173.5922,1076.1453 170.1827,1077.2203 166.6925,1077.9940 163.1481,1078.4607 159.5766,1078.6166 156.0051,1078.4607 152.4607,1077.9940 148.9705,1077.2203 145.5610,1076.1453 142.2582,1074.7772 139.0872,1073.1265 136.0721,1071.2057 133.2359,1069.0294 130.6002,1066.6142 128.1850,1063.9785 126.0087,1061.1423 124.0879,1058.1272 122.4372,1054.9562 121.0691,1051.6534 119.9941,1048.2439 119.2204,1044.7537 118.7537,1041.2093 118.5978,1037.6378 118.7537,1034.0663 119.2204,1030.5219 119.9941,1027.0317 121.0691,1023.6222 122.4372,1020.3194 124.0879,1017.1484 126.0087,1014.1333 128.1850,1011.2971 130.6002,1008.6614 133.2359,1006.2462 136.0721,1004.0699 139.0872,1002.1491 142.2582,1000.4984 145.5610,999.1303 148.9705,998.0553 152.4607,997.2816 156.0051,996.8149 159.5766,996.6590 163.1481,996.8149 166.6925,997.2816 170.1827,998.0553 173.5922,999.1303 176.8950,1000.4984 180.0660,1002.1491 183.0811,1004.0699 185.9173,1006.2462 188.5530,1008.6614 190.9682,1011.2971 193.1445,1014.1333 195.0653,1017.1484 196.7160,1020.3194 198.0841,1023.6222 199.1591,1027.0317 199.9328,1030.5219 200.3995,1034.0663 200.5554,1037.6378;
  BEGIN_ASSOC
    ADD N5 :F1.000000 :R0 :T12345 'net=P18' 0.00, 0.00;
  END_ASSOC
ADD P5 :W0.000000  380.5554,1037.6378 380.3995,1041.2093 379.9328,1044.7537 379.1591,1048.2439 378.0841,1051.6534 376.7160,1054.9562 375.0653,1058.1272 373.1445,1061.1423 370.9682,1063.9785 368.5530,1066.6142 365.9173,1069.0294 363.0811,1071.2057 360.0660,1073.1265 356.8950,1074.7772 353.5922,1076.1453 350.1827,1077.2203 346.6925,1077.9940 343.1481,1078.4607 339.5766,1078.6166 336.0051,1078.4607 332.4607,1077.9940 328.9705,1077.2203 325.5610,1076.1453 322.2582,1074.7772 319.0872,1073.1265 316.0721,1071.2057 313.2359,1069.0294 310.6002,1066.6142 308.1850,1063.9785 306.0087,1061.1423 304.0879,1058.1272 302.4372,1054.9562 301.0691,1051.6534 299.9941,1048.2439 299.2204,1044.7537 298.7537,1041.2093 298.5978,1037.6378 298.7537,1034.0663 299.2204,1030.5219 299.9941,1027.0317 301.0691,1023.6222 302.4372,1020.3194 304.0879,1017.1484 306.0087,1014.1333 308.1850,1011.2971 310.6002,1008.6614 313.2359,1006.2462 316.0721,1004.0699 319.0872,1002.1491 322.2582,1000.4984 325.5610,999.1303 328.9705,998.0553 332.4607,997.2816 336.0051,996.8149 339.5766,996.6590 343.1481,996.8149 346.6925,997.2816 350.1827,998.0553 353.5922,999.1303 356.8950,1000.4984 360.0660,1002.1491 363.0811,1004.0699 365.9173,1006.2462 368.5530,1008.6614 370.9682,1011.2971 373.1445,1014.1333 375.0653,1017.1484 376.7160,1020.3194 378.0841,1023.6222 379.1591,1027.0317 379.9328,1030.5219 380.3995,1034.0663 380.5554,1037.6378;
  BEGIN_ASSOC
    ADD N5 :F1.000000 :R0 :T12345 'net=P18' 0.00, 0.00;
  END_ASSOC
ADD P5 :W0.000000  380.5554,937.6378 380.3995,941.2093 379.9328,944.7537 379.1591,948.2439 378.0841,951.6534 376.7160,954.9562 375.0653,958.1272 373.1445,961.1423 370.9682,963.9785 368.5530,966.6142 365.9173,969.0294 363.0811,971.2057 360.0660,973.1265 356.8950,974.7772 353.5922,976.1453 350.1827,977.2203 346.6925,977.9940 343.1481,978.4607 339.5766,978.6166 336.0051,978.4607 332.4607,977.9940 328.9705,977.2203 325.5610,976.1453 322.2582,974.7772 319.0872,973.1265 316.0721,971.2057 313.2359,969.0294 310.6002,966.6142 308.1850,963.9785 306.0087,961.1423 304.0879,958.1272 302.4372,954.9562 301.0691,951.6534 299.9941,948.2439 299.2204,944.7537 298.7537,941.2093 298.5978,937.6378 298.7537,934.0663 299.2204,930.5219 299.9941,927.0317 301.0691,923.6222 302.4372,920.3194 304.0879,917.1484 306.0087,914.1333 308.1850,911.2971 310.6002,908.6614 313.2359,906.2462 316.0721,904.0699 319.0872,902.1491 322.2582,900.4984 325.5610,899.1303 328.9705,898.0553 332.4607,897.2816 336.0051,896.8149 339.5766,896.6590 343.1481,896.8149 346.6925,897.2816 350.1827,898.0553 353.5922,899.1303 356.8950,900.4984 360.0660,902.1491 363.0811,904.0699 365.9173,906.2462 368.5530,908.6614 370.9682,911.2971 373.1445,914.1333 375.0653,917.1484 376.7160,920.3194 378.0841,923.6222 379.1591,927.0317 379.9328,930.5219 380.3995,934.0663 380.5554,937.6378;
  BEGIN_ASSOC
    ADD N5 :F1.000000 :R0 :T12345 'net=P18' 0.00, 0.00;
  END_ASSOC
ADD P5 :W0.000000  -1563.5997,962.8926 -1563.7556,966.4641 -1564.2223,970.0085 -1564.9960,973.4987 -1566.0710,976.9082 -1567.4391,980.2110 -1569.0898,983.3820 -1571.0106,986.3971 -1573.1869,989.2333 -1575.6021,991.8690 -1578.2378,994.2842 -1581.0740,996.4605 -1584.0891,998.3813 -1587.2601,1000.0320 -1590.5629,1001.4001 -1593.9724,1002.4751 -1597.4626,1003.2488 -1601.0070,1003.7155 -1604.5785,1003.8714 -1608.1500,1003.7155 -1611.6944,1003.2488 -1615.1846,1002.4751 -1618.5941,1001.4001 -1621.8969,1000.0320 -1625.0679,998.3813 -1628.0830,996.4605 -1630.9192,994.2842 -1633.5549,991.8690 -1635.9701,989.2333 -1638.1464,986.3971 -1640.0672,983.3820 -1641.7179,980.2110 -1643.0860,976.9082 -1644.1610,973.4987 -1644.9347,970.0085 -1645.4014,966.4641 -1645.5573,962.8926 -1645.4014,959.3211 -1644.9347,955.7767 -1644.1610,952.2865 -1643.0860,948.8770 -1641.7179,945.5742 -1640.0672,942.4032 -1638.1464,939.3881 -1635.9701,936.5519 -1633.5549,933.9162 -1630.9192,931.5010 -1628.0830,929.3247 -1625.0679,927.4039 -1621.8969,925.7532 -1618.5941,924.3851 -1615.1846,923.3101 -1611.6944,922.5364 -1608.1500,922.0697 -1604.5785,921.9138 -1601.0070,922.0697 -1597.4626,922.5364 -1593.9724,923.3101 -1590.5629,924.3851 -1587.2601,925.7532 -1584.0891,927.4039 -1581.0740,929.3247 -1578.2378,931.5010 -1575.6021,933.9162 -1573.1869,936.5519 -1571.0106,939.3881 -1569.0898,942.4032 -1567.4391,945.5742 -1566.0710,948.8770 -1564.9960,952.2865 -1564.2223,955.7767 -1563.7556,959.3211 -1563.5997,962.8926;
  BEGIN_ASSOC
    ADD N5 :F1.000000 :R0 :T12345 'net=P6' 0.00, 0.00;
  END_ASSOC
ADD P5 :W0.000000  -1743.5997,962.8926 -1743.7556,966.4641 -1744.2223,970.0085 -1744.9960,973.4987 -1746.0710,976.9082 -1747.4391,980.2110 -1749.0898,983.3820 -1751.0106,986.3971 -1753.1869,989.2333 -1755.6021,991.8690 -1758.2378,994.2842 -1761.0740,996.4605 -1764.0891,998.3813 -1767.2601,1000.0320 -1770.5629,1001.4001 -1773.9724,1002.4751 -1777.4626,1003.2488 -1781.0070,1003.7155 -1784.5785,1003.8714 -1788.1500,1003.7155 -1791.6944,1003.2488 -1795.1846,1002.4751 -1798.5941,1001.4001 -1801.8969,1000.0320 -1805.0679,998.3813 -1808.0830,996.4605 -1810.9192,994.2842 -1813.5549,991.8690 -1815.9701,989.2333 -1818.1464,986.3971 -1820.0672,983.3820 -1821.7179,980.2110 -1823.0860,976.9082 -1824.1610,973.4987 -1824.9347,970.0085 -1825.4014,966.4641 -1825.5573,962.8926 -1825.4014,959.3211 -1824.9347,955.7767 -1824.1610,952.2865 -1823.0860,948.8770 -1821.7179,945.5742 -1820.0672,942.4032 -1818.1464,939.3881 -1815.9701,936.5519 -1813.5549,933.9162 -1810.9192,931.5010 -1808.0830,929.3247 -1805.0679,927.4039 -1801.8969,925.7532 -1798.5941,924.3851 -1795.1846,923.3101 -1791.6944,922.5364 -1788.1500,922.0697 -1784.5785,921.9138 -1781.0070,922.0697 -1777.4626,922.5364 -1773.9724,923.3101 -1770.5629,924.3851 -1767.2601,925.7532 -1764.0891,927.4039 -1761.0740,929.3247 -1758.2378,931.5010 -1755.6021,933.9162 -1753.1869,936.5519 -1751.0106,939.3881 -1749.0898,942.4032 -1747.4391,945.5742 -1746.0710,948.8770 -1744.9960,952.2865 -1744.2223,955.7767 -1743.7556,959.3211 -1743.5997,962.8926;
  BEGIN_ASSOC
    ADD N5 :F1.000000 :R0 :T12345 'net=P6' 0.00, 0.00;
  END_ASSOC
ADD P5 :W0.000000  -1563.5997,1062.8926 -1563.7556,1066.4641 -1564.2223,1070.0085 -1564.9960,1073.4987 -1566.0710,1076.9082 -1567.4391,1080.2110 -1569.0898,1083.3820 -1571.0106,1086.3971 -1573.1869,1089.2333 -1575.6021,1091.8690 -1578.2378,1094.2842 -1581.0740,1096.4605 -1584.0891,1098.3813 -1587.2601,1100.0320 -1590.5629,1101.4001 -1593.9724,1102.4751 -1597.4626,1103.2488 -1601.0070,1103.7155 -1604.5785,1103.8714 -1608.1500,1103.7155 -1611.6944,1103.2488 -1615.1846,1102.4751 -1618.5941,1101.4001 -1621.8969,1100.0320 -1625.0679,1098.3813 -1628.0830,1096.4605 -1630.9192,1094.2842 -1633.5549,1091.8690 -1635.9701,1089.2333 -1638.1464,1086.3971 -1640.0672,1083.3820 -1641.7179,1080.2110 -1643.0860,1076.9082 -1644.1610,1073.4987 -1644.9347,1070.0085 -1645.4014,1066.4641 -1645.5573,1062.8926 -1645.4014,1059.3211 -1644.9347,1055.7767 -1644.1610,1052.2865 -1643.0860,1048.8770 -1641.7179,1045.5742 -1640.0672,1042.4032 -1638.1464,1039.3881 -1635.9701,1036.5519 -1633.5549,1033.9162 -1630.9192,1031.5010 -1628.0830,1029.3247 -1625.0679,1027.4039 -1621.8969,1025.7532 -1618.5941,1024.3851 -1615.1846,1023.3101 -1611.6944,1022.5364 -1608.1500,1022.0697 -1604.5785,1021.9138 -1601.0070,1022.0697 -1597.4626,1022.5364 -1593.9724,1023.3101 -1590.5629,1024.3851 -1587.2601,1025.7532 -1584.0891,1027.4039 -1581.0740,1029.3247 -1578.2378,1031.5010 -1575.6021,1033.9162 -1573.1869,1036.5519 -1571.0106,1039.3881 -1569.0898,1042.4032 -1567.4391,1045.5742 -1566.0710,1048.8770 -1564.9960,1052.2865 -1564.2223,1055.7767 -1563.7556,1059.3211 -1563.5997,1062.8926;
  BEGIN_ASSOC
    ADD N5 :F1.000000 :R0 :T12345 'net=P6' 0.00, 0.00;
  END_ASSOC
ADD P5 :W0.000000  -1743.5997,1062.8926 -1743.7556,1066.4641 -1744.2223,1070.0085 -1744.9960,1073.4987 -1746.0710,1076.9082 -1747.4391,1080.2110 -1749.0898,1083.3820 -1751.0106,1086.3971 -1753.1869,1089.2333 -1755.6021,1091.8690 -1758.2378,1094.2842 -1761.0740,1096.4605 -1764.0891,1098.3813 -1767.2601,1100.0320 -1770.5629,1101.4001 -1773.9724,1102.4751 -1777.4626,1103.2488 -1781.0070,1103.7155 -1784.5785,1103.8714 -1788.1500,1103.7155 -1791.6944,1103.2488 -1795.1846,1102.4751 -1798.5941,1101.4001 -1801.8969,1100.0320 -1805.0679,1098.3813 -1808.0830,1096.4605 -1810.9192,1094.2842 -1813.5549,1091.8690 -1815.9701,1089.2333 -1818.1464,1086.3971 -1820.0672,1083.3820 -1821.7179,1080.2110 -1823.0860,1076.9082 -1824.1610,1073.4987 -1824.9347,1070.0085 -1825.4014,1066.4641 -1825.5573,1062.8926 -1825.4014,1059.3211 -1824.9347,1055.7767 -1824.1610,1052.2865 -1823.0860,1048.8770 -1821.7179,1045.5742 -1820.0672,1042.4032 -1818.1464,1039.3881 -1815.9701,1036.5519 -1813.5549,1033.9162 -1810.9192,1031.5010 -1808.0830,1029.3247 -1805.0679,1027.4039 -1801.8969,1025.7532 -1798.5941,1024.3851 -1795.1846,1023.3101 -1791.6944,1022.5364 -1788.1500,1022.0697 -1784.5785,1021.9138 -1781.0070,1022.0697 -1777.4626,1022.5364 -1773.9724,1023.3101 -1770.5629,1024.3851 -1767.2601,1025.7532 -1764.0891,1027.4039 -1761.0740,1029.3247 -1758.2378,1031.5010 -1755.6021,1033.9162 -1753.1869,1036.5519 -1751.0106,1039.3881 -1749.0898,1042.4032 -1747.4391,1045.5742 -1746.0710,1048.8770 -1744.9960,1052.2865 -1744.2223,1055.7767 -1743.7556,1059.3211 -1743.5997,1062.8926;
  BEGIN_ASSOC
    ADD N5 :F1.000000 :R0 :T12345 'net=P6' 0.00, 0.00;
  END_ASSOC
SAVE;
