UNITS MM,10000;
EDIT proj;
ADD P1 :W0.000000  0.0000,-1.0000 3.0000,-1.0000 3.0000,1.0000 0.0000,1.0000;
ADD P1 :W0.000000  4.2000,-1.0000 4.2000,1.0000 3.0000,1.0000 3.0000,-1.0000;
ADD P1 :W0.000000  4.2000,-1.0000 7.2000,-1.0000 7.2000,1.0000 4.2000,1.0000;
ADD P1 :W0.000000  8.4000,-0.9000 8.4000,1.0000 7.2000,1.0000 7.2000,-1.0000 7.8000,-1.0000 7.8000,-0.9000;
ADD P1 :W0.000000  10.2000,-0.9000 12.2000,-0.9000 12.2000,0.9000 10.2000,0.9000;
ADD P1 :W0.000000  13.1000,-1.8000 13.1000,-1.8001 14.9000,-1.8001 14.9000,-1.8000 14.8897,-1.5647 14.8590,-1.3311 14.8080,-1.1012 14.7372,-0.8765 14.6470,-0.6589 14.5383,-0.4500 14.4117,-0.2513 14.2683,-0.0645 14.1092,0.1092 13.9355,0.2683 13.7487,0.4117 13.5500,0.5383 13.3411,0.6470 13.1235,0.7372 12.8988,0.8080 12.6689,0.8590 12.4353,0.8897 12.2000,0.9000 12.1999,0.9000 12.1999,-0.9000 12.2000,-0.9000 12.2784,-0.9034 12.3563,-0.9137 12.4329,-0.9307 12.5078,-0.9543 12.5804,-0.9843 12.6500,-1.0206 12.7162,-1.0628 12.7785,-1.1106 12.8364,-1.1636 12.8894,-1.2215 12.9372,-1.2838 12.9794,-1.3500 13.0157,-1.4196 13.0457,-1.4922 13.0693,-1.5671 13.0863,-1.6437 13.0966,-1.7216;
ADD P1 :W0.000000  13.1000,-1.8000 13.1000,-9.8000 14.9000,-9.8000 14.9000,-1.8000;
ADD P1 :W0.000000  14.9000,-17.8000 14.9000,-9.8000 13.1000,-9.8000 13.1000,-15.2000 14.0000,-15.2000 14.0000,-17.8000;
ADD P1 :W0.000000  14.9000,-17.8000 17.9000,-17.8000 17.9000,-9.8000 14.9000,-9.8000;
ADD P1 :W0.000000  19.7000,-17.8000 23.9000,-17.8000 23.9000,-9.8000 19.7000,-9.8000;
ADD P1 :W0.000000  29.9000,-15.1000 34.5000,-15.1000 34.5000,-12.5000 29.9000,-12.5000;
ADD P1 :W0.000000  34.5000,-15.9000 37.3000,-15.9000 37.3000,-11.7000 34.5000,-11.7000;
ADD P1 :W0.000000  38.3000,-15.1000 38.3000,-11.7000 37.3000,-11.7000 37.3000,-15.9000 37.8000,-15.9000 37.8000,-15.1000;
ADD P1 :W0.000000  38.3000,-15.1000 43.3000,-15.1000 43.3000,-12.5000 38.3000,-12.5000;
ADD P1 :W0.000000  43.3000,-12.5000 43.3000,-15.1000 47.5000,-15.1000 47.5000,-12.8000 45.4000,-12.8000 45.4000,-12.5000;
ADD P1 :W0.000000  43.3000,-15.1000 43.3000,-18.3000 47.5000,-18.3000 47.5000,-15.1000;
ADD P1 :W0.000000  47.5000,-14.8000 53.5000,-14.8000 53.5000,-12.8000 47.5000,-12.8000;
ADD P1 :W0.000000  53.5000,-12.8000 53.5000,-14.8000 58.3000,-14.8000 58.3000,-12.8000;
ADD P1 :W0.000000  53.5000,-14.8000 53.5000,-16.2000 58.3000,-16.2000 58.3000,-14.8000;
ADD P1 :W0.000000  59.8000,-14.8000 62.8000,-14.8000 62.8000,-12.8000 59.8000,-12.8000;
ADD P1 :W0.000000  37.3000,3.3000 37.3000,-11.7000 38.3000,-11.7000 38.3000,3.3000;
ADD P1 :W0.000000  38.8000,3.8000 38.8001,3.8000 38.8001,4.8000 38.8000,4.8000 38.6693,4.7943 38.5395,4.7772 38.4118,4.7489 38.2870,4.7095 38.1661,4.6595 38.0500,4.5990 37.9396,4.5287 37.8358,4.4491 37.7393,4.3607 37.6509,4.2642 37.5713,4.1604 37.5010,4.0500 37.4405,3.9339 37.3905,3.8130 37.3511,3.6882 37.3228,3.5605 37.3057,3.4307 37.3000,3.3000 37.3000,3.2999 38.3000,3.2999 38.3000,3.3000 38.3019,3.3436 38.3076,3.3868 38.3170,3.4294 38.3302,3.4710 38.3468,3.5113 38.3670,3.5500 38.3904,3.5868 38.4170,3.6214 38.4464,3.6536 38.4786,3.6830 38.5132,3.7096 38.5500,3.7330 38.5887,3.7532 38.6290,3.7698 38.6706,3.7830 38.7132,3.7924 38.7564,3.7981;
ADD P1 :W0.000000  46.4000,4.8000 38.8000,4.8000 38.8000,3.8000 46.4000,3.8000;
ADD P1 :W0.000000  47.6000,2.8000 47.6000,5.8000 46.4000,5.8000 46.4000,2.8000;
ADD P1 :W0.000000  49.6000,5.8000 47.6000,5.8000 47.6000,2.8000 49.6000,2.8000;
ADD P1 :W0.000000  50.8000,2.8000 50.8000,5.8000 49.6000,5.8000 49.6000,2.8000;
ADD P1 :W0.000000  53.8000,5.8000 50.8000,5.8000 50.8000,2.8000 53.8000,2.8000;
ADD P1 :W0.000000  10.5000,-15.2000 13.1000,-15.2000 13.1000,-12.4000 10.5000,-12.4000;
ADD P1 :W0.000000  3.5000,-15.0000 10.5000,-15.0000 10.5000,-12.6000 3.5000,-12.6000;
ADD P1 :W0.000000  -4.0000,-15.3000 2.0000,-15.3000 2.0000,-12.3000 -4.0000,-12.3000;
ADD P1 :W0.000000  45.6000,7.9000 51.9000,7.9000 51.9000,10.9000 45.6000,10.9000;
  BEGIN_ASSOC
    ADD N1 :F1.000000 :R0 :T12345 'net=N__43' 0.00, 0.00;
  END_ASSOC
ADD P1 :W0.000000  2.3000,2.7000 8.6000,2.7000 8.6000,5.7000 2.3000,5.7000;
  BEGIN_ASSOC
    ADD N1 :F1.000000 :R0 :T12345 'net=N__44' 0.00, 0.00;
  END_ASSOC
ADD P5 :W0.000000  47.0000,10.2000 46.9981,10.2436 46.9924,10.2868 46.9830,10.3294 46.9698,10.3710 46.9532,10.4113 46.9330,10.4500 46.9096,10.4868 46.8830,10.5214 46.8536,10.5536 46.8214,10.5830 46.7868,10.6096 46.7500,10.6330 46.7113,10.6532 46.6710,10.6698 46.6294,10.6830 46.5868,10.6924 46.5436,10.6981 46.5000,10.7000 46.4564,10.6981 46.4132,10.6924 46.3706,10.6830 46.3290,10.6698 46.2887,10.6532 46.2500,10.6330 46.2132,10.6096 46.1786,10.5830 46.1464,10.5536 46.1170,10.5214 46.0904,10.4868 46.0670,10.4500 46.0468,10.4113 46.0302,10.3710 46.0170,10.3294 46.0076,10.2868 46.0019,10.2436 46.0000,10.2000 46.0019,10.1564 46.0076,10.1132 46.0170,10.0706 46.0302,10.0290 46.0468,9.9887 46.0670,9.9500 46.0904,9.9132 46.1170,9.8786 46.1464,9.8464 46.1786,9.8170 46.2132,9.7904 46.2500,9.7670 46.2887,9.7468 46.3290,9.7302 46.3706,9.7170 46.4132,9.7076 46.4564,9.7019 46.5000,9.7000 46.5436,9.7019 46.5868,9.7076 46.6294,9.7170 46.6710,9.7302 46.7113,9.7468 46.7500,9.7670 46.7868,9.7904 46.8214,9.8170 46.8536,9.8464 46.8830,9.8786 46.9096,9.9132 46.9330,9.9500 46.9532,9.9887 46.9698,10.0290 46.9830,10.0706 46.9924,10.1132 46.9981,10.1564 47.0000,10.2000;
  BEGIN_ASSOC
    ADD N5 :F1.000000 :R0 :T12345 'net=N__43' 0.00, 0.00;
  END_ASSOC
ADD P5 :W0.000000  47.0000,8.9000 46.9981,8.9436 46.9924,8.9868 46.9830,9.0294 46.9698,9.0710 46.9532,9.1113 46.9330,9.1500 46.9096,9.1868 46.8830,9.2214 46.8536,9.2536 46.8214,9.2830 46.7868,9.3096 46.7500,9.3330 46.7113,9.3532 46.6710,9.3698 46.6294,9.3830 46.5868,9.3924 46.5436,9.3981 46.5000,9.4000 46.4564,9.3981 46.4132,9.3924 46.3706,9.3830 46.3290,9.3698 46.2887,9.3532 46.2500,9.3330 46.2132,9.3096 46.1786,9.2830 46.1464,9.2536 46.1170,9.2214 46.0904,9.1868 46.0670,9.1500 46.0468,9.1113 46.0302,9.0710 46.0170,9.0294 46.0076,8.9868 46.0019,8.9436 46.0000,8.9000 46.0019,8.8564 46.0076,8.8132 46.0170,8.7706 46.0302,8.7290 46.0468,8.6887 46.0670,8.6500 46.0904,8.6132 46.1170,8.5786 46.1464,8.5464 46.1786,8.5170 46.2132,8.4904 46.2500,8.4670 46.2887,8.4468 46.3290,8.4302 46.3706,8.4170 46.4132,8.4076 46.4564,8.4019 46.5000,8.4000 46.5436,8.4019 46.5868,8.4076 46.6294,8.4170 46.6710,8.4302 46.7113,8.4468 46.7500,8.4670 46.7868,8.4904 46.8214,8.5170 46.8536,8.5464 46.8830,8.5786 46.9096,8.6132 46.9330,8.6500 46.9532,8.6887 46.9698,8.7290 46.9830,8.7706 46.9924,8.8132 46.9981,8.8564 47.0000,8.9000;
  BEGIN_ASSOC
    ADD N5 :F1.000000 :R0 :T12345 'net=N__43' 0.00, 0.00;
  END_ASSOC
ADD P5 :W0.000000  51.0000,10.1000 50.9981,10.1436 50.9924,10.1868 50.9830,10.2294 50.9698,10.2710 50.9532,10.3113 50.9330,10.3500 50.9096,10.3868 50.8830,10.4214 50.8536,10.4536 50.8214,10.4830 50.7868,10.5096 50.7500,10.5330 50.7113,10.5532 50.6710,10.5698 50.6294,10.5830 50.5868,10.5924 50.5436,10.5981 50.5000,10.6000 50.4564,10.5981 50.4132,10.5924 50.3706,10.5830 50.3290,10.5698 50.2887,10.5532 50.2500,10.5330 50.2132,10.5096 50.1786,10.4830 50.1464,10.4536 50.1170,10.4214 50.0904,10.3868 50.0670,10.3500 50.0468,10.3113 50.0302,10.2710 50.0170,10.2294 50.0076,10.1868 50.0019,10.1436 50.0000,10.1000 50.0019,10.0564 50.0076,10.0132 50.0170,9.9706 50.0302,9.9290 50.0468,9.8887 50.0670,9.8500 50.0904,9.8132 50.1170,9.7786 50.1464,9.7464 50.1786,9.7170 50.2132,9.6904 50.2500,9.6670 50.2887,9.6468 50.3290,9.6302 50.3706,9.6170 50.4132,9.6076 50.4564,9.6019 50.5000,9.6000 50.5436,9.6019 50.5868,9.6076 50.6294,9.6170 50.6710,9.6302 50.7113,9.6468 50.7500,9.6670 50.7868,9.6904 50.8214,9.7170 50.8536,9.7464 50.8830,9.7786 50.9096,9.8132 50.9330,9.8500 50.9532,9.8887 50.9698,9.9290 50.9830,9.9706 50.9924,10.0132 50.9981,10.0564 51.0000,10.1000;
  BEGIN_ASSOC
    ADD N5 :F1.000000 :R0 :T12345 'net=N__43' 0.00, 0.00;
  END_ASSOC
ADD P5 :W0.000000  49.2000,10.2000 49.1981,10.2436 49.1924,10.2868 49.1830,10.3294 49.1698,10.3710 49.1532,10.4113 49.1330,10.4500 49.1096,10.4868 49.0830,10.5214 49.0536,10.5536 49.0214,10.5830 48.9868,10.6096 48.9500,10.6330 48.9113,10.6532 48.8710,10.6698 48.8294,10.6830 48.7868,10.6924 48.7436,10.6981 48.7000,10.7000 48.6564,10.6981 48.6132,10.6924 48.5706,10.6830 48.5290,10.6698 48.4887,10.6532 48.4500,10.6330 48.4132,10.6096 48.3786,10.5830 48.3464,10.5536 48.3170,10.5214 48.2904,10.4868 48.2670,10.4500 48.2468,10.4113 48.2302,10.3710 48.2170,10.3294 48.2076,10.2868 48.2019,10.2436 48.2000,10.2000 48.2019,10.1564 48.2076,10.1132 48.2170,10.0706 48.2302,10.0290 48.2468,9.9887 48.2670,9.9500 48.2904,9.9132 48.3170,9.8786 48.3464,9.8464 48.3786,9.8170 48.4132,9.7904 48.4500,9.7670 48.4887,9.7468 48.5290,9.7302 48.5706,9.7170 48.6132,9.7076 48.6564,9.7019 48.7000,9.7000 48.7436,9.7019 48.7868,9.7076 48.8294,9.7170 48.8710,9.7302 48.9113,9.7468 48.9500,9.7670 48.9868,9.7904 49.0214,9.8170 49.0536,9.8464 49.0830,9.8786 49.1096,9.9132 49.1330,9.9500 49.1532,9.9887 49.1698,10.0290 49.1830,10.0706 49.1924,10.1132 49.1981,10.1564 49.2000,10.2000;
  BEGIN_ASSOC
    ADD N5 :F1.000000 :R0 :T12345 'net=N__43' 0.00, 0.00;
  END_ASSOC
ADD P5 :W0.000000  49.2000,8.8000 49.1981,8.8436 49.1924,8.8868 49.1830,8.9294 49.1698,8.9710 49.1532,9.0113 49.1330,9.0500 49.1096,9.0868 49.0830,9.1214 49.0536,9.1536 49.0214,9.1830 48.9868,9.2096 48.9500,9.2330 48.9113,9.2532 48.8710,9.2698 48.8294,9.2830 48.7868,9.2924 48.7436,9.2981 48.7000,9.3000 48.6564,9.2981 48.6132,9.2924 48.5706,9.2830 48.5290,9.2698 48.4887,9.2532 48.4500,9.2330 48.4132,9.2096 48.3786,9.1830 48.3464,9.1536 48.3170,9.1214 48.2904,9.0868 48.2670,9.0500 48.2468,9.0113 48.2302,8.9710 48.2170,8.9294 48.2076,8.8868 48.2019,8.8436 48.2000,8.8000 48.2019,8.7564 48.2076,8.7132 48.2170,8.6706 48.2302,8.6290 48.2468,8.5887 48.2670,8.5500 48.2904,8.5132 48.3170,8.4786 48.3464,8.4464 48.3786,8.4170 48.4132,8.3904 48.4500,8.3670 48.4887,8.3468 48.5290,8.3302 48.5706,8.3170 48.6132,8.3076 48.6564,8.3019 48.7000,8.3000 48.7436,8.3019 48.7868,8.3076 48.8294,8.3170 48.8710,8.3302 48.9113,8.3468 48.9500,8.3670 48.9868,8.3904 49.0214,8.4170 49.0536,8.4464 49.0830,8.4786 49.1096,8.5132 49.1330,8.5500 49.1532,8.5887 49.1698,8.6290 49.1830,8.6706 49.1924,8.7132 49.1981,8.7564 49.2000,8.8000;
  BEGIN_ASSOC
    ADD N5 :F1.000000 :R0 :T12345 'net=N__43' 0.00, 0.00;
  END_ASSOC
ADD P5 :W0.000000  51.0000,8.8000 50.9981,8.8436 50.9924,8.8868 50.9830,8.9294 50.9698,8.9710 50.9532,9.0113 50.9330,9.0500 50.9096,9.0868 50.8830,9.1214 50.8536,9.1536 50.8214,9.1830 50.7868,9.2096 50.7500,9.2330 50.7113,9.2532 50.6710,9.2698 50.6294,9.2830 50.5868,9.2924 50.5436,9.2981 50.5000,9.3000 50.4564,9.2981 50.4132,9.2924 50.3706,9.2830 50.3290,9.2698 50.2887,9.2532 50.2500,9.2330 50.2132,9.2096 50.1786,9.1830 50.1464,9.1536 50.1170,9.1214 50.0904,9.0868 50.0670,9.0500 50.0468,9.0113 50.0302,8.9710 50.0170,8.9294 50.0076,8.8868 50.0019,8.8436 50.0000,8.8000 50.0019,8.7564 50.0076,8.7132 50.0170,8.6706 50.0302,8.6290 50.0468,8.5887 50.0670,8.5500 50.0904,8.5132 50.1170,8.4786 50.1464,8.4464 50.1786,8.4170 50.2132,8.3904 50.2500,8.3670 50.2887,8.3468 50.3290,8.3302 50.3706,8.3170 50.4132,8.3076 50.4564,8.3019 50.5000,8.3000 50.5436,8.3019 50.5868,8.3076 50.6294,8.3170 50.6710,8.3302 50.7113,8.3468 50.7500,8.3670 50.7868,8.3904 50.8214,8.4170 50.8536,8.4464 50.8830,8.4786 50.9096,8.5132 50.9330,8.5500 50.9532,8.5887 50.9698,8.6290 50.9830,8.6706 50.9924,8.7132 50.9981,8.7564 51.0000,8.8000;
  BEGIN_ASSOC
    ADD N5 :F1.000000 :R0 :T12345 'net=N__43' 0.00, 0.00;
  END_ASSOC
ADD P5 :W0.000000  7.7000,4.9000 7.6981,4.9436 7.6924,4.9868 7.6830,5.0294 7.6698,5.0710 7.6532,5.1113 7.6330,5.1500 7.6096,5.1868 7.5830,5.2214 7.5536,5.2536 7.5214,5.2830 7.4868,5.3096 7.4500,5.3330 7.4113,5.3532 7.3710,5.3698 7.3294,5.3830 7.2868,5.3924 7.2436,5.3981 7.2000,5.4000 7.1564,5.3981 7.1132,5.3924 7.0706,5.3830 7.0290,5.3698 6.9887,5.3532 6.9500,5.3330 6.9132,5.3096 6.8786,5.2830 6.8464,5.2536 6.8170,5.2214 6.7904,5.1868 6.7670,5.1500 6.7468,5.1113 6.7302,5.0710 6.7170,5.0294 6.7076,4.9868 6.7019,4.9436 6.7000,4.9000 6.7019,4.8564 6.7076,4.8132 6.7170,4.7706 6.7302,4.7290 6.7468,4.6887 6.7670,4.6500 6.7904,4.6132 6.8170,4.5786 6.8464,4.5464 6.8786,4.5170 6.9132,4.4904 6.9500,4.4670 6.9887,4.4468 7.0290,4.4302 7.0706,4.4170 7.1132,4.4076 7.1564,4.4019 7.2000,4.4000 7.2436,4.4019 7.2868,4.4076 7.3294,4.4170 7.3710,4.4302 7.4113,4.4468 7.4500,4.4670 7.4868,4.4904 7.5214,4.5170 7.5536,4.5464 7.5830,4.5786 7.6096,4.6132 7.6330,4.6500 7.6532,4.6887 7.6698,4.7290 7.6830,4.7706 7.6924,4.8132 7.6981,4.8564 7.7000,4.9000;
  BEGIN_ASSOC
    ADD N5 :F1.000000 :R0 :T12345 'net=N__44' 0.00, 0.00;
  END_ASSOC
ADD P5 :W0.000000  5.9000,5.0000 5.8981,5.0436 5.8924,5.0868 5.8830,5.1294 5.8698,5.1710 5.8532,5.2113 5.8330,5.2500 5.8096,5.2868 5.7830,5.3214 5.7536,5.3536 5.7214,5.3830 5.6868,5.4096 5.6500,5.4330 5.6113,5.4532 5.5710,5.4698 5.5294,5.4830 5.4868,5.4924 5.4436,5.4981 5.4000,5.5000 5.3564,5.4981 5.3132,5.4924 5.2706,5.4830 5.2290,5.4698 5.1887,5.4532 5.1500,5.4330 5.1132,5.4096 5.0786,5.3830 5.0464,5.3536 5.0170,5.3214 4.9904,5.2868 4.9670,5.2500 4.9468,5.2113 4.9302,5.1710 4.9170,5.1294 4.9076,5.0868 4.9019,5.0436 4.9000,5.0000 4.9019,4.9564 4.9076,4.9132 4.9170,4.8706 4.9302,4.8290 4.9468,4.7887 4.9670,4.7500 4.9904,4.7132 5.0170,4.6786 5.0464,4.6464 5.0786,4.6170 5.1132,4.5904 5.1500,4.5670 5.1887,4.5468 5.2290,4.5302 5.2706,4.5170 5.3132,4.5076 5.3564,4.5019 5.4000,4.5000 5.4436,4.5019 5.4868,4.5076 5.5294,4.5170 5.5710,4.5302 5.6113,4.5468 5.6500,4.5670 5.6868,4.5904 5.7214,4.6170 5.7536,4.6464 5.7830,4.6786 5.8096,4.7132 5.8330,4.7500 5.8532,4.7887 5.8698,4.8290 5.8830,4.8706 5.8924,4.9132 5.8981,4.9564 5.9000,5.0000;
  BEGIN_ASSOC
    ADD N5 :F1.000000 :R0 :T12345 'net=N__44' 0.00, 0.00;
  END_ASSOC
ADD P5 :W0.000000  7.7000,3.6000 7.6981,3.6436 7.6924,3.6868 7.6830,3.7294 7.6698,3.7710 7.6532,3.8113 7.6330,3.8500 7.6096,3.8868 7.5830,3.9214 7.5536,3.9536 7.5214,3.9830 7.4868,4.0096 7.4500,4.0330 7.4113,4.0532 7.3710,4.0698 7.3294,4.0830 7.2868,4.0924 7.2436,4.0981 7.2000,4.1000 7.1564,4.0981 7.1132,4.0924 7.0706,4.0830 7.0290,4.0698 6.9887,4.0532 6.9500,4.0330 6.9132,4.0096 6.8786,3.9830 6.8464,3.9536 6.8170,3.9214 6.7904,3.8868 6.7670,3.8500 6.7468,3.8113 6.7302,3.7710 6.7170,3.7294 6.7076,3.6868 6.7019,3.6436 6.7000,3.6000 6.7019,3.5564 6.7076,3.5132 6.7170,3.4706 6.7302,3.4290 6.7468,3.3887 6.7670,3.3500 6.7904,3.3132 6.8170,3.2786 6.8464,3.2464 6.8786,3.2170 6.9132,3.1904 6.9500,3.1670 6.9887,3.1468 7.0290,3.1302 7.0706,3.1170 7.1132,3.1076 7.1564,3.1019 7.2000,3.1000 7.2436,3.1019 7.2868,3.1076 7.3294,3.1170 7.3710,3.1302 7.4113,3.1468 7.4500,3.1670 7.4868,3.1904 7.5214,3.2170 7.5536,3.2464 7.5830,3.2786 7.6096,3.3132 7.6330,3.3500 7.6532,3.3887 7.6698,3.4290 7.6830,3.4706 7.6924,3.5132 7.6981,3.5564 7.7000,3.6000;
  BEGIN_ASSOC
    ADD N5 :F1.000000 :R0 :T12345 'net=N__44' 0.00, 0.00;
  END_ASSOC
ADD P5 :W0.000000  5.9000,3.6000 5.8981,3.6436 5.8924,3.6868 5.8830,3.7294 5.8698,3.7710 5.8532,3.8113 5.8330,3.8500 5.8096,3.8868 5.7830,3.9214 5.7536,3.9536 5.7214,3.9830 5.6868,4.0096 5.6500,4.0330 5.6113,4.0532 5.5710,4.0698 5.5294,4.0830 5.4868,4.0924 5.4436,4.0981 5.4000,4.1000 5.3564,4.0981 5.3132,4.0924 5.2706,4.0830 5.2290,4.0698 5.1887,4.0532 5.1500,4.0330 5.1132,4.0096 5.0786,3.9830 5.0464,3.9536 5.0170,3.9214 4.9904,3.8868 4.9670,3.8500 4.9468,3.8113 4.9302,3.7710 4.9170,3.7294 4.9076,3.6868 4.9019,3.6436 4.9000,3.6000 4.9019,3.5564 4.9076,3.5132 4.9170,3.4706 4.9302,3.4290 4.9468,3.3887 4.9670,3.3500 4.9904,3.3132 5.0170,3.2786 5.0464,3.2464 5.0786,3.2170 5.1132,3.1904 5.1500,3.1670 5.1887,3.1468 5.2290,3.1302 5.2706,3.1170 5.3132,3.1076 5.3564,3.1019 5.4000,3.1000 5.4436,3.1019 5.4868,3.1076 5.5294,3.1170 5.5710,3.1302 5.6113,3.1468 5.6500,3.1670 5.6868,3.1904 5.7214,3.2170 5.7536,3.2464 5.7830,3.2786 5.8096,3.3132 5.8330,3.3500 5.8532,3.3887 5.8698,3.4290 5.8830,3.4706 5.8924,3.5132 5.8981,3.5564 5.9000,3.6000;
  BEGIN_ASSOC
    ADD N5 :F1.000000 :R0 :T12345 'net=N__44' 0.00, 0.00;
  END_ASSOC
ADD P5 :W0.000000  3.7000,3.7000 3.6981,3.7436 3.6924,3.7868 3.6830,3.8294 3.6698,3.8710 3.6532,3.9113 3.6330,3.9500 3.6096,3.9868 3.5830,4.0214 3.5536,4.0536 3.5214,4.0830 3.4868,4.1096 3.4500,4.1330 3.4113,4.1532 3.3710,4.1698 3.3294,4.1830 3.2868,4.1924 3.2436,4.1981 3.2000,4.2000 3.1564,4.1981 3.1132,4.1924 3.0706,4.1830 3.0290,4.1698 2.9887,4.1532 2.9500,4.1330 2.9132,4.1096 2.8786,4.0830 2.8464,4.0536 2.8170,4.0214 2.7904,3.9868 2.7670,3.9500 2.7468,3.9113 2.7302,3.8710 2.7170,3.8294 2.7076,3.7868 2.7019,3.7436 2.7000,3.7000 2.7019,3.6564 2.7076,3.6132 2.7170,3.5706 2.7302,3.5290 2.7468,3.4887 2.7670,3.4500 2.7904,3.4132 2.8170,3.3786 2.8464,3.3464 2.8786,3.3170 2.9132,3.2904 2.9500,3.2670 2.9887,3.2468 3.0290,3.2302 3.0706,3.2170 3.1132,3.2076 3.1564,3.2019 3.2000,3.2000 3.2436,3.2019 3.2868,3.2076 3.3294,3.2170 3.3710,3.2302 3.4113,3.2468 3.4500,3.2670 3.4868,3.2904 3.5214,3.3170 3.5536,3.3464 3.5830,3.3786 3.6096,3.4132 3.6330,3.4500 3.6532,3.4887 3.6698,3.5290 3.6830,3.5706 3.6924,3.6132 3.6981,3.6564 3.7000,3.7000;
  BEGIN_ASSOC
    ADD N5 :F1.000000 :R0 :T12345 'net=N__44' 0.00, 0.00;
  END_ASSOC
ADD P5 :W0.000000  3.7000,5.0000 3.6981,5.0436 3.6924,5.0868 3.6830,5.1294 3.6698,5.1710 3.6532,5.2113 3.6330,5.2500 3.6096,5.2868 3.5830,5.3214 3.5536,5.3536 3.5214,5.3830 3.4868,5.4096 3.4500,5.4330 3.4113,5.4532 3.3710,5.4698 3.3294,5.4830 3.2868,5.4924 3.2436,5.4981 3.2000,5.5000 3.1564,5.4981 3.1132,5.4924 3.0706,5.4830 3.0290,5.4698 2.9887,5.4532 2.9500,5.4330 2.9132,5.4096 2.8786,5.3830 2.8464,5.3536 2.8170,5.3214 2.7904,5.2868 2.7670,5.2500 2.7468,5.2113 2.7302,5.1710 2.7170,5.1294 2.7076,5.0868 2.7019,5.0436 2.7000,5.0000 2.7019,4.9564 2.7076,4.9132 2.7170,4.8706 2.7302,4.8290 2.7468,4.7887 2.7670,4.7500 2.7904,4.7132 2.8170,4.6786 2.8464,4.6464 2.8786,4.6170 2.9132,4.5904 2.9500,4.5670 2.9887,4.5468 3.0290,4.5302 3.0706,4.5170 3.1132,4.5076 3.1564,4.5019 3.2000,4.5000 3.2436,4.5019 3.2868,4.5076 3.3294,4.5170 3.3710,4.5302 3.4113,4.5468 3.4500,4.5670 3.4868,4.5904 3.5214,4.6170 3.5536,4.6464 3.5830,4.6786 3.6096,4.7132 3.6330,4.7500 3.6532,4.7887 3.6698,4.8290 3.6830,4.8706 3.6924,4.9132 3.6981,4.9564 3.7000,5.0000;
  BEGIN_ASSOC
    ADD N5 :F1.000000 :R0 :T12345 'net=N__44' 0.00, 0.00;
  END_ASSOC
SAVE;
