UNITS MIL,10000;
EDIT proj;
ADD P1 :W0.000000  -35.4331,0.0000 -35.4331,-196.8504 35.4331,-196.8504 35.4331,0.0000;
ADD P1 :W0.000000  -35.4331,-409.4488 -35.4331,-196.8504 35.4330,-196.8504 35.4330,-511.8110 0.0000,-511.8110 0.0000,-409.4488;
ADD P1 :W0.000000  -137.7953,-409.4488 -35.4331,-409.4488 -35.4331,-299.2126 -137.7953,-299.2126;
ADD P1 :W0.000000  -413.3859,-401.5748 -137.7953,-401.5748 -137.7953,-307.0866 -413.3859,-307.0866;
ADD P1 :W0.000000  -708.6615,-413.3858 -472.4410,-413.3858 -472.4410,-295.2756 -708.6615,-295.2756;
ADD P1 :W0.000000  35.4330,-511.8110 153.5432,-511.8110 153.5432,-196.8504 35.4330,-196.8504;
ADD P1 :W0.000000  224.4093,-511.8110 389.7636,-511.8110 389.7636,-196.8504 224.4093,-196.8504;
ADD P1 :W0.000000  625.9841,-409.4488 807.0865,-409.4488 807.0865,-299.2126 625.9841,-299.2126;
ADD P1 :W0.000000  807.0865,-421.2598 917.3227,-421.2598 917.3227,-287.4016 807.0865,-287.4016;
ADD P1 :W0.000000  917.3227,-421.2598 917.3227,-287.4016 956.6928,-287.4016 956.6928,-409.4488 937.0077,-409.4488 937.0077,-421.2598;
ADD P1 :W0.000000  917.3227,318.8976 917.3227,-287.4016 956.6927,-287.4016 956.6927,318.8976;
ADD P1 :W0.000000  976.3778,338.5827 976.3779,338.5827 976.3779,377.9527 976.3778,377.9527 971.2308,377.7280 966.1230,377.0555 961.0932,375.9404 956.1798,374.3912 951.4200,372.4197 946.8502,370.0408 942.5052,367.2727 938.4179,364.1364 934.6195,360.6559 931.1390,356.8575 928.0027,352.7702 925.2346,348.4252 922.8557,343.8554 920.8842,339.0956 919.3350,334.1822 918.2199,329.1524 917.5474,324.0446 917.3227,318.8976 917.3227,318.8975 956.6928,318.8975 956.6928,318.8976 956.7677,320.6133 956.9919,322.3159 957.3636,323.9925 957.8800,325.6303 958.5371,327.2168 959.3301,328.7401 960.2528,330.1885 961.2982,331.5509 962.4584,332.8170 963.7245,333.9772 965.0869,335.0226 966.5353,335.9453 968.0586,336.7383 969.6451,337.3954 971.2829,337.9118 972.9595,338.2835 974.6621,338.5077 976.3778,338.5826;
ADD P1 :W0.000000  1275.5904,377.9527 976.3778,377.9527 976.3778,338.5827 1275.5904,338.5827;
ADD P1 :W0.000000  1275.5904,299.2126 1275.5904,417.3228 1322.8345,417.3228 1322.8345,299.2126;
ADD P1 :W0.000000  1322.8345,299.2126 1401.5747,299.2126 1401.5747,417.3228 1322.8345,417.3228;
ADD P1 :W0.000000  1401.5747,299.2126 1401.5747,417.3228 1448.8188,417.3228 1448.8188,299.2126;
ADD P1 :W0.000000  1448.8188,299.2126 1566.9290,299.2126 1566.9290,417.3228 1448.8188,417.3228;
ADD P1 :W0.000000  956.6928,-409.4488 1153.5432,-409.4488 1153.5432,-299.2126 956.6928,-299.2126;
ADD P1 :W0.000000  1153.5432,-299.2126 1153.5432,-409.4488 1350.3936,-409.4488 1350.3936,-307.0866 1251.9684,-307.0866 1251.9684,-299.2126;
ADD P1 :W0.000000  1153.5432,-409.4488 1153.5432,-535.4331 1350.3936,-535.4331 1350.3936,-409.4488;
ADD P1 :W0.000000  1350.3936,-401.5748 1586.6141,-401.5748 1586.6141,-307.0866 1350.3936,-307.0866;
ADD P1 :W0.000000  1586.6141,-307.0866 1586.6141,-401.5748 1775.5905,-401.5748 1775.5905,-307.0866;
ADD P1 :W0.000000  1586.6141,-401.5748 1586.6141,-456.6929 1775.5905,-456.6929 1775.5905,-401.5748;
ADD P1 :W0.000000  1834.6456,-401.5748 1952.7558,-401.5748 1952.7558,-307.0866 1834.6456,-307.0866;
ADD P1 :W0.000000  -35.4331,0.0000 -35.4331,-0.0001 35.4331,-0.0001 35.4331,0.0000 35.0286,9.2646 33.8182,18.4587 31.8110,27.5123 29.0225,36.3565 25.4737,44.9240 21.1917,53.1496 16.2091,60.9707 10.5638,68.3278 4.2988,75.1649 -2.5383,81.4299 -9.8954,87.0752 -17.7165,92.0578 -25.9421,96.3398 -34.5096,99.8886 -43.3538,102.6771 -52.4074,104.6843 -61.6015,105.8947 -70.8661,106.2992 -70.8662,106.2992 -70.8662,35.4331 -70.8661,35.4331 -67.7779,35.2983 -64.7132,34.8948 -61.6953,34.2257 -58.7473,33.2962 -55.8914,32.1133 -53.1496,30.6860 -50.5425,29.0251 -48.0901,27.1433 -45.8111,25.0550 -43.7228,22.7760 -41.8410,20.3236 -40.1801,17.7166 -38.7528,14.9747 -37.5699,12.1188 -36.6404,9.1708 -35.9713,6.1529 -35.5678,3.0882 -35.4330,0.0000;
ADD P1 :W0.000000  -70.8661,106.2992 -267.7165,106.2992 -267.7165,35.4330 -70.8661,35.4330;
ADD P1 :W0.000000  -385.8267,31.4960 -385.8267,110.2362 -338.5826,110.2362 -338.5826,35.4330 -362.2047,35.4330 -362.2047,31.4960;
ADD P1 :W0.000000  -385.8267,110.2362 -503.9369,110.2362 -503.9369,31.4960 -385.8267,31.4960;
ADD P1 :W0.000000  -551.1810,31.4960 -551.1810,110.2362 -503.9369,110.2362 -503.9369,31.4960;
ADD P1 :W0.000000  -551.1810,110.2362 -669.2912,110.2362 -669.2912,31.4960 -551.1810,31.4960;
ADD P1 :W0.000000  1274.8592,495.2663 1493.0190,495.2663 1493.0190,622.5262 1274.8592,622.5262;
  BEGIN_ASSOC
    ADD N1 :F1.000000 :R0 :T12345 'net=N__19' 0.00, 0.00;
  END_ASSOC
ADD P1 :W0.000000  -536.2352,188.9528 -334.6080,188.9528 -334.6080,324.4196 -536.2352,324.4196;
  BEGIN_ASSOC
    ADD N1 :F1.000000 :R0 :T12345 'net=N__43' 0.00, 0.00;
  END_ASSOC
ADD P5 :W0.000000  1333.1865,587.6812 1333.1029,589.5958 1332.8528,591.4958 1332.4380,593.3668 1331.8617,595.1945 1331.1283,596.9650 1330.2434,598.6649 1329.2137,600.2812 1328.0471,601.8016 1326.7524,603.2145 1325.3395,604.5092 1323.8191,605.6758 1322.2028,606.7055 1320.5029,607.5904 1318.7324,608.3238 1316.9047,608.9001 1315.0337,609.3149 1313.1337,609.5650 1311.2191,609.6486 1309.3045,609.5650 1307.4045,609.3149 1305.5335,608.9001 1303.7058,608.3238 1301.9353,607.5904 1300.2354,606.7055 1298.6191,605.6758 1297.0987,604.5092 1295.6858,603.2145 1294.3911,601.8016 1293.2245,600.2812 1292.1948,598.6649 1291.3099,596.9650 1290.5765,595.1945 1290.0002,593.3668 1289.5854,591.4958 1289.3353,589.5958 1289.2517,587.6812 1289.3353,585.7666 1289.5854,583.8666 1290.0002,581.9956 1290.5765,580.1679 1291.3099,578.3974 1292.1948,576.6975 1293.2245,575.0812 1294.3911,573.5608 1295.6858,572.1479 1297.0987,570.8532 1298.6191,569.6866 1300.2354,568.6569 1301.9353,567.7720 1303.7058,567.0386 1305.5335,566.4623 1307.4045,566.0475 1309.3045,565.7974 1311.2191,565.7138 1313.1337,565.7974 1315.0337,566.0475 1316.9047,566.4623 1318.7324,567.0386 1320.5029,567.7720 1322.2028,568.6569 1323.8191,569.6866 1325.3395,570.8532 1326.7524,572.1479 1328.0471,573.5608 1329.2137,575.0812 1330.2434,576.6975 1331.1283,578.3974 1331.8617,580.1679 1332.4380,581.9956 1332.8528,583.8666 1333.1029,585.7666 1333.1865,587.6812;
  BEGIN_ASSOC
    ADD N5 :F1.000000 :R0 :T12345 'net=N__19' 0.00, 0.00;
  END_ASSOC
ADD P5 :W0.000000  1393.7864,586.1662 1393.7028,588.0808 1393.4527,589.9808 1393.0379,591.8518 1392.4616,593.6795 1391.7282,595.4500 1390.8433,597.1499 1389.8136,598.7662 1388.6470,600.2866 1387.3523,601.6995 1385.9394,602.9942 1384.4190,604.1608 1382.8027,605.1905 1381.1028,606.0754 1379.3323,606.8088 1377.5046,607.3851 1375.6336,607.7999 1373.7336,608.0500 1371.8190,608.1336 1369.9044,608.0500 1368.0044,607.7999 1366.1334,607.3851 1364.3057,606.8088 1362.5352,606.0754 1360.8353,605.1905 1359.2190,604.1608 1357.6986,602.9942 1356.2857,601.6995 1354.9910,600.2866 1353.8244,598.7662 1352.7947,597.1499 1351.9098,595.4500 1351.1764,593.6795 1350.6001,591.8518 1350.1853,589.9808 1349.9352,588.0808 1349.8516,586.1662 1349.9352,584.2516 1350.1853,582.3516 1350.6001,580.4806 1351.1764,578.6529 1351.9098,576.8824 1352.7947,575.1825 1353.8244,573.5662 1354.9910,572.0458 1356.2857,570.6329 1357.6986,569.3382 1359.2190,568.1716 1360.8353,567.1419 1362.5352,566.2570 1364.3057,565.5236 1366.1334,564.9473 1368.0044,564.5325 1369.9044,564.2824 1371.8190,564.1988 1373.7336,564.2824 1375.6336,564.5325 1377.5046,564.9473 1379.3323,565.5236 1381.1028,566.2570 1382.8027,567.1419 1384.4190,568.1716 1385.9394,569.3382 1387.3523,570.6329 1388.6470,572.0458 1389.8136,573.5662 1390.8433,575.1825 1391.7282,576.8824 1392.4616,578.6529 1393.0379,580.4806 1393.4527,582.3516 1393.7028,584.2516 1393.7864,586.1662;
  BEGIN_ASSOC
    ADD N5 :F1.000000 :R0 :T12345 'net=N__19' 0.00, 0.00;
  END_ASSOC
ADD P5 :W0.000000  1457.4164,586.1662 1457.3328,588.0808 1457.0827,589.9808 1456.6679,591.8518 1456.0916,593.6795 1455.3582,595.4500 1454.4733,597.1499 1453.4436,598.7662 1452.2770,600.2866 1450.9823,601.6995 1449.5694,602.9942 1448.0490,604.1608 1446.4327,605.1905 1444.7328,606.0754 1442.9623,606.8088 1441.1346,607.3851 1439.2636,607.7999 1437.3636,608.0500 1435.4490,608.1336 1433.5344,608.0500 1431.6344,607.7999 1429.7634,607.3851 1427.9357,606.8088 1426.1652,606.0754 1424.4653,605.1905 1422.8490,604.1608 1421.3286,602.9942 1419.9157,601.6995 1418.6210,600.2866 1417.4544,598.7662 1416.4247,597.1499 1415.5398,595.4500 1414.8064,593.6795 1414.2301,591.8518 1413.8153,589.9808 1413.5652,588.0808 1413.4816,586.1662 1413.5652,584.2516 1413.8153,582.3516 1414.2301,580.4806 1414.8064,578.6529 1415.5398,576.8824 1416.4247,575.1825 1417.4544,573.5662 1418.6210,572.0458 1419.9157,570.6329 1421.3286,569.3382 1422.8490,568.1716 1424.4653,567.1419 1426.1652,566.2570 1427.9357,565.5236 1429.7634,564.9473 1431.6344,564.5325 1433.5344,564.2824 1435.4490,564.1988 1437.3636,564.2824 1439.2636,564.5325 1441.1346,564.9473 1442.9623,565.5236 1444.7328,566.2570 1446.4327,567.1419 1448.0490,568.1716 1449.5694,569.3382 1450.9823,570.6329 1452.2770,572.0458 1453.4436,573.5662 1454.4733,575.1825 1455.3582,576.8824 1456.0916,578.6529 1456.6679,580.4806 1457.0827,582.3516 1457.3328,584.2516 1457.4164,586.1662;
  BEGIN_ASSOC
    ADD N5 :F1.000000 :R0 :T12345 'net=N__19' 0.00, 0.00;
  END_ASSOC
ADD P5 :W0.000000  -484.1600,294.0571 -484.2350,295.7741 -484.4593,297.4780 -484.8313,299.1558 -485.3481,300.7949 -486.0057,302.3827 -486.7993,303.9071 -487.7227,305.3566 -488.7689,306.7200 -489.9300,307.9871 -491.1971,309.1482 -492.5605,310.1944 -494.0100,311.1178 -495.5344,311.9114 -497.1222,312.5690 -498.7613,313.0858 -500.4391,313.4578 -502.1430,313.6821 -503.8600,313.7571 -505.5770,313.6821 -507.2809,313.4578 -508.9587,313.0858 -510.5978,312.5690 -512.1856,311.9114 -513.7100,311.1178 -515.1595,310.1944 -516.5229,309.1482 -517.7900,307.9871 -518.9511,306.7200 -519.9973,305.3566 -520.9207,303.9071 -521.7143,302.3827 -522.3719,300.7949 -522.8887,299.1558 -523.2607,297.4780 -523.4850,295.7741 -523.5600,294.0571 -523.4850,292.3401 -523.2607,290.6362 -522.8887,288.9584 -522.3719,287.3193 -521.7143,285.7315 -520.9207,284.2071 -519.9973,282.7576 -518.9511,281.3942 -517.7900,280.1271 -516.5229,278.9660 -515.1595,277.9198 -513.7100,276.9964 -512.1856,276.2028 -510.5978,275.5452 -508.9587,275.0284 -507.2809,274.6564 -505.5770,274.4321 -503.8600,274.3571 -502.1430,274.4321 -500.4391,274.6564 -498.7613,275.0284 -497.1222,275.5452 -495.5344,276.2028 -494.0100,276.9964 -492.5605,277.9198 -491.1971,278.9660 -489.9300,280.1271 -488.7689,281.3942 -487.7227,282.7576 -486.7993,284.2071 -486.0057,285.7315 -485.3481,287.3193 -484.8313,288.9584 -484.4593,290.6362 -484.2350,292.3401 -484.1600,294.0571;
  BEGIN_ASSOC
    ADD N5 :F1.000000 :R0 :T12345 'net=N__43' 0.00, 0.00;
  END_ASSOC
ADD P5 :W0.000000  -483.7724,230.8171 -483.8474,232.5341 -484.0717,234.2380 -484.4437,235.9158 -484.9605,237.5549 -485.6181,239.1427 -486.4117,240.6671 -487.3351,242.1166 -488.3813,243.4800 -489.5424,244.7471 -490.8095,245.9082 -492.1729,246.9544 -493.6224,247.8778 -495.1468,248.6714 -496.7346,249.3290 -498.3737,249.8458 -500.0515,250.2178 -501.7554,250.4421 -503.4724,250.5171 -505.1894,250.4421 -506.8933,250.2178 -508.5711,249.8458 -510.2102,249.3290 -511.7980,248.6714 -513.3224,247.8778 -514.7719,246.9544 -516.1353,245.9082 -517.4024,244.7471 -518.5635,243.4800 -519.6097,242.1166 -520.5331,240.6671 -521.3267,239.1427 -521.9843,237.5549 -522.5011,235.9158 -522.8731,234.2380 -523.0974,232.5341 -523.1724,230.8171 -523.0974,229.1001 -522.8731,227.3962 -522.5011,225.7184 -521.9843,224.0793 -521.3267,222.4915 -520.5331,220.9671 -519.6097,219.5176 -518.5635,218.1542 -517.4024,216.8871 -516.1353,215.7260 -514.7719,214.6798 -513.3224,213.7564 -511.7980,212.9628 -510.2102,212.3052 -508.5711,211.7884 -506.8933,211.4164 -505.1894,211.1921 -503.4724,211.1171 -501.7554,211.1921 -500.0515,211.4164 -498.3737,211.7884 -496.7346,212.3052 -495.1468,212.9628 -493.6224,213.7564 -492.1729,214.6798 -490.8095,215.7260 -489.5424,216.8871 -488.3813,218.1542 -487.3351,219.5176 -486.4117,220.9671 -485.6181,222.4915 -484.9605,224.0793 -484.4437,225.7184 -484.0717,227.3962 -483.8474,229.1001 -483.7724,230.8171;
  BEGIN_ASSOC
    ADD N5 :F1.000000 :R0 :T12345 'net=N__43' 0.00, 0.00;
  END_ASSOC
ADD P5 :W0.000000  -420.0824,231.2071 -420.1574,232.9241 -420.3817,234.6280 -420.7537,236.3058 -421.2705,237.9449 -421.9281,239.5327 -422.7217,241.0571 -423.6451,242.5066 -424.6913,243.8700 -425.8524,245.1371 -427.1195,246.2982 -428.4829,247.3444 -429.9324,248.2678 -431.4568,249.0614 -433.0446,249.7190 -434.6837,250.2358 -436.3615,250.6078 -438.0654,250.8321 -439.7824,250.9071 -441.4994,250.8321 -443.2033,250.6078 -444.8811,250.2358 -446.5202,249.7190 -448.1080,249.0614 -449.6324,248.2678 -451.0819,247.3444 -452.4453,246.2982 -453.7124,245.1371 -454.8735,243.8700 -455.9197,242.5066 -456.8431,241.0571 -457.6367,239.5327 -458.2943,237.9449 -458.8111,236.3058 -459.1831,234.6280 -459.4074,232.9241 -459.4824,231.2071 -459.4074,229.4901 -459.1831,227.7862 -458.8111,226.1084 -458.2943,224.4693 -457.6367,222.8815 -456.8431,221.3571 -455.9197,219.9076 -454.8735,218.5442 -453.7124,217.2771 -452.4453,216.1160 -451.0819,215.0698 -449.6324,214.1464 -448.1080,213.3528 -446.5202,212.6952 -444.8811,212.1784 -443.2033,211.8064 -441.4994,211.5821 -439.7824,211.5071 -438.0654,211.5821 -436.3615,211.8064 -434.6837,212.1784 -433.0446,212.6952 -431.4568,213.3528 -429.9324,214.1464 -428.4829,215.0698 -427.1195,216.1160 -425.8524,217.2771 -424.6913,218.5442 -423.6451,219.9076 -422.7217,221.3571 -421.9281,222.8815 -421.2705,224.4693 -420.7537,226.1084 -420.3817,227.7862 -420.1574,229.4901 -420.0824,231.2071;
  BEGIN_ASSOC
    ADD N5 :F1.000000 :R0 :T12345 'net=N__43' 0.00, 0.00;
  END_ASSOC
ADD P5 :W0.000000  -420.4700,294.4471 -420.5450,296.1641 -420.7693,297.8680 -421.1413,299.5458 -421.6581,301.1849 -422.3157,302.7727 -423.1093,304.2971 -424.0327,305.7466 -425.0789,307.1100 -426.2400,308.3771 -427.5071,309.5382 -428.8705,310.5844 -430.3200,311.5078 -431.8444,312.3014 -433.4322,312.9590 -435.0713,313.4758 -436.7491,313.8478 -438.4530,314.0721 -440.1700,314.1471 -441.8870,314.0721 -443.5909,313.8478 -445.2687,313.4758 -446.9078,312.9590 -448.4956,312.3014 -450.0200,311.5078 -451.4695,310.5844 -452.8329,309.5382 -454.1000,308.3771 -455.2611,307.1100 -456.3073,305.7466 -457.2307,304.2971 -458.0243,302.7727 -458.6819,301.1849 -459.1987,299.5458 -459.5707,297.8680 -459.7950,296.1641 -459.8700,294.4471 -459.7950,292.7301 -459.5707,291.0262 -459.1987,289.3484 -458.6819,287.7093 -458.0243,286.1215 -457.2307,284.5971 -456.3073,283.1476 -455.2611,281.7842 -454.1000,280.5171 -452.8329,279.3560 -451.4695,278.3098 -450.0200,277.3864 -448.4956,276.5928 -446.9078,275.9352 -445.2687,275.4184 -443.5909,275.0464 -441.8870,274.8221 -440.1700,274.7471 -438.4530,274.8221 -436.7491,275.0464 -435.0713,275.4184 -433.4322,275.9352 -431.8444,276.5928 -430.3200,277.3864 -428.8705,278.3098 -427.5071,279.3560 -426.2400,280.5171 -425.0789,281.7842 -424.0327,283.1476 -423.1093,284.5971 -422.3157,286.1215 -421.6581,287.7093 -421.1413,289.3484 -420.7693,291.0262 -420.5450,292.7301 -420.4700,294.4471;
  BEGIN_ASSOC
    ADD N5 :F1.000000 :R0 :T12345 'net=N__43' 0.00, 0.00;
  END_ASSOC
ADD P5 :W0.000000  -364.2900,295.2071 -364.3650,296.9241 -364.5893,298.6280 -364.9613,300.3058 -365.4781,301.9449 -366.1357,303.5327 -366.9293,305.0571 -367.8527,306.5066 -368.8989,307.8700 -370.0600,309.1371 -371.3271,310.2982 -372.6905,311.3444 -374.1400,312.2678 -375.6644,313.0614 -377.2522,313.7190 -378.8913,314.2358 -380.5691,314.6078 -382.2730,314.8321 -383.9900,314.9071 -385.7070,314.8321 -387.4109,314.6078 -389.0887,314.2358 -390.7278,313.7190 -392.3156,313.0614 -393.8400,312.2678 -395.2895,311.3444 -396.6529,310.2982 -397.9200,309.1371 -399.0811,307.8700 -400.1273,306.5066 -401.0507,305.0571 -401.8443,303.5327 -402.5019,301.9449 -403.0187,300.3058 -403.3907,298.6280 -403.6150,296.9241 -403.6900,295.2071 -403.6150,293.4901 -403.3907,291.7862 -403.0187,290.1084 -402.5019,288.4693 -401.8443,286.8815 -401.0507,285.3571 -400.1273,283.9076 -399.0811,282.5442 -397.9200,281.2771 -396.6529,280.1160 -395.2895,279.0698 -393.8400,278.1464 -392.3156,277.3528 -390.7278,276.6952 -389.0887,276.1784 -387.4109,275.8064 -385.7070,275.5821 -383.9900,275.5071 -382.2730,275.5821 -380.5691,275.8064 -378.8913,276.1784 -377.2522,276.6952 -375.6644,277.3528 -374.1400,278.1464 -372.6905,279.0698 -371.3271,280.1160 -370.0600,281.2771 -368.8989,282.5442 -367.8527,283.9076 -366.9293,285.3571 -366.1357,286.8815 -365.4781,288.4693 -364.9613,290.1084 -364.5893,291.7862 -364.3650,293.4901 -364.2900,295.2071;
  BEGIN_ASSOC
    ADD N5 :F1.000000 :R0 :T12345 'net=N__43' 0.00, 0.00;
  END_ASSOC
ADD P5 :W0.000000  1456.6589,533.8987 1456.5753,535.8133 1456.3252,537.7133 1455.9104,539.5843 1455.3341,541.4120 1454.6007,543.1825 1453.7158,544.8824 1452.6861,546.4987 1451.5195,548.0191 1450.2248,549.4320 1448.8119,550.7267 1447.2915,551.8933 1445.6752,552.9230 1443.9753,553.8079 1442.2048,554.5413 1440.3771,555.1176 1438.5061,555.5324 1436.6061,555.7825 1434.6915,555.8661 1432.7769,555.7825 1430.8769,555.5324 1429.0059,555.1176 1427.1782,554.5413 1425.4077,553.8079 1423.7078,552.9230 1422.0915,551.8933 1420.5711,550.7267 1419.1582,549.4320 1417.8635,548.0191 1416.6969,546.4987 1415.6672,544.8824 1414.7823,543.1825 1414.0489,541.4120 1413.4726,539.5843 1413.0578,537.7133 1412.8077,535.8133 1412.7241,533.8987 1412.8077,531.9841 1413.0578,530.0841 1413.4726,528.2131 1414.0489,526.3854 1414.7823,524.6149 1415.6672,522.9150 1416.6969,521.2987 1417.8635,519.7783 1419.1582,518.3654 1420.5711,517.0707 1422.0915,515.9041 1423.7078,514.8744 1425.4077,513.9895 1427.1782,513.2561 1429.0059,512.6798 1430.8769,512.2650 1432.7769,512.0149 1434.6915,511.9313 1436.6061,512.0149 1438.5061,512.2650 1440.3771,512.6798 1442.2048,513.2561 1443.9753,513.9895 1445.6752,514.8744 1447.2915,515.9041 1448.8119,517.0707 1450.2248,518.3654 1451.5195,519.7783 1452.6861,521.2987 1453.7158,522.9150 1454.6007,524.6149 1455.3341,526.3854 1455.9104,528.2131 1456.3252,530.0841 1456.5753,531.9841 1456.6589,533.8987;
  BEGIN_ASSOC
    ADD N5 :F1.000000 :R0 :T12345 'net=N__19' 0.00, 0.00;
  END_ASSOC
ADD P5 :W0.000000  -363.9024,231.9671 -363.9774,233.6841 -364.2017,235.3880 -364.5737,237.0658 -365.0905,238.7049 -365.7481,240.2927 -366.5417,241.8171 -367.4651,243.2666 -368.5113,244.6300 -369.6724,245.8971 -370.9395,247.0582 -372.3029,248.1044 -373.7524,249.0278 -375.2768,249.8214 -376.8646,250.4790 -378.5037,250.9958 -380.1815,251.3678 -381.8854,251.5921 -383.6024,251.6671 -385.3194,251.5921 -387.0233,251.3678 -388.7011,250.9958 -390.3402,250.4790 -391.9280,249.8214 -393.4524,249.0278 -394.9019,248.1044 -396.2653,247.0582 -397.5324,245.8971 -398.6935,244.6300 -399.7397,243.2666 -400.6631,241.8171 -401.4567,240.2927 -402.1143,238.7049 -402.6311,237.0658 -403.0031,235.3880 -403.2274,233.6841 -403.3024,231.9671 -403.2274,230.2501 -403.0031,228.5462 -402.6311,226.8684 -402.1143,225.2293 -401.4567,223.6415 -400.6631,222.1171 -399.7397,220.6676 -398.6935,219.3042 -397.5324,218.0371 -396.2653,216.8760 -394.9019,215.8298 -393.4524,214.9064 -391.9280,214.1128 -390.3402,213.4552 -388.7011,212.9384 -387.0233,212.5664 -385.3194,212.3421 -383.6024,212.2671 -381.8854,212.3421 -380.1815,212.5664 -378.5037,212.9384 -376.8646,213.4552 -375.2768,214.1128 -373.7524,214.9064 -372.3029,215.8298 -370.9395,216.8760 -369.6724,218.0371 -368.5113,219.3042 -367.4651,220.6676 -366.5417,222.1171 -365.7481,223.6415 -365.0905,225.2293 -364.5737,226.8684 -364.2017,228.5462 -363.9774,230.2501 -363.9024,231.9671;
  BEGIN_ASSOC
    ADD N5 :F1.000000 :R0 :T12345 'net=N__43' 0.00, 0.00;
  END_ASSOC
ADD P5 :W0.000000  1393.7864,534.6562 1393.7028,536.5708 1393.4527,538.4708 1393.0379,540.3418 1392.4616,542.1695 1391.7282,543.9400 1390.8433,545.6399 1389.8136,547.2562 1388.6470,548.7766 1387.3523,550.1895 1385.9394,551.4842 1384.4190,552.6508 1382.8027,553.6805 1381.1028,554.5654 1379.3323,555.2988 1377.5046,555.8751 1375.6336,556.2899 1373.7336,556.5400 1371.8190,556.6236 1369.9044,556.5400 1368.0044,556.2899 1366.1334,555.8751 1364.3057,555.2988 1362.5352,554.5654 1360.8353,553.6805 1359.2190,552.6508 1357.6986,551.4842 1356.2857,550.1895 1354.9910,548.7766 1353.8244,547.2562 1352.7947,545.6399 1351.9098,543.9400 1351.1764,542.1695 1350.6001,540.3418 1350.1853,538.4708 1349.9352,536.5708 1349.8516,534.6562 1349.9352,532.7416 1350.1853,530.8416 1350.6001,528.9706 1351.1764,527.1429 1351.9098,525.3724 1352.7947,523.6725 1353.8244,522.0562 1354.9910,520.5358 1356.2857,519.1229 1357.6986,517.8282 1359.2190,516.6616 1360.8353,515.6319 1362.5352,514.7470 1364.3057,514.0136 1366.1334,513.4373 1368.0044,513.0225 1369.9044,512.7724 1371.8190,512.6888 1373.7336,512.7724 1375.6336,513.0225 1377.5046,513.4373 1379.3323,514.0136 1381.1028,514.7470 1382.8027,515.6319 1384.4190,516.6616 1385.9394,517.8282 1387.3523,519.1229 1388.6470,520.5358 1389.8136,522.0562 1390.8433,523.6725 1391.7282,525.3724 1392.4616,527.1429 1393.0379,528.9706 1393.4527,530.8416 1393.7028,532.7416 1393.7864,534.6562;
  BEGIN_ASSOC
    ADD N5 :F1.000000 :R0 :T12345 'net=N__19' 0.00, 0.00;
  END_ASSOC
ADD P5 :W0.000000  1333.1865,535.4137 1333.1029,537.3283 1332.8528,539.2283 1332.4380,541.0993 1331.8617,542.9270 1331.1283,544.6975 1330.2434,546.3974 1329.2137,548.0137 1328.0471,549.5341 1326.7524,550.9470 1325.3395,552.2417 1323.8191,553.4083 1322.2028,554.4380 1320.5029,555.3229 1318.7324,556.0563 1316.9047,556.6326 1315.0337,557.0474 1313.1337,557.2975 1311.2191,557.3811 1309.3045,557.2975 1307.4045,557.0474 1305.5335,556.6326 1303.7058,556.0563 1301.9353,555.3229 1300.2354,554.4380 1298.6191,553.4083 1297.0987,552.2417 1295.6858,550.9470 1294.3911,549.5341 1293.2245,548.0137 1292.1948,546.3974 1291.3099,544.6975 1290.5765,542.9270 1290.0002,541.0993 1289.5854,539.2283 1289.3353,537.3283 1289.2517,535.4137 1289.3353,533.4991 1289.5854,531.5991 1290.0002,529.7281 1290.5765,527.9004 1291.3099,526.1299 1292.1948,524.4300 1293.2245,522.8137 1294.3911,521.2933 1295.6858,519.8804 1297.0987,518.5857 1298.6191,517.4191 1300.2354,516.3894 1301.9353,515.5045 1303.7058,514.7711 1305.5335,514.1948 1307.4045,513.7800 1309.3045,513.5299 1311.2191,513.4463 1313.1337,513.5299 1315.0337,513.7800 1316.9047,514.1948 1318.7324,514.7711 1320.5029,515.5045 1322.2028,516.3894 1323.8191,517.4191 1325.3395,518.5857 1326.7524,519.8804 1328.0471,521.2933 1329.2137,522.8137 1330.2434,524.4300 1331.1283,526.1299 1331.8617,527.9004 1332.4380,529.7281 1332.8528,531.5991 1333.1029,533.4991 1333.1865,535.4137;
  BEGIN_ASSOC
    ADD N5 :F1.000000 :R0 :T12345 'net=N__19' 0.00, 0.00;
  END_ASSOC
SAVE;
